【DVDエンター！】誘拐犯に育てられた女が目にした真実は、孤独か幸福か 2005年11月から翌2006年7月まで読売新聞にて連載された、直木賞作家・角田光代による初の長編サスペンス『八日目の蝉』。2010年に檀れいと北乃きいの出演によりテレビドラマ化された同作が、2011年4月に永作博美と井上真央の出演によって映画化。そして、劇場公開から半年が過ぎた10月28日、DVD＆ブルーレイとなって発売されました。
そして、劇場公開から半年が過ぎた10月28日、DVD＆ブルーレイとなって発売されました。八日目の蝉 妻子ある男と愛し合い、その子を身ごもりながら、あきらめざるをえなかった女。彼女は同時に、男の妻が子供を産んだことを知る。その赤ん坊を見に行った女は、突発的にその子を連れ去り、逃避行を続けた挙句、小豆島に落ち着き、母と娘として暮らしはじめる。
その赤ん坊を見に行った女は、突発的にその子を連れ去り、逃避行を続けた挙句、小豆島に落ち着き、母と娘として暮らしはじめる。不倫相手の子供を誘拐し、4年間育てた女 永作博美が演じる野々宮希和子は、不倫相手の子を宿しながらも、彼の「いずれ妻と別れるから、それまで待ってくれ」という常套句を信じて、中絶。後遺症により、二度と子供を産めない身体となってしまいます。その後、不倫相手から彼の妻が出産したことを知らされ、別れを決意。最後に諦めをつけるため、彼らの生後6ヶ月の赤ん坊・恵理菜の顔を見た希和子でしたが、自分に笑顔で向けた恵理菜を見て、思わず誘拐。名前を変えて恵理菜を薫と名付けると、人目を避けて各地を転々とし、二人で幸せな時間を過ごしますが、辿り着いた最後の場所・小豆島で4年の逃避行に終止符を打ちます。
名前を変えて恵理菜を薫と名付けると、人目を避けて各地を転々とし、二人で幸せな時間を過ごしますが、辿り着いた最後の場所・小豆島で4年の逃避行に終止符を打ちます。誘拐犯に育てられた女 4歳になって実の両親と再会を果たした後も、世間から言われの無い中傷を受け、本当の両親との関係を築けないまま、21歳の大学生へと成長した恵理菜。過去と向き合うことを避けてきた恵理菜でしたが、劇団ひとりが演じる不倫相手・岸田孝史の子を宿し、ずっと憎み続けてきた希和子と同じ道を歩んでいることに気付いた彼女は、小池栄子が演じるルポライター・安藤千草と共に、4年間の逃亡生活を追憶する旅に出ます。希和子との幸せだった時間に触れながら、最終地・小豆島に辿り着いた恵理菜が見た真実とは？
八日目の蝉は幸せなのだろうか？蝉は俗説として、一生の大半を幼虫として地下で費やし、地上に出て羽化からわずか1週間程度で死ぬと言われています。八日目まで生き残ってしまった蝉が目にしたのは、孤独か、あるいは誰も目にすることのできなかった世界なのでしょうか。
八日目まで生き残ってしまった蝉が目にしたのは、孤独か、あるいは誰も目にすることのできなかった世界なのでしょうか。中絶によって二度と子供を埋めない身体になった希和子が、恵理菜と過ごした4年間の“八日目”は、希和子だけでなく、恵理菜にとっても幸せな時間だったのではないでしょうか。
中絶によって二度と子供を埋めない身体になった希和子が、恵理菜と過ごした4年間の“八日目”は、希和子だけでなく、恵理菜にとっても幸せな時間だったのではないでしょうか。主題歌は、デビュー10年目に突入した2010年10月より、耳管開放症のため音楽活動を休止していた中島美嘉の復帰第一弾（通算33作目）シングル『Dear』。原作に深い感銘を受けた彼女が、本作のために提供した楽曲となっています。
・八日目の蝉 - 作品情報 八日目の蝉 通常版 [DVD]posted with amazlet at 11.10.29アミューズソフトエンタテインメント (2011-10-28) 売り上げランキング: 266 Amazon.co.jp で詳細を見る
・八日目の蝉 - 作品情報 八日目の蝉 通常版 [DVD]posted with amazlet at 11.10.29アミューズソフトエンタテインメント (2011-10-28) 売り上げランキング: 266 Amazon.co.jp で詳細を見る■関連記事 ・井上真央が逃避行？永作、森口、小池も頭を悩ます映画とは
藤原竜也、中学生とともにロケット打ち上げに成功 「アンテナを張りながら生活をしていけばいい」 2月28日、映画『おかえり、はやぶさ』（3月10日より公開）と文部科学省とのタイアップとして、千代田区立神田一橋中学校に通う中学三年生と“宇宙”をテーマにした特別授業を行った。本作で主演を務める藤原竜也がサプライズで登場し、イベントを盛り上げた。
本作で主演を務める藤原竜也がサプライズで登場し、イベントを盛り上げた。イベントの挨拶で奥村展三文部科学副大臣は「みなさんは大きな夢を持っているということで、実現するために、文部科学省も環境を作り応援していますので、チャレンジ精神で頑張ってください。」と参加した生徒たちにエールを送った。
」と参加した生徒たちにエールを送った。今回の特別授業は、2部制で行われた。第1部では、ロケットの中はどうなっているのか、発射した時の音の大きさなど、ロケットの不思議を日本宇宙少年団とJAXA（宇宙航空研究開発機構）が説明。参加した生徒は興味深く授業を受けていた。
参加した生徒は興味深く授業を受けていた。講義の最後に藤原が登場すると、何も知らなかった生徒から大きな歓声が上がり、会場はさらに盛り上がった。
講義の最後に藤原が登場すると、何も知らなかった生徒から大きな歓声が上がり、会場はさらに盛り上がった。第2部では、藤原も参加し、生徒とともにアルコールロケットを発射させた。ロケットと同じ原理で飛ばすことで、さらに理解を深めるというもの。実際の燃料は水素と酸素だが、今回は、水素が危険を伴うためアルコールで代用。発射させたアルコールロケットが見事にくす玉に命中すると、中から“祝！ 卒業「おかえり、はやぶさ」大ヒット祈願”という垂れ幕が登場した。参加した生徒132名との記念撮影も行われ、驚きと歓喜の中、イベントは終了した。
参加した生徒132名との記念撮影も行われ、驚きと歓喜の中、イベントは終了した。藤原から今回のイベントについてコメントも届いている。——『おかえり、はやぶさ』完成しましたね。藤原：素敵な映画ができました。今日集まってくれているのは中学三年生ということで、卒業を控えて大変なこともたくさんあると思います。でも諦めず前に進んでください。
でも諦めず前に進んでください。——久しぶりの学校だと思いますが、いかがですか？藤原：学校ってこんなに寒かったっけ？（笑）でも、そんな寒い中を友達と遊んだ事を思いだし、興奮しています。
（笑）でも、そんな寒い中を友達と遊んだ事を思いだし、興奮しています。——藤原さんは宇宙に興味がありましたか？藤原：かなり興味があります。はやぶさもリアルタイムで見たり調べたりしていましたし、宇宙だけでなく、生物や生命体にも興味がありました。往復7年間、60億キロの宇宙の旅を、はやぶさは帰ってきたんですけど、今回、本作に出演しなければわからなかった、JAXAの人達のすごく大変な苦労を知ることができました。僕も含め普通の人だったらこんな絶望的な出来事は諦めてしまと思いますが、JAXAの人達は、数センチ、数ミリの希望を奇跡的にキャッチすることで帰還させたわけですから、すごいことですよね。
僕も含め普通の人だったらこんな絶望的な出来事は諦めてしまと思いますが、JAXAの人達は、数センチ、数ミリの希望を奇跡的にキャッチすることで帰還させたわけですから、すごいことですよね。——主演された役は夢と希望を持った役でしたが、中学三年生のみなさんと通じるところはありますか？藤原：すごくあると思います。映画の中で「成功とは意欲を失わずに、失敗に次ぐ失敗を繰りかえすことである。」というウィンストン・チャーチルの言葉があるんですが、まさに多くの経験をして失敗をしてもらって、意欲を失わないで次に繋げるということは、通じるところだと思います。
」というウィンストン・チャーチルの言葉があるんですが、まさに多くの経験をして失敗をしてもらって、意欲を失わないで次に繋げるということは、通じるところだと思います。——藤原さんの中学三年生の時の夢は何でしたか？藤原：僕はずっとサッカーしかしていませんでした。勉強もろくにやらなくて、学校へは給食を食べに行っているだけでした（笑）。サッカー選手になりたかったんですが、ある時に演劇の世界に入ることになり、気が付いたら演劇の世界に引っ張られていました。みなさんもどこでどんな道が待っているかわからないので、アンテナを張りながら生活をしていけばいいと思います。あとは、自分を変えたりするのは人との出会いだと思うので、たくさんの人と出会って、たくさん恋愛もして（笑）。楽に楽しく過ごすことが大事ですよね。
——日本の宇宙開発プロジェクトに今後期待することは？藤原：日本の開発技術はアジアで1位でなくてはいけないという大変な状況の中で、多くの国民に希望を与えてくれたはやぶさですから、はやぶさ2号機に関しても、もっともっと国民一人一人が応援していければ、活気がでるんじゃないかなと思います。
藤原：日本の開発技術はアジアで1位でなくてはいけないという大変な状況の中で、多くの国民に希望を与えてくれたはやぶさですから、はやぶさ2号機に関しても、もっともっと国民一人一人が応援していければ、活気がでるんじゃないかなと思います。——最後に一言お願いします。藤原：JAXAの奇跡の物語を実感できますし、もう一つのテーマの、家族や仲間の絆というところもありますので、たくさんのみなさんに観てもらって、もっと宇宙へ興味を持ってもらいたいです。そして夢へ向かって少し光を射してくれるような映画になっていればいいなと思っています。
そして夢へ向かって少し光を射してくれるような映画になっていればいいなと思っています。本作は、JAXAの協力のもと、2011年6月13日に約60億キロの飛行の末、地球へと帰還した小惑星探査機“はやぶさ”にまつわるさまざまなエピソードを3D映画化したもの。出演には、藤原を始め、杏、三浦友和、まえだまえだの前田旺志郎など各年代のキャストが勢揃いし、はやぶさと人々
出演には、藤原を始め、杏、三浦友和、まえだまえだの前田旺志郎など各年代のキャストが勢揃いし、はやぶさと人々の冒険の旅を描く。
の冒険の旅を描く。映画『おかえり、はやぶさ』は、3月10日(土)より3D&2D同時公開。
映画『おかえり、はやぶさ』は、3月10日(土)より3D&2D同時公開。・映画『おかえり、はやぶさ』 - 作品情報【関連記事】・藤原竜也、杏ら日本の俳優のスケールでは宇宙に行けない・「はやぶさ」のグルメ登場！うな重にカレーにケーキまで
『戦火の馬』ロイヤル・プレミアにウィリアム王子＆キャサリン妃が出席 3月2日より全国ロードショーとなる、スティーブン・スピルバーグの待望の監督最新作『戦火の馬』。早くもアカデミー賞最有力候補として大きな注目を集めている同作のロンドン ロイヤル・プレミアが、現地時間8日（日本時間9日未明）に行われた。
早くもアカデミー賞最有力候補として大きな注目を集めている同作のロンドン ロイヤル・プレミアが、現地時間8日（日本時間9日未明）に行われた。本プレミアは、英国王室ウィリアム王子とハリー王子が運営する慈善団体のチャリティイベントとして開催され、会場には昨年4月にロイヤル・ウェディングを挙げたウィリアム王子とキャサリン妃も出席。結婚後、初の映画プレミア公式出席に会場のレスタースクエアは、ファンの大歓声に包まれた。
結婚後、初の映画プレミア公式出席に会場のレスタースクエアは、ファンの大歓声に包まれた。『戦火の馬』は、第一次大戦を舞台に、悲劇に見舞われながらも希望を信じて生き抜く人間たちの姿を、ジョーイという一頭の美しい馬との出会いと別れを通して描く感動作。原作は、100作を超える名作を世に送り出し英国王室から叙勲もされているマイケル・モーパーゴが、1982年に発表した同名小説。25年後の2007年、舞台劇としてロンドンのロイヤル・シアターにて上演されるや「希望」と「絆」をテーマにした感動の物語が人気を博し数々の演劇賞に輝いた。評判を聞きつけたエリザベス女王もエジンバラ公と共に何度かお忍びで劇場を訪れている。女王をも感動させたこの物語が、誕生から30年もの年月を経てスピルバーグ監督の手によって映画として生まれ変わった。
女王をも感動させたこの物語が、誕生から30年もの年月を経てスピルバーグ監督の手によって映画として生まれ変わった。今年のオスカーレースでトップをひた走る話題作とあって、欧州メディアを中心に約300人ものマスコミが集まり、沿道は500名を超えるファンで埋め尽くされた。午後5時頃、スピルバーグ監督、ジェレミー・アーヴァイン、トム・ヒドルストン、ベネディクト・カンバーバッチそして馬のジョーイらがレッドカーペットに登場。続いてウィリアム王子とキャサリン妃がレスタースクエアに到着。折からの小雨を避けるように、王子がキャサリン妃に傘をさしかけ、一つの傘でゆっくりとレッドカーペットを歩いた。明けて9日が30歳の誕生日を迎えるキャサリン妃はアリス・バイ・テンパリーの黒のドレスで登場。2人は会場のオデオン劇場（1600名収容）ではスピルバーグ監督らスタッフ＆キャストと丁寧に言葉を交わしていた。
2人は会場のオデオン劇場（1600名収容）ではスピルバーグ監督らスタッフ＆キャストと丁寧に言葉を交わしていた。30年もの間、文学、演劇、映画と、時と共に形を変え人々から愛されてきた「希望」と「絆」の物語は、舞台を観賞されたエリザベス女王から、新しいイギリス王室の象徴と言われるウィリアム王子とキャサリン妃に受け継がれた形となった。エリザベス女王が列席してのロイヤル・プレミアの経験があるスピルバーグ監督にとって久々のロイヤル・プレミアとなるが、「とても名誉なことだ」と感 慨もひとしおだった。
エリザベス女王が列席してのロイヤル・プレミアの経験があるスピルバーグ監督にとって久々のロイヤル・プレミアとなるが、「とても名誉なことだ」と感 慨もひとしおだった。スティーブン・スピルバーグ コメント エリザベス女王とチャールズ皇太子、故・ダイアナ妃夫妻を迎えたロイヤル・プレミアに出席した経験はあるけれど、ケンブリッジ公爵夫妻にお会いするのは初めてなんだ。英国王室の新世代を象徴する2人が今日こうしてプレミアに来てくれて、すごく嬉しく思っている。
英国王室の新世代を象徴する2人が今日こうしてプレミアに来てくれて、すごく嬉しく思っている。この映画は『プライベート・ライアン』やＴＶシリーズ「バンド・オブ・ブラザーズ」のような、いわゆる“戦争モノ”ではなく、“絆”というテーマを中心に、動物が人々を結びつけ、人間の善の部分を引き出す存在になり得る、ということを描いている。戦争映画ではあまり描かれることのない、そういった叙情的テーマを描いたつもりだ。
戦争映画ではあまり描かれることのない、そういった叙情的テーマを描いたつもりだ。キャスリーン・ケネディ（製作） コメント その昔、スティーヴンと一緒にチャールズ皇太子とダイアナ妃を迎えて何度かロイヤル・プレミアを行った経験があるけれど、そのご子息とこうしてまたプレミアでお会いできて、感無量の気分よ。この映画は、とても特別で、素晴らしいな体験だったわ。たくさんの美しい馬たちに囲まれた撮影も含め、この作品に携わったすべての人にとって思い出深い体験になった映画だと思う。人間と動物の間に生まれる“絆”、そして“希望”という今の日本の人たちにとって意味深いテーマを描いたこの作品は、日本の観客の皆さんにもきっと気に入ってもらえると思います。
人間と動物の間に生まれる“絆”、そして“希望”という今の日本の人たちにとって意味深いテーマを描いたこの作品は、日本の観客の皆さんにもきっと気に入ってもらえると思います。ジェレミー・アーヴァイン コメント すごく光栄だよ。僕の姿を王室の方たちにスクリーンで観てもらえるだなんて、信じられない気分だ。本当にエキサイティングだね。イギリスの普遍的な文化の一部として多くの国民に愛されるこの物語の映画化に参加できたのは、とても光栄なことだと思っている。迫力満点の戦闘シーンはとても好きだけど、一番好きなシーンと言われても、どれか一つは選べない。どのシーンをとっても素晴らしいからね。
どのシーンをとっても素晴らしいからね。トム・ヒドルストン コメント この映画に参加できたことも、ロイヤル・プレミアに来られたことも、すごく嬉しく思っている。ケンブリッジ公爵夫妻がこの映画を気に入って応援してくれて
ケンブリッジ公爵夫妻がこの映画を気に入って応援してくれているのは本当に光栄なことだね。この映画は思いやりの大切さを教えてくれる素晴らしい作品だし、観客もきっと気に入ってくれると思う。残酷な戦争に巻き込まれながらも果敢に行きぬくジョーイという奇跡の馬は、敵味方関係なく出会ったすべての人々に勇気と優しさを運んでくれる。人に優しくあれ、という素晴らしいメッセージをもった作品だ。日本の皆さん、この映画を是非楽しんで下さい。
震災で苦しむ皆さんに、心からの愛を贈ります。
『戦火の馬』ストーリー 第一次大戦前夜のイギリスの農村──貧しい農家にひきとられた一頭の美しい馬は、ジョーイと名付けられ、この家の息子アルバートとかけがえのない絆で結ばれる。だが、開戦によってジョーイはアルバートから引き離され、英国軍の軍馬として最前線に送られてしまう。死と隣り合せの過酷な日々の始まりは、ジョーイの驚くべき旅の始まりであり、彼がやがてめぐりあう戦時下の人間たちの、切なくも美しいドラマの始まりだった…。
死と隣り合せの過酷な日々の始まりは、ジョーイの驚くべき旅の始まりであり、彼がやがてめぐりあう戦時下の人間たちの、切なくも美しいドラマの始まりだった…。・戦火の馬 - 公式サイト
香里奈、女子高生100人のガチンコ質問に回答「ラーメンも食べる」 女優の香里奈が18日、都内で行われた映画『ガール』（5月26日公開）の女子高生限定試写会にサプライズで出席し、約100人の女子高生からのガチンコ質問に答えた。・映画『ガール』特集 − ナノケアが当たるキャンペーン実施中 作品の上映終了後、スペシャルゲストの登場がアナウンスされると、会場後方の扉から主演の香里奈が登場。サプライズの演出に「キャー！」「カワイイ！」「ヤバイ！」と悲鳴に近い歓声が上がった。
」と悲鳴に近い歓声が上がった。香里奈の女子高生時代はアムラー 香里奈は「向井（理）君じゃなくてごめんね」と自虐ネタで笑いを誘うと、現役の女子高生を目の前に「自分も（女子高生に）戻りたいなと思います。まだまだ同じだと思っていたんですけど、やっぱり違いますね」としみじみ語った。
まだまだ同じだと思っていたんですけど、やっぱり違いますね」としみじみ語った。学生時代は、「安室奈美恵さんがすごく好きで、厚底のブーツを履いたり、メッシュを入れたりしていました」と“アムラー”だった過去を明かし、「当時はルーズソックスを履いていた。今はルーズは履かないの？」と今の女子高生事情に興味津々の様子だった。
」と今の女子高生事情に興味津々の様子だった。会場から、「どうしたら、そんなにキレイになれますか？」と質問されると、「そういう風に思ってもらわなきゃいけない職業なので、頑張ってます。中高生の時は、メイクをしたまま寝てたりしていた。それでも肌が若いから、どうにかなっていた。でも、この年齢になると絶対ダメ。あとは、水とかお茶を飲んだり、マッサージに行ったり、お風呂上りにストレッチしたりしています」と美の秘訣を伝授した。
あとは、水とかお茶を飲んだり、マッサージに行ったり、お風呂上りにストレッチしたりしています」と美の秘訣を伝授した。炭水化物大好き、ラーメンも食べるさらに「どうしてそんなに細いんですか？夜にラーメンとか食べますか？」という質問には、「食べる、食べる。人並みに太るし、怒られるし。炭水化物が大好きなので、夜の炭水化物は控えたりしています。大人だから、お酒も飲む。炭水化物とお酒はダメなわけ。だけど、少なくはしています。まだ飲んじゃダメだからね」と“先輩”として注意を促した。
まだ飲んじゃダメだからね」と“先輩”として注意を促した。最後に、女子高生に囲まれながら写真撮影。握手を交わし、「10代に経験して、今に生きていることがたくさんあるので、怖がらないで挑戦してみて、ダメだと思ったら、また次の道を選べばいいと思う。どんどん新しいことや夢を追いかけて欲しいなと思います」とアドバイスを送った。
どんどん新しいことや夢を追いかけて欲しいなと思います」とアドバイスを送った。映画『ガール』は、5月26日（土）から全国ロードショー。
映画『ガール』は、5月26日（土）から全国ロードショー。■関連リンク ・映画『ガール』公式サイト ・映画『ガール』特集
ユージの前に立ちはだかったJOY「僕はAKBの高橋みなみを守る」5日、東京・千代田区の内幸町ホールにて、映画『キャプテン・アメリカ/ザ・ファースト・アベンジャー』の公開を記念して、宿命のライバル対決イベントが行われた。先日行われた“スーパーソルジャー計画”イベントにて、上島竜兵から生まれ変わって誕生した和製キャプテン・アメリカのユージは、世界最初のヒーローとして、日本各地を飛び回りPR活動に獅子奮迅の活躍をしていた。＜変身の時の様子はこちら＞・上島竜兵が「出川には負けない！」と極秘実験でイケメンマッチョに変身今回のイベントもバイクに乗って、さっそうと登場。キャプテン・アメリカを応援する“キャプアメ・ガールズ”を引き連れての華やかなイベントになるはずだった。しかし、その姿に、妬ましげな視線を送る影があった。この日は、キャプテン・アメリカと共にPRをする仲間が新たに誕生するはずだったが、壇上に現れたのは、最大のライバルであり、悪の権化であるレッド・スカルだった。驚く和製キャプテンアメリカ・ユージを前にして、レッド・スカルはマスクをはがして正体を現す。なんと、その正体はモデルのJOYだった。
なんと、その正体はモデルのJOYだった。ユージとJOYは、容姿や芸風の類似から、よく比較される。JOYがレギュラーだった『ヒルナンデス!』を体調不良で休養していた際には、代役でユージが出演していた。まさに最大のライバルである。
まさに最大のライバルである。しかし、キャプテン・アメリカとレッド・スカルと異なることは、二人ともプライベートでも仲良しなこと。突然のJOYの登場に、ユージが驚いてセリフを忘れてしまうハプニングもあったが、その後、なごやかなトークが続いた。
突然のJOYの登場に、ユージが驚いてセリフを忘れてしまうハプニングもあったが、その後、なごやかなトークが続いた。——今回のイベントは、バイクに乗って登場しましたが、格好良い登場でしたね。ユージ：バイクに乗るのもキャプテン・アメリカとしての仕事ですからね。とても気持ちよかったです。キャプアメ・ガールズが一緒にいてくれたのもテンションが上がりました。
キャプアメ・ガールズが一緒にいてくれたのもテンションが上がりました。——全国をまわった宣伝活動はいかがでしたか？ユージ：日本全国何処に行っても温かく迎えてもらいました。小さい子どもが僕を見て目をキラキラさせていて自分の子ども時代を思い出しヒーローとしての自覚が高まりました。
小さい子どもが僕を見て目をキラキラさせていて自分の子ども時代を思い出しヒーローとしての自覚が高まりました。——クリス・エヴァンスからのビデオメッセージを今回いただきましたが、それを見ていかがでしたか？ユージ：めちゃくちゃ嬉しいです。本物のキャプテン・アメリカじゃないですか!
本物のキャプテン・アメリカじゃないですか!——JOYさんの登場は知らされてなかったんですか？ユージ：本当に知らなかった。今朝もマネージャーに確認したんですけど「格闘家が来る」と言われていたので（笑）。リハでは完璧だったセリフ飛んじゃいましたよ。でもマスクをしててもあの独特の声と骨格と動きですぐにJOYだって解りました（笑）JOY：僕は気付いてないと思っていたので『なんで動揺してんだよ。』と思ってました。
』と思ってました。——お二人はキャラが被ってるとよく言われていますがいかがですか？ユージ：実際は全然似てないんですよ。性格なんて正反対ですよ。JOY：TVでは僕がちゃらいキャラですが実際はユージの方がちゃらいんですよ（笑）ユージ：嘘付け！（笑）
（笑）——良いライバル関係にあるといった所ですかね？ユージ：ライバルというよりは戦友ですね。JOYが入院したときは始めちょっと嬉しい気持ちもありましたけど1週間くらいすると戦う相手がいないので自分を見失いそうになってました（笑）JOY：んじゃ、キャプテン・アメリカとレッド・スカルみたいな関係？ユージ：いやそれは違うかな（笑）JOY：僕も休んでる間、ユージ頑張ってるなーと思って観てましたよ。そしてよく友達に「復帰したんだね」と間違われてました（笑）
そしてよく友達に「復帰したんだね」と間違われてました（笑）最後に、キャプテン・アメリカの人物像について質問を受けたユージは、「キャプテン・アメリカは本当のヒーローですよね。特殊能力もないし、生身の身体だけで戦う。そしてただ攻めるのではなく守る戦いをする。このみんなの為に何かができる、みんなを守れるのがやっぱり真のキャプテンですよね。」と、さすがは“和製キャプテン・アメリカ”と言うべきコメントをしてくれた。
」と、さすがは“和製キャプテン・アメリカ”と言うべきコメントをしてくれた。しかし、そこに、JOYが「僕もAKBの高橋みなみちゃんのような女性を守りたいです（笑）」と被せたので、会場の雰囲気は一気に笑いへと変わってしまった。
しかし、そこに、JOYが「僕もAKBの高橋みなみちゃんのような女性を守りたいです（笑）」と被せたので、会場の雰囲気は一気に笑いへと変わってしまった。ライバルであり友でもあるユージとJOYのコンビネーションは、ある意味、絶妙だった。
ライバルであり友でもあるユージとJOYのコンビネーションは、ある意味、絶妙だった。キャプテン・アメリカとレッド・スカルの戦いは、この二人の様になごやかではなく、壮絶なものとなる。驚きの結末が待っているので、その瞬間を劇場で確認して欲しい。
驚きの結末が待っているので、その瞬間を劇場で確認して欲しい。『キャプテン・アメリカ/ザ・ファースト・アベンジャー』は、10月14日(金)より丸の内ルーブルほか全国超拡大3Dロードショ−となる。・『キャプテン・アメリカ/ザ・ファー
・『キャプテン・アメリカ/ザ・ファースト・アベンジャー』 - オフィシャルサイト ・「MOVIE ENTER × キャプテン・アメリカ」特集【関連記事】 ・歴代アメコミ・ヒーローを徹底比較！ 原点ヒーロー“キャプテン・アメリカ”の実力を測る・アメリカ人の強烈な愛国心、ロサンゼルスにマーベル・ヒーローたちが大集結！・上島竜兵が「出川には負けない！」と極秘実験でイケメンマッチョに変身・スーパーヒーローが派手なコスチュームを着用する意外な理由
インタビュ—：マット・ボマー（ニール・キャフリー役） ——この番組の見所は何だと思いますか？マット・ボマー：この番組の魅力は、究極的には、すごく型にはまったFBIエージェントと向こう見ずな詐欺師という、普通ではあり得ない人間関係について描かれているところだと思うんだ。そしてそんな彼らの関係性がどのように変わっていくのかということとか、敵対者でありながら、究極的にはお互いをいかに尊敬し合っているのかということ。そのふたりの関係性の間にあるエネルギーが、物事を常に新鮮で興味深いものにしていることが番組の魅力になっていると思うんだよね。
そのふたりの関係性の間にあるエネルギーが、物事を常に新鮮で興味深いものにしていることが番組の魅力になっていると思うんだよね。——ニールのキャラクターは非常に愛すべき役柄ですが、彼を演じるにあたってどのように役作りしているのですか？「泥棒成金」のヒーロー像が頭の中にあったのでしょうか？
「泥棒成金」のヒーロー像が頭の中にあったのでしょうか？マット・ボマー：クリエイーターのジェフ・イ—スティンと始めの頃に、情報源となる資料を読み、役柄の参考となるものについてはよく話し合いをしたんだよね。『泥棒成金』（55年）のケイリー・グラントから、『スティング』（73年）のポール・ニューマンから、それに、「フェリスはある朝突然に」（86年）ですらね。彼は大きな子供みたいなところがあって、完全には大人になりきっていないし、衝動的な行動をする。自分自身に正直であるところがあるからね。それから誰がいたかなあ。そうそう、『キャッチー・ミー・イフ・ユー・キャン』（2002年）のフランク・W・アバグネル・Jr.とかね。
そうそう、『キャッチー・ミー・イフ・ユー・キャン』（2002年）のフランク・W・アバグネル・Jr.とかね。——彼らのファッションも頭の中にあったのですか？マット・ボマー：ファッションについては本当にJeff のアイディアから始まって、それを、ふたりで微調整したんだよね。だけど、ラット・パック（1950年代ハンフリー・ボガード、フランク・シナトラ、サミー・デイヴィス・Jr.などの俳優仲間の総称）をすごく意識したものであることだけは確かなんだ。彼が何者で、どんな人間を信じるのかとか、信条とか、人生観とかに大きく影響したからね。それで、彼はきっとそういう色々なアイコニックな人々から、ニールのアイデンティティを創り上げたんだよね。フランク（・シナトラ）とか、ディーン（・マーティン）とかね。だから、彼の人間像は、60年代のそういう人々に大きく影響されていると思う。それから、テーパード・スーツとか、すごく身体にフィットしたスーツとかね。ポケット・チーフとか、アクセサリーとか。パーソナルなスタイルのセンスみたいなものもね。
——あなたはこの番組を成功させて、あなたが主役なわけですから、あなたがこの番組のすべてであると言っていいと思うのですが、ご自身ではそれをどう受け止めていますか？責任感のようなものは感じますか？または成功してしまったので、プレッシャーを感じますか？
または成功してしまったので、プレッシャーを感じますか？マット・ボマー：こんなこと言うとわざとらしいと思うんだけど、でも、僕はいつもこの番組は、アンサンブルでできていると思っているんだ。だから、そのうちのひとつでも間違った場所にあれば、大きなパズルは完成しないと思っている。だけど、自分が唯一プレッシャーに感じるのは、というか、もちろん、常にプレッシャーの増大は感じるわけだけど、でも、それはこの仕事をやっている上では当然のことなわけだし、それに僕は幸運にも素晴らしい脚本家と共演者に恵まれているおかげで、僕自身も向上できるんだ。だから、僕も、みんなにとってそういう存在でありたいと思っている。それにプレッシャー以上に番組の制作は最高だし、楽しいからね（笑）。
それにプレッシャー以上に番組の制作は最高だし、楽しいからね（笑）。——あなたの役は、二枚目のエージェントという設定ですが、何歳の時に、自分自身でルックスがいいことを気付きましたか？そして人にそう言われた時どう思いましたか？マット・ボマー：いや未だに待っているところなんだよね……いやそれをかっこいいと言われることを待っているわけではないんだけど。僕には兄がいて、歳上の兄弟がいると、そのやくわりは弟を、カッコいいとか良いとか思わせないようにするものなんだよね。だからニール・キャフリーというキャラクターに皆が惹かれるのはとてもうれしいね。
だからニール・キャフリーというキャラクターに皆が惹かれるのはとてもうれしいね。——それでも私たちはあなたを二枚目だと思っているのですが。
——それでも私たちはあなたを二枚目だと思っているのですが。マット・ボマー：ありがとう。
マット・ボマー：ありがとう。——それはあなたが役をもらうに当たり有利だったり、それとは逆に、重荷だったと思うことはありますか？
——それはあなたが役をもらうに当たり有利だったり、それとは逆に、重荷だったと思うことはありますか？マット・ボマー：（笑）うーーんとそうだなあ。これをどうやって答えるか考えてみるね。えっと、もちろん場合によってはそのせいで役から外されるようなこともあると思うし、人が捜しているものと違っていたりすることがあるからね。もちろん、そのおかげで助けられたことだって絶対にあると思うんだ。そもそも、俳優という職業というのは、自分ではまったくコントロールできないことのほうがほとんどだからね。しか
しかも、すごく主観的に物事が決まっていくし、自分ではどうすることもできない。自分にできることは、作品に出演して、自分が演じているキャラクターをいかに作り上げるのか考えることに神経を注ぐこと。そして、それを人が気に入ってくれればいいなあと願うことくらいしかできなからね。それ以外のことは、本当に運命でしかないと思うんだよね（笑）。
それ以外のことは、本当に運命でしかないと思うんだよね（笑）。——それでシーズン3はまだ日本では観られないのですが、シーズン3では、ニール・キャフリーとサラ・エリスの関係性は発展していくのでしょうか？マット・ボマー：僕は彼らの関係性がすごく好きなんだよね。というのも、すごく大人の関係だと思うからね。彼らは、どんな世界からお互いやってきたのかということを、お互い理解し合っているし。それに詐欺師の世界というのは、すごく、移り変わりが早いくて、しかも自由だ。だから、そこには親密な関係性みたいなものは存在しないんだ。一か八かの世界だし、すごく情熱があるし、そのストレスから開放されたら、次に移動する（笑）。って今の卑猥に聴こえてたごめん（笑）。でも、彼ら本当に大人の関係性を持っていると思うんだよね。彼は彼女をすごく尊敬しているし、理解している。それ以前にもちろん彼女をすごく美しいと思っているしね。それに、ヒラリーは実際本当に美しいしね。それから彼は彼女の知性を尊敬しているし、本当に自立した女性なんだ。彼女は、彼から必要としているものなんて何もないんだよね。それを彼はすごく魅力的だと思っているし、だから彼らの関係性はもちろんこれからも絶対に発展していくと思うんだ。そして、もっと親密なものになっていくと思うよ。でも、彼はそれを恐れてもいると思うんだ。というのも、ニールは、親密な人間関係を苦手としているからね。とりわけ、ケイトが最近亡くなったことを考えるとね。
とりわけ、ケイトが最近亡くなったことを考えるとね。——ティム・ディケイとはいつ上手くやっていけると気付いたのですか？そのきっかけのエピソード等はありますか？マット・ボマー：僕にとってティム・ディケイと仕事することは、子供の頃みたいに、思い切り遊びたいだけ遊ぶような感じなんだよね。遊びを止めたくなくて、お母さんが夕ご飯だから家に帰って来なさいと5回呼んでも、聞かないのに似ているというかね。ティム・ディケイとの共演ってそういう感じなんだ。初めて共演した時、ふたりの間にすごく強烈なエネルギーがあったんだ。お互いを理解し合っているという風に思えたし、ユーモアのセンスも似ていたしね。それに一緒に過ごす時間も長いし、その間お互いを笑わせてばかりいるんだ。とりわけ、重苦しいシーンを撮影しなくてはいけなくなったりするとね。だから会った初日から、いや会った瞬間から、彼と一緒の時間はいつも最高なんだ。最初に台本読みをした瞬間からね。
最初に台本読みをした瞬間からね。——それでは最後の質問ですが、何かのためだったら、ニールのように自分を犠牲にすることはできますか？マット・ボマー：できるよ。自分を犠牲にしてもよいと思える人は僕の人生にはたくさんいるし、自分を犠牲にしてもよいと思えるものもすごくたくさんあるからね。だから、自分を犠牲にすることはまったく構わないんだけど、でも、アンクル・ブレスレットだけは嫌だね（笑）。それだとあまりに縛られすぎだからね（笑）。
それだとあまりに縛られすぎだからね（笑）。・『ホワイトカラー “知的”犯罪ファイル』特集ページ - MOVIE ENTER
インタビュー：藤原竜也＆杏「子供って本当にストレートなものを持っている」 約60億キロの飛行の末、地球へと帰還した小惑星探査機「はやぶさ」の偉業を基につくられた映画『おかえり、はやぶさ』。父への葛藤をかかえたJAXAエンジニア助手・大橋建人を藤原竜也が、まっすぐに宇宙への憧れを追い求める理学博士・野村奈緒子を杏が好演する。二人は、本作にどのように向かい合ったのか。前田旺志郎ら共演者の印象なども含め聞いてみた。
前田旺志郎ら共演者の印象なども含め聞いてみた。——お二人が、本作の台本を最初に読まれた時の感想を教えて下さい。藤原竜也（以下、藤原）：僕は、はやぶさのことも宇宙空間そのものも非常に興味がありました。すごく小さい頃から好きだったんですね。純粋に面白いなと思ったし、日本が成し遂げた素晴らしいことを世の中の多くの人達に知ってもらうために、非常に良い企画だと思いました。杏：私は、はやぶさ帰還のニュースを当時見ていたのですが、まさかちょうど1年後に映画化されて撮影に参加させていただけるとは思っていませんでしたので、すごく嬉しかったです。藤原：杏ちゃんもそうだし、三浦さんも旺志郎も初めて共演させてもらう人たちが多かったので、面白くなるんじゃないかなと興味はありましたね。
藤原：杏ちゃんもそうだし、三浦さんも旺志郎も初めて共演させてもらう人たちが多かったので、面白くなるんじゃないかなと興味はありましたね。——藤原さんは宇宙に元々興味があったようですので、はやぶさが帰ってきた時にリアルタイムでご覧になって「すごいな」と実感したのでは？藤原：そうですね。やっぱり、多くの方があきらめかけた時期もあったと思うんですけれども、一つ大きな希望を日本に運んできてくれたと思いました。
やっぱり、多くの方があきらめかけた時期もあったと思うんですけれども、一つ大きな希望を日本に運んできてくれたと思いました。——杏さんは、はやぶさについて興味はありましたか？杏：元々、宇宙にはすごく興味がありました。この映画に出演するにあたって、いろいろ資料を見て、改めて大きなドラマや奇跡があったのだと知りました。藤原：本には描かれていない「こういう大変な苦労があったのか」「ここまでの思いでみんなが待機しているのか」ということを撮影に入ってから発見したこともあったよね。
1 2 3 4BeeTV『モテキ』が500万DL突破！久保ミツロウ書き下ろし特製待受をプレゼント 久保ミツロウの原作により、2008年11月から2010年4月に掛けて講談社「イブニング」で連載された人気漫画『モテキ』。コミックは累計200万部を突破する中、今年7月からはケータイ専用放送局「BeeTV」にてBeeマンガ『モテキ』が配信開始。早くも500万ダウンロードを突破した。『モテキ』は、三十路間近のモテない派遣社員・藤本幸世が、派遣先の元同僚や、女友達など、知り合いの女性たちから次々と連絡が入り、突然に訪れる藤本の「モテ期」が始まるというストーリー。連載終了から、わずか3ヶ月後の2010年7月からは、森山未來を主演に迎えて、テレビ東京系で連続ドラマとしてオンエア。今年9月には映画化され、興行収入21億円を突破する大ヒットを記録している。BeeTVでは、声優による台詞やSE、エフェクトを追加したムービーコミックとして配信。原作の世界観に加え、浅沼晋太郎、喜多村英梨、沢城みゆきら、人気声優が主要キャラクターを演じていることが話題を呼び、BeeTV内でも屈指の人気コンテンツとして注目を集めている。本日11月17日からは、Beeマンガ『モテキ』の大ヒットを記念して、久保ミツロウが直々に書き下ろしたBeeTV限定『モテキ』特製待受を、BeeTV会員限定で無料プレゼント。土井亜紀ら『モテキ』を彩った美女4人に囲まれ、動揺する主人公・藤本が描かれる、貴重な画像となっている。Beeマンガ「モテキ』 配信日：毎週金曜日更新（全33話） キャスト：藤本幸世役：浅沼晋太郎、土井亜紀：喜多村英梨、 中柴いつか:藤村 歩、小宮山夏樹:本名陽子、林田尚子:沢城みゆき ほか 主題歌：『Good Bye Present』（「the pillows」33rdシングル『Comic Sonic』収録）
Beeマンガ「モテキ』 配信日：毎週金曜日更新（全33話） キャスト：藤本幸世役：浅沼晋太郎、土井亜紀：喜多村英梨、 中柴いつか:藤村 歩、小宮山夏樹:本名陽子、林田尚子:沢城みゆき ほか 主題歌：『Good Bye Present』（「the pillows」33rdシングル『Comic Sonic』収録）・「BeeTV」特集ページ - livedoor ・モテキ - BeeTV
・「BeeTV」特集ページ - livedoor ・モテキ - BeeTV■関連記事 ・女心と秋の空、恋愛偏差値の低い非モテ草食男子は“マンガ”で女心を学べ
夏だ、プールだ、ピラニアだ！ リア充爆発 『ピラニア リターンズ』 この夏おすすめの映画をジャンル別に紹介する「MOVIE ENTER 夏映画2012」特集。編集部一押しの映画のHot! な見どころを徹底解説する。今回はカルト映画のフジモトが、スプラッター編として『ピラニア リターンズ』（7月14日公開）を紹介。そのおバカさと過激さから“映画良識者”には黙殺されるも、日本一売れている映画雑誌こと「映画秘宝」の2011年度ベスト1に選ばれた「ピラニア3D」の続編だ。この夏一番のオススメ映画はコレで決まり！ 『ピラニア リターンズ』
『ピラニア リターンズ』古代ピラニアたちがスプリング・ブレイクを襲ってから1年後。湖は封鎖され、血に飢えたヤツらは新しい住処を探して旅立ち、新たにオープンするウォーター・パーク“ビッグ・ウェット”へ辿り着く。そこは、能天気な若者たちが集うべく新設されたエッチな仕掛け満載のプールだった。オープンを迎えた当日、そんな事を知るはずもなく、多くの来場者が訪れた時に待ち構えていた惨劇。ピラニアの大群が、この世の楽園を地獄へと一変させる！（作品情報詳細へ）
（作品情報詳細へ）Hot! point 1：18禁は当たり前。パワーアップしたエロスを堪能せよ！前作『ピラニア3Ｄ』の売りの一つである乱舞するセクシーギャルたちや、お色気露出シーンはもちろん健在。それどころかますます激しいものになっている。例えば今回の舞台“ビッグ・ウェット”は、ただのウォーター・パークではない。子供や若者が楽しめるプール以外にも、大人専用のトップレス美女が常に泳ぐ“アダルトプール”なるものも登場。さらに米Esquire誌で2011年度“生存中最もセクシーな女性”No1.に選ばれたカトリーナ・ボーデンがその肢体を(血まみれになりながら)披露。前作では残酷表現に力を入れすぎ、おざなりになっていたお色気パートが大幅にパワーアップしている。こういった出演者たちのお色気ボディを、まったく無用のスローモーションでじっくりと見せてくれるのも楽しいところ。まさに大人のための18禁アトラクション映画。やっぱり夏は水着美女でしょう！今年はフーターズに行くより『ピラニア リターンズ』だ！
今年はフーターズに行くより『ピラニア リターンズ』だ！Hot! point 2：リア充爆発！コメディに徹した制作陣のやりすぎ演出に燃えろ！ 本作と前作の大きな違いは、その作風。本作は『ピラニア3D』と違い、完全にそのベクトルはコメディ、あるいはアトラクション映画的な方向に向いている。その原因はやはり、制作陣がまったく変わったからだ。監督にはジョン・ギャラガー(『ザ・フィースト』シリーズ)、さらに脚本には『ソウ』シリーズのマーカス・ダンスタン＆パトリック・メルトン。実はこの三人、『ザ・フィースト』でデビューして以来の仲良し3人組みなのである。その作風は“いかにおバカな方法で登場人物を殺すか”に尽きる。ピラニアに食い殺される登場人物達の、バリエーション豊かな“馬鹿げた”死に様には特に注目してほしい。(そしてここでもお色気が重要ポイントに！)。もちろん、ピラニアも前作以上にパワーアップ。体内に侵入してくる小型ピラニアから、空中を飛ぶピラニア、人間の頭を軽く食いちぎる巨大ピラニアまで、様々な種類が登場。その結果である“登場人物のありえない死にっぷり”には「爆笑するしか道はない」と言っておこう。さらに、モンスターパニックの王道を行く“リア充な嫌な奴”から順番に死んでいく、という伝統的な演出も踏襲。水辺でエッチなことをするカップルは必ず死ぬ、まさにリア充爆発な独身男性に非常に優しいテイストに仕上がっている。男同士でビーチに行くより、この映画で“リア充の爆発”を楽しむべし！
男同士でビーチに行くより、この映画で“リア充の爆発”を楽しむべし！Hot! point 3：懐かしのあの人たちも復活！ファン必見の贅沢なキャスティングに震える このように非常にわかりやすい作品だが、本作の楽しみ方はまだある。それが個性的過ぎる脇役陣だ。『バック・トゥ・ザ・フューチャー』のドク役でおなじみのクリストファー・ロイドは前作に引き続き“ピラニア専門家”として登場。ピラニアの進化っぷりを鬼気迫る表情で説明してくれる。また前作で死亡した（と思われていた）副保安官役のヴィング・レイムスも再登場。“足だけピラニアに食われた”という設定で、義足に仕込んだショットガンを乱射し大活躍する。そして何より強烈な印象を残すのがディヴィッド・ハッセルホフ。そう、知る人ぞ知る海外ドラマ「ナイトライダー」や「ベイウォッチ」で活躍したスター俳優だ。ハッセルホフは、なんと本人役で登場。カメオ出演ではなく、「ベイウォッチ」の役柄を自らパロディ化し、さらに歌まで披露している。また、『プレデター2』など悪役としてその名を轟かせゲイリー・ビジーもちょこっと登場。
また、『プレデター2』など悪役としてその名を轟かせゲイリー・ビジーもちょこっと登場。こういった個性的なキャストたちが、なんとエンドロ
こういった個性的なキャストたちが、なんとエンドロールが流れ終わるまでずっと楽しませてくれるのである。映画ファンやシリーズファンにとっては、懐かしの面々が復活しているもの注目どころだ。参考記事：依存症俳優や、破産俳優、死んだはずのあの人まで…いろいろリターンしちゃう『ピラニア リターンズ』クリップ集 おわかりいただけただろうか。エロスにバイオレンスに笑い、これらが渾然一体となった熱い興奮を、ビーチに行かなくても体験できるのである。まさに男の魂を揺さぶる18禁アトラクションムービー。女性とのデートには決して向いているとは言えないが、部屋に閉じこもってビーチにも行かない！なんて考えてるあなたにこそ見て欲しい逸品。このうだるような熱い夏は『ピラニア リターンズ』でテンションを上げて乗り切るべし！
このうだるような熱い夏は『ピラニア リターンズ』でテンションを上げて乗り切るべし！『ピラニア リターンズ』は7月14日より ヒューマントラストシネマ渋谷ほか全国順次ロードショー
『ピラニア リターンズ』は7月14日より ヒューマントラストシネマ渋谷ほか全国順次ロードショーカルト映画のフジモトの評価作品の Hot! ワード「エロス＆バイオレンス」プールや海に行かなくてもOK！この映画が夏のアトラクション代わりだ！
この映画が夏のアトラクション代わりだ！【Hot! 度】：★★★★★一覧を見る ・『ピラニア リターンズ』 - 作品情報 ・「MOVIE ENTER 夏映画2012」特集
『ベルセルク』2作目、最愛の友との決闘と別れを描く 連載20年以上に及ぶ長大な物語の全てを映像化する壮大なサーガプロジェクトの第2弾として『ベルセルク 黄金時代篇II ドルドレイ攻略』が6月23日より公開。今回、本作のポスタービジュアルが完成した。
今回、本作のポスタービジュアルが完成した。本作は、現在公開中の映画『ベルセルク 黄金時代篇I 覇王の卵』（2月4日公開）の続編。主人公のガッツは、鷹の団に入団して3年が経っていた。壮絶な戦いを経てグリフィスの夢をともに追うことを使命としてきたガッツは、グリフィスの衝撃的な言葉を受けて、対等の友になるために退団を決意する。
壮絶な戦いを経てグリフィスの夢をともに追うことを使命としてきたガッツは、グリフィスの衝撃的な言葉を受けて、対等の友になるために退団を決意する。その頃、ミッドランド王国と敵国チューダー帝国との百年戦争が最終決戦に突入。鷹の団飛躍の好機とみたグリフィスは、国王に鷹の団だけで出陣することを進言する。ガッツは、その戦いを最後に、鷹の団を去る決意を固める。敵は3万、味方は5千、誰もが無謀と確信した戦いが始まる——。
原作は、全世界累計3300万部を突破した、三浦建太郎の人気コミック「ベルセルク」。本作は、ファンの間で最も人気が高く、最もドラマチックな展開を見せる“黄金時代”を3部作構成で映画化した2作目だ。
本作は、ファンの間で最も人気が高く、最もドラマチックな展開を見せる“黄金時代”を3部作構成で映画化した2作目だ。映像は、『鉄コン筋クリート』『マインド・ゲーム』などで国内最高峰の技術を誇るSTUDIO4℃が手掛ける。徹底した時代考証や美術設定の裏づけ、ド迫力の戦闘描写には、手描きとデジタルのハイブリッド映像を追及し、日本アニメーションの最高峰表現を目指している。
徹底した時代考証や美術設定の裏づけ、ド迫力の戦闘描写には、手描きとデジタルのハイブリッド映像を追及し、日本アニメーションの最高峰表現を目指している。今回、公開されたポスタービジュアルには、ガッツにとって数々の戦を通じて最愛の友となった鷹の団の団長グリフィスとの決闘と別れを象徴するかのようなコピーが書かれている。本ポスターは、3月17日より全国の映画館に掲出される予定だ。
本ポスターは、3月17日より全国の映画館に掲出される予定だ。映画『ベルセルク 黄金時代篇II ドルドレイ攻略』は6月23日（土）、『ベルセルク 黄金時代篇III 降臨』は、冬より全国ロードショー。
映画『ベルセルク 黄金時代篇II ドルドレイ攻略』は6月23日（土）、『ベルセルク 黄金時代篇III 降臨』は、冬より全国ロードショー。映画『ベルセルク 黄金時代篇II ドルドレイ攻略』 - 公式サイト
映画『ベルセルク 黄金時代篇II ドルドレイ攻略』 - 公式サイト【関連記事】 ・ベルセルクの気持ち悪い「金環食観測メガネ」 ・映画『ベルセルク』ポスター＆予告編が解禁、ED曲はAIが担当 ・【2012年先取り映画vol.6】劇場版のベルセルクは面白いのか
【関連記事】 ・ベルセルクの気持ち悪い「金環食観測メガネ」 ・映画『ベルセルク』ポスター＆予告編が解禁、ED曲はAIが担当 ・【2012年先取り映画vol.6】劇場版のベルセルクは面白いのかベルセルクのパート2を振り返り、岩永洋昭「10000キロカロリーくらい消費した」 ベルセルク・サーガプロジェクトの第一弾として、ファンの間でも最も人気の高い黄金時代篇を三部作で映画化。パート2となる『ベルセルク 黄金時代篇II ドルドレイ攻略』23日より全国公開となった。
パート2となる『ベルセルク 黄金時代篇II ドルドレイ攻略』23日より全国公開となった。公開日は、新宿バルト9にて初日舞台挨拶を行い、主要キャラクターの声を演じた岩永洋昭、櫻井孝宏、行成とあ、窪岡俊之監督が登壇した。
公開日は、新宿バルト9にて初日舞台挨拶を行い、主要キャラクターの声を演じた岩永洋昭、櫻井孝宏、行成とあ、窪岡俊之監督が登壇した。窪岡俊之監督 パートIIは非常にバラエティに富んだシーンが集まっている。ドルドレイ攻略のシーンだけで三か月くらいはかかっていてかなりやっかいなシーンだった。ギュッと凝縮された濃い時間になったと思います。映画が完成して初号試写を見た後の（原作者の）三浦建太郎先生が「下世話ですけど、エンターテインメントの基本はセックスとバイオレンスですよね」と非常に喜んでいました。
映画が完成して初号試写を見た後の（原作者の）三浦建太郎先生が「下世話ですけど、エンターテインメントの基本はセックスとバイオレンスですよね」と非常に喜んでいました。パートIIIは今まさに鋭意製作中。パートI、IIに負けない映像になると思いますので楽しみにしてください。
パートI、IIに負けない映像になると思いますので楽しみにしてください。岩永洋昭 劇中の100人斬りのシーンは、ガッツを象徴するような大事な場面。体力的には10000キロカロリーくらい消費したんじゃないかというくらいきついシーンでした。力強さだけでなく、一斬り一斬りのシーンの中にガッツの中にある憎しみや悲しみを込められた。普段の役者の演技とは違って奥が深い。声だけでここまで表現できる声優さんは本当にすごいと尊敬の念です。
声だけでここまで表現できる声優さんは本当にすごいと尊敬の念です。パートIIIは死ぬ気で行きます！
パートIIIは死ぬ気で行きます！櫻井孝宏 今回のグリフィスは栄光の頂点から転落への様子が劇的に描かれています。それだけ変化があって役者として演じていてすごくやりがいがあり楽しかった。グリフィスが受けた衝撃は自分も客観的にみてもショックだった。パートIIは三部作の中でも非常に重要な位置を占める作品。いろんな人に観てほしいです。
いろんな人に観てほしいです。行成とあ 公開日の今日はすごく待ち望んでいた日でもあり、迎えるのがもったいないような日。遂に迎えてしまいました。今回はこれまでの自分の芝居以上にもっとできるかもしれない、もっとやりたいと言える現場だった。それに監督も真正面から向き合ってくれたし、よりキャスカに近づけたんじゃないかと思う。監督にはキャスカ役に決まった一年前から「パートIIIは頑張って」と言われていた。どんな風になるのか今から楽しみでしょうがないです。力いっぱい出し切りたいです。
力いっぱい出し切りたいです。絶賛公開中の『ベルセルク 黄金時代篇II ドルドレイ攻略』。ムービーエンターの特集では、WEB GAME BOOKも特別企画でアップしている。ゲームブックに挑戦して予習をして、公開中の映画を観賞。そして、いよいよ今年の冬公開となるクライマックスの“蝕”『ベルセルク 黄金時代篇III 降臨』に向けて備えをしよう。
そして、いよいよ今年の冬公開となるクライマックスの“蝕”『ベルセルク 黄金時代篇III 降臨』に向けて備えをしよう。・『ベルセルク 黄金時代篇II ドルドレイ攻略』特集
・『ベルセルク 黄金時代篇II ドルドレイ攻略』特集INTRODUCTION
INTRODUCTIONミッドランド王国正規軍に所属する鷹の団は、百人長・ガッツが参加して以来、その勇名を轟かせていた。難攻不落の要塞・ドルドレイ攻略戦においても、団長・グリフィスの奇策とガッツの活躍により、陥落に成功。戦後、グリフィスはその功績により、ミッドランド国王から、夢にまで見た伯爵の爵位を授けられる。鷹の団は王国の正規軍として認められ、グリフィスはシャルロット姫の心を掴み、その栄華を極めていた。だが、ガッツは、グリフィスに肩を並び、対等な友として生きる為、鷹の団を去る決意を固める。
STAFF
STAFF原作・脚本・監修：三浦建太郎（スタジオ我画）監督：板垣伸演出：岩瀧智シリーズ構成：大河内一楼キャラクターデザイン・総作画監督：恩田尚之美術監督：中村豪希（WHITE LINE）色彩設計：成田晴美撮影監督：設楽希編集：重村建吾音響監督：岩浪美和音楽：鷺巣詩郎アニメ制作：STUDIO4℃
原作・脚本・監修：三浦建太郎（スタジオ我画）監督：板垣伸演出：岩瀧智シリーズ構成：大河内一楼キャラクターデザイン・総作画監督：恩田尚之美術監督：中村豪希（WHITE LINE）色彩設計：成田晴美撮影監督：設楽希編集：重村建吾音響監督：岩浪美和音楽：鷺巣詩郎アニメ制作：STUDIO4℃CAST
CASTガッツ：岩永洋昭グリフィス：櫻井孝宏キャスカ：行成とあシャルロット：寿美菜子ジュドー：梶裕貴ピピン： 稲垣隆史コルカス：松本ヨシロウリック：宮崎寛務ゾッド：三宅健太シラット：中村悠一アドン：小山力也
小森純、恐怖メイクで夫の“浮気宣言”を暴露 タレントの小森純が21日、都内で行われた映画『グレイヴ・エンカウンターズ』の公開記念イベントに出席した。作品は、心霊番組の撮影スタッフが、廃墟となった精神病院で超常現象に遭遇するモキュメンタリー。動画投稿サイトYoutubeで公開された予告編が“怖すぎる”と話題を呼び、2200万回を超える再生数を記録した。
動画投稿サイトYoutubeで公開された予告編が“怖すぎる”と話題を呼び、2200万回を超える再生数を記録した。・『グレイヴ・エンカウンターズ』特集 - 小森純の恐怖顔ビジュアル公開 同作品の宣伝用にリリースされた、写真から恐怖顔を生成する「恐怖のグレイヴ顔アプリ」を使用し、宣伝チラシなどで先行公開されていた恐ろしい顔のビジュアルは、小森だったことが明かされた。
・『グレイヴ・エンカウンターズ』特集 - 小森純の恐怖顔ビジュアル公開 同作品の宣伝用にリリースされた、写真から恐怖顔を生成する「恐怖のグレイヴ顔アプリ」を使用し、宣伝チラシなどで先行公開されていた恐ろしい顔のビジュアルは、小森だったことが明かされた。自分の恐怖メイクにビビリまくり “グレイヴ顔”の特殊メイクで登場した小森は、「この顔を自分で見るのが怖い。トイレに一人で行けなくて、一緒に来てもらった」と初の恐怖メイクにビビりまくり。
トイレに一人で行けなくて、一緒に来てもらった」と初の恐怖メイクにビビりまくり。もともとホラー映画が苦手だが、「気合で」作品を鑑賞。「とにかくビビりました」と感想を語った。
「とにかくビビりました」と感想を語った。「最近、ショックだったこと」について聞かれると、夫から「俺、2、3年後には、たぶん浮気するから」と言われたことを明かし、「皆さんが思っている以上に、（夫は）クソチャラですからね」と爆弾発言。
「最近、ショックだったこと」について聞かれると、夫から「俺、2、3年後には、たぶん浮気するから」と言われたことを明かし、「皆さんが思っている以上に、（夫は）クソチャラですからね」と爆弾発言。「浮気については、全然関係ないもん。一応、紙上は夫婦ですけど、感覚的に自由にしているから。男の人はそういうのがあるって割り切っていますよ。最近そういったニュースも多いですし」と塩谷瞬の二股騒動を引き合いに、自由な夫婦関係について語った。
最近そういったニュースも多いですし」と塩谷瞬の二股騒動を引き合いに、自由な夫婦関係について語った。最近、夫への愛が薄れてきた！？
？さらに、「最近、旦那さんへの愛が薄れている？」と突っ込まれると、「そうね。ぶっちゃけね。あんまり、言わせないでくれ。人として好きです。ただ、一年経つと変わるもんだね。事務所も焦っています」とぶっちゃけ、笑いを誘った。
事務所も焦っています」とぶっちゃけ、笑いを誘った。ただ、破局については否定。「破局は無いよ。離婚は無い。とりあえず、別居から」と笑わせながら、「離婚するときは、PRイベントします」と宣言した。
とりあえず、別居から」と笑わせながら、「離婚するときは、PRイベントします」と宣言した。イベントでは、「恐怖のグレイヴ顔アプリ」を使用した「怖顔決定戦」も実施され、小森は審査員として会場を盛り上げた。
イベントでは、「恐怖のグレイヴ顔アプリ」を使用した「怖顔決定戦」も実施され、小森は審査員として会場を盛り上げた。映画『グレイヴ・エンカウンターズ』は6月1日（金）から、TOHOシネマズ六本木、シネマサンシャイン池袋ほかで全国ロードショー。
映画『グレイヴ・エンカウンターズ』は6月1日（金）から、TOHOシネマズ六本木、シネマサンシャイン池袋ほかで全国ロードショー。■関連リンク ・『グレイヴ・エンカウンターズ』公式サイト ・『グレイヴ・エンカウンターズ』特集
【編集部的映画批評】水谷豊の“相棒”は座敷わらしだった MOVIE ENTERの新人編集部員であるマサキが、ビビビ！ ときた映画を紹介します。今回は、4月28日より公開となる映画『HOME 愛しの座敷わらし』。座敷わらしとは、岩手県を中心に現れるといわれる精霊のような存在。座敷わらしがいる家は栄え、座敷わらしが去った家は衰退すると言われています。そんな座敷わらしが、ある家族の再生のきっかけになる作品です。
そんな座敷わらしが、ある家族の再生のきっかけになる作品です。本作は、「相棒」シリーズで10年以上に渡り主演を務める水谷豊が『逃れの街』以来28年ぶりに単独主演を果たします。
本作は、「相棒」シリーズで10年以上に渡り主演を務める水谷豊が『逃れの街』以来28年ぶりに単独主演を果たします。安田成美、NHK大河ドラマ「龍馬伝」の濱田龍臣、『告白』の橋本愛、草笛光子らが共演。
安田成美、NHK大河ドラマ「龍馬伝」の濱田龍臣、『告白』の橋本愛、草笛光子らが共演。監督は、同シリーズの和泉聖治が務める。
監督は、同シリーズの和泉聖治が務める。あらすじ 家でも会社でも居場所がない晃一、夫の脳天気さに不満な妻・史子、友人関係に悩む中学2年生の梓美、喘息のため過保護に扱われる小学4年生の智也、認知症の症状が出始めてきた晃一の母・澄子。一緒に暮らしているのに、心がバラバラな高橋一家は、晃一の転勤で岩手県の片田舎にある築200年の古民家へ引っ越すことになる。苦労しながらも田舎暮らしに慣れてきた頃、不思議な現象が起こり始める。一家の住む家には、座敷わらしが居ついていたのだ。その座敷わらしをきっかけに、それぞれが自身を見つめ直し、家族の絆を再生していく。
その座敷わらしをきっかけに、それぞれが自身を見つめ直し、家族の絆を再生していく。「普通のサラリーマンを演じたい」 原作は、荻原浩の初となる新聞連載小説として、朝日新聞夕刊紙上に掲載された同名小説。単行本発売後には、第139回直木三十五賞の候補にも選出されました。この原作が映画化されたのは、水谷がホームドラマ製作を願ってのこと。今まで演じたことのない“普通のサラリーマン”を演じたいという水谷の願望と熱意に賛同した「相棒」のスタッフらとともに今回の映画化が実現しました。家から最寄りの駅まで自転車で30分かけて通勤している晃一を演じる水谷のサラリーマン姿は、なかなか新鮮です。
家から最寄りの駅まで自転車で30分かけて通勤している晃一を演じる水谷のサラリーマン姿は、なかなか新鮮です。また、安田の母親役ぶりもなかなかのもの。安田演じる史子は、都会暮らしに慣れているため、田舎特有のご近所付き合いが苦手。ましてや、史子の住む家の隣家は遠く、引越しの挨拶をするのも一苦労です。そんな史子の姿もまた、水谷と同じく“普通”の母親のようでした。
そんな史子の姿もまた、水谷と同じく“普通”の母親のようでした。家族の絆を結ぶのは？バラバラになってしまった家族の再生に必要なもの、それは第三者の介入だと監督は言います。本作でその役目を果たすのは、タイトルにもある“座敷わらし”はもちろんのこと、古民家にある囲炉裏もそのひとつ。家族で囲炉裏を囲うシーンは、物語の中で重要なシーンになっています。
家族で囲炉裏を囲うシーンは、物語の中で重要なシーンになっています。今の時代、家に囲炉裏がある家族はなかなかないかもしれません。都会に住む家族にとっては、食卓を囲うことに置き換えられるでしょう。最近、家族との会話が減ったな、と思った方は、是非一度、家族みんなでひとつの食卓を囲んでみましょう。もしかしたら喧嘩になるかもしれません。それも家族の絆を深める方法のひとつになるでしょう。
岩手県の自然を堪能 ロケは、岩手県遠野、岩手山、盛岡、滝沢村、雫石町、花巻で行われました。多くの自然に囲まれた撮影に安田は「こんなにのんびり仕事をしていいのか」と思うくらい居心地が良かったそう。座敷わらしの存在を強調するために映像に盛り込んだ風に揺れる草木の姿や音は、岩手県の持つ美しい自然を存分に感じさせます。撮影中、29連泊し、一度も帰京しなかった水谷は、その自然に惚れ込んだひとり。実際にロケ地となった場所へ行ってみたくなります。
実際にロケ地となった場所へ行ってみたくなります。また、映画の公開に合わせ、原作者の荻原は、新たに創案した絵本「ここにいるよ ざしきわらし」を製作。小説、映画、絵本という3つの楽しみ方があり、どれもほのぼのした仕上がりで、休日に家族みんなで観る作品にぴったりです。MOVIE ENTERでは、本作の試写会のプレゼントを掲載しています。（4月8日締切）
（4月8日締切）映画『HOME 愛しの座敷わらし』は、4月28日（土）より全国公開。
映画『HOME 愛しの座敷わらし』は、4月28日（土）より全国公開。映画はビビビ！ のマサキの所見評価 ほのぼの度：★★★★ 岩手県の魅力度：★★★★ 水谷豊のサラリーマン度：★★★★★
のマサキの所見評価 ほのぼの度：★★★★ 岩手県の魅力度：★★★★ 水谷豊のサラリーマン度：★★★★★一覧を見る ・編集部的映画批評 ・映画『HOME 愛しの座敷わらし』 - 作品情報 ・映画『HOME 愛しの座敷わらし』試写会 - プレゼント
【MOVIE ENTERおすすめニュース】 ・二股女を演じたリース・ウィザースプーンって何者なのか ・ジェームズ・キャメロンの来日が決定！ 『タイタニック3D』は成功するのか ・映画『FAIRY TAIL』、物語の鍵となる少女「エクレア」とは ・人類を地獄へと突き落とす、全長500メートルの魔神の姿が明らかに ・人間と共存する“操り人形”がハリウッド殿堂入り
懐かしのゲームブックをネットで再現 「鷹の団のガッツになってドルドレイを攻略せよ！」 皆さんは80年代に流行した「ゲームブック」を覚えているだろうか。選択肢に沿ってページをめくり物語を読み進め、選んだ答えに応じて結末が変化する、まるでゲームの様に読み進めていく本のことだ。この懐かしのゲームブックのWEB版を『ベルセルク 黄金時代篇II ドルドレイ攻略』バージョンで作ってみた。鷹の団のガッツになりきって、チューダー帝国のドルドレイ要塞を攻略いしてみよう。見事クリアした人には、ベルセルクファンには垂涎の“褒賞”が与えられるチャンスもあるので、ぜひとも挑戦してみよう。
見事クリアした人には、ベルセルクファンには垂涎の“褒賞”が与えられるチャンスもあるので、ぜひとも挑戦してみよう。＜ゲームルール＞ 物語を読み進めていくと選択肢が現れる。どの選択がその場面で正しい判断なのかを考えてクリックしよう。その先には選択の結果が表示される。間違った選択をしてしまうとBAD ENDになってしまうことも。正しい選択を続けてHAPPY ENDに辿りつけたら“褒賞”に応募できる秘密のキーワードを確認できるぞ。ゲームを進めなくても全ページを見ればわかるが、そんなヤボなことをする兵士は鷹の団にはいないよな？※ゲームブックの演出上、物語は一部、映画本編と異なります。
※ゲームブックの演出上、物語は一部、映画本編と異なります。褒賞は、映画『ベルセルク』iPhoneケース。ファンならば絶対に欲しいアイテムだな！
ファンならば絶対に欲しいアイテムだな！・さっそくドルドレイの攻略を始める！（GAME START！） ・その前にベルセルク特集で魅力を確認する 1 2 3 4
“ポチたま”の人気コーナー、SMAP・香取慎吾＆広末涼子で映画化 テレビ番組「ペット大集合！ポチたま」の人気コーナー「まさお君が行く！ポチたまペットの旅」が、豪華キャストで映画化されることがわかった。主演を務めるのは、SMAPの香取慎吾。ヒロインは広末涼子が演じる。本作は、実話から生まれた感動の物語を映画化。テレビディレクターの河原（光石研）とAD水希（成海璃子）は、動物番組の旅コーナー用に犬を探していた。そこで、ギャラの安さから、芸もなく、ただひたすらに食いしん坊の犬、まさおが抜擢される。また、暇で売れない芸人の松本秀樹（香取）の出演も決定。しかし、犬が主体の番組と知り、落胆する松本は、まさおに振り回され、何をしても空回り。しまいには、お笑いコンビの相方がいなくなり、同棲している彼女の須永里美（広末）に振られる始末。ある日、松本は、ロケを盛り上げようと無茶をして怪我をしてしまう。その時に真っ先に助けに走ったのがまさおだった。そこで松本は、まさおと一心同体になることを決意し、まさおとコンビを結成する。次第に、全国的な人気者となった松本とまさおだったが、突然まさおが体調を崩してしまう。命に関わる持病を持っていたことを知った松本は、まさおのために、かつてロケ先で相思相愛になった犬のダイアンと幸せな一生を送って欲しいと願った。時を同じくして、里美が結婚するという噂を耳にした松本は、人生最大の決心をする。果たして、まさおは幸せになれるのだろうか。松本のとった最後の行動とは……。
松本のとった最後の行動とは……。本作の基となったのは、2000年10から2010年3月まで放送されていた番組「ペット大集合！ポチたま」の中でも、特に人気のあったコーナー「まさお君が行く！ポチたまペットの旅」。オスのラブラドールレトリバーのまさおと、若手芸人の松本が全国行脚し、さまざまな人や犬との出会いを追った旅形式のもの。ちょっと天然でおバカなまさおと、それに振り回される松本とのユーモラスなやりとりが大きな話題を呼んだ。
ちょっと天然でおバカなまさおと、それに振り回される松本とのユーモラスなやりとりが大きな話題を呼んだ。主人公・松本を演じる香取は、これまでに『NIN×NIN 忍者ハットリ君 THE MOVIE』や『西遊記』、『座頭市 THE LAST』、『こちら葛飾区亀有公園前派出所 THE MOVIE〜勝どき橋を封鎖せよ！〜』など数々の作品に主演してきた。また、松本の彼女役、須永を演じる広末も、『おくりびと』や『GOEMON』、『ゼロの焦点』、『FLOWERS-フラワーズ-』など、話題作に出演してきた実力派。そんな二人を、光石研、成海璃子、TKOの木下隆行、オアシズの大久保佳代子、寺島進といった個性的なキャストが脇を固める。また、監督を務めるのは、『NANA』など大ヒット作品を世に送り出してきた大谷健太郎だ。
また、監督を務めるのは、『NANA』など大ヒット作品を世に送り出してきた大谷健太郎だ。今回、香取と広末から本作の見どころや裏話も飛び出すコメントが届いた。1 2
工藤静香、『ジョン・カーター』絵画コンクールで作品発表 今から100年前の1912年に発表されて以来、『スター・ウォーズ』や『アバター』など数々の大作映画に影響を与えてきたといわれるエドガー・ライス・バローズの伝説的小説「火星のプリンセス」。同作を原作に、ウォルト・ディズニー生誕110周年を迎えた今年、映像化不可能と言われた夢を実現した映画『ジョン・カーター』が、4月13日に2D・3Dで同時公開。27日には、映画の舞台となる未知の惑星“バルスーム”を描く絵画コンクールの授賞式が朝日新聞・読者ホールにて行われた。
27日には、映画の舞台となる未知の惑星“バルスーム”を描く絵画コンクールの授賞式が朝日新聞・読者ホールにて行われた。コンテストでは、画家としての活躍も広く知られているアーティストの工藤静香が、特別審査員として多くの候補作品の中から「特別審査員賞」と「最優秀賞」ほか各賞の選考に加わり、本授賞式にもプレゼンターとして出席。客席から大きな拍手に迎えられる中、登壇した工藤は「今回、たくさんの応募がありましたが、力強い作品が多く、選ぶのが難しかったです。」と選考の苦労を語った。
」と選考の苦労を語った。工藤は「特別審査員賞」と「最優秀賞」の受賞者への贈呈を行い、名前が呼ばれてステージに上がる緊張気味の受賞者をあたたかく出迎えると、笑顔で「とっても力強くて素敵な絵でした。どうもありがとう！」と祝福の言葉と賞状を読み上げ、賞品目録と共に手渡した。
」と祝福の言葉と賞状を読み上げ、賞品目録と共に手渡した。受賞者は感激の様子で、特別審査員賞に輝いた3才の女の子が緊張のため言葉が出ないと、工藤は優しく話しかけ、会場中が和やかな雰囲気に包まれた。
受賞者は感激の様子で、特別審査員賞に輝いた3才の女の子が緊張のため言葉が出ないと、工藤は優しく話しかけ、会場中が和やかな雰囲気に包まれた。最後に「私も絵が大好きなので、色と色を合わせる時に、皆さんビックリするような色使いをしていて私も刺激を受けました。最優秀賞は絵が力強くて映画に出てくる“バルスーム”のイメージも、素晴らしい創造力で色使いも良くて、みんなで選びました。」と感想を述べた。
」と感想を述べた。また、工藤が“バルスーム”の世界観を描いた絵画も発表し「今回は『ジョン・カーター』の原作の『火星のプリンセス』をイメージして絵を描きました。赤い色を入れたり、砂を使ったり、自分なりにイメージして描いてみました。映画は、もちろんご家族みなさんで楽しんでいただける作品で、ロマンスあり、アドベンチャーもあって、勇気をもらえるとても楽しい映画です。ご家族や、恋人でも楽しめる映画です！」と述べた。
受賞者一覧 最優秀賞：有田幸樹（ありた・こうき）9才 特別審査員賞：前田桜姫愛（まえだ・さきあ）3才 朝日新聞賞：(1)辻明日香（つじ・あすか）14才、(2)古米遥（ふるまい・はるか）18才 ディズニー賞：(1)金田仁美（かねだ・ひとみ）27才 (2)木谷安憲（きだに・あんけん）49才、木谷隆太（きだに・りゅうた）8才、 木谷文香（きだに・ふみか）5才の3名による共同製作
MOVIE ENTERの『ジョン・カーター』特集ページでは、ディズニーの名作ブルーレイ6タイトルが当たるTwitterキャンペーンも実施中。あなたに夢を与えてくれたディズニー作品を教えて下さい。・『ジョン・カーター』特集ページ
インタビュー：ローガン・ラーマン、ガブリエラ・ワイルド「カメラが回っていなくても友達」 映画『三銃士／王妃の首飾りとダ・ヴィンチの飛行船』が10月28日（金）から公開される。アレクサンドル・デュマ・ペールの冒険活劇「三銃士」に新たな解釈を加え映画化。激しい剣さばきのアクションシーンはもちろん、陰謀、友情、ロマンスの要素を取り入れながら、巨大な飛行船同士の闘いを迫力の3D映像で描いている。22日から都内で開催中の東京国際映画祭のオープニング作品に選ばれており、主演のローガン・ラーマン、ヒロイン役のガブリエラ・ワイルドがグリーンカーペットのために来日。MOVIE ENTER!の取材にも応じ、本作の見どころや撮影の苦労話、お互いの印象などについて語ってくれた。
MOVIE ENTER!の取材にも応じ、本作の見どころや撮影の苦労話、お互いの印象などについて語ってくれた。この二人、仲良すぎ！？
——来日されたご感想からお伺いしたいのですが。
——来日されたご感想からお伺いしたいのですが。ガブリエラ・ワイルド（以降、ガブリエラ）：初めての来日です。とてもエキサイティングで、もっと時間があれば、いろいろ見て回って「あそこが良かった」と言いたいところなんですが、美しいというのが第一印象ですね。
とてもエキサイティングで、もっと時間があれば、いろいろ見て回って「あそこが良かった」と言いたいところなんですが、美しいというのが第一印象ですね。ローガン・ラーマン（以降、ローガン）：僕は2回目の来日です。日本がすごく大好きなので、戻って来られてラッキーです。
日本がすごく大好きなので、戻って来られてラッキーです。——ローガンさんは浅草で観光されたそうですが、いかがでしたか？
——ローガンさんは浅草で観光されたそうですが、いかがでしたか？ローガン：とても素敵な体験でした。浅草寺で煙を浴びたけど、どんな効果があるのかを知らずにやっていました（笑）。
——映画『三銃士』の見どころを教えてください。
——映画『三銃士』の見どころを教えてください。ローガン：最高のエンターテイメントです。3Dでビジュアルもすごくて、本当にその場にいるような臨場感を体験出来るのは間違いないんだけど、特に僕がオススメなのは、飛行船が繰り広げる空中戦ですね。きっと「やられた！」と思ってもらえるところがあると思います。
」と思ってもらえるところがあると思います。ガブリエラ：やっぱり、エンターテインメントなのは間違いないですが、アクション以外にもロマンス、ユーモアといったものも満載なので、どんな人でも楽しめると思います。
ガブリエラ：やっぱり、エンターテインメントなのは間違いないですが、アクション以外にもロマンス、ユーモアといったものも満載なので、どんな人でも楽しめると思います。——今回お二人は初共演ですが、お互いの印象はいかがでしたか？
——今回お二人は初共演ですが、お互いの印象はいかがでしたか？ガブリエラ：すごく才能のある俳優さんだと思います。カメラが回っていないところでも仲良くなることができました。
カメラが回っていないところでも仲良くなることができました。ローガン：全くその通りで、本当にラッキーだったのは友達になれたことです。仕事の上でもすごく良い関係が築けたけれど、カメラが回っていない時も友達として楽しく過ごせました。
仕事の上でもすごく良い関係が築けたけれど、カメラが回っていない時も友達として楽しく過ごせました。——作品の中でドイツでのロケが多かったとお聞きしましたが、ドイツでは観光などはされましたか？
——作品の中でドイツでのロケが多かったとお聞きしましたが、ドイツでは観光などはされましたか？ガブリエラ：スタジオもロケも全てドイツで撮影しました。実際に撮影した場所が、普通だったら観光客が来るような場所なので、宮殿から宮殿へと移動するときに、観光も出来てしまうような撮影でした。私は、3カ月滞在していました。
私は、3カ月滞在していました。ローガン：僕は4カ月半ほど滞在しました。アメリカを離れて他の国で長期滞在をしたのは初めて。いろんな宮殿や城下町に滞在できて、貴重な経験になりました。
いろんな宮殿や城下町に滞在できて、貴重な経験になりました。——長期間の撮影で、特に印象に残っている出来事は？
——長期間の撮影で、特に印象に残っている出来事は？ガブリエラ：数カ月間、各地を回ることができたのが1番心に残っているので、1つの出来事を選ぶのは難しいですね。
ガブリエラ：数カ月間、各地を回ることができたのが1番心に残っているので、1つの出来事を選ぶのは難しいですね。ローガン：そうだね。アメリカの西海岸育ちの自分がヨーロッパへ初めて行って、4カ月半もドイツに住んだという体験自体が素晴らしかったです。1つあげるとするなら、ベルリンが素晴らしい街だったので、すごく印象に残っていますね。
1つあげるとするなら、ベルリンが素晴らしい街だったので、すごく印象に残っていますね。ガブリエラ：私は、ベルリンは初めてではなかったし、1カ所が突出しているというよりも、様々なロケーションを回って撮影できたことが印象的でしたね。
——作品の中で、ローガンさんは屋根の上から転げ落ちたり、命がいくつあっても足りないようなアクションシーンに挑戦していますが、そのためにどんなトレーニングをしましたか？
——作品の中で、ローガンさんは屋根の上から転げ落ちたり、命がいくつあっても足りないようなアクションシーンに挑戦していますが、そのためにどんなトレーニングをしましたか？ローガン：通訳無しでも、だいたい何を言っているか分りましたよ（笑）。トレーニングのことでしょ？トレーニングはかなりしましたね。撮影の6カ月前からトレーニングを始めたんですが、今回のスタントはかなり緻密で、複雑なものだったので、他の映画で剣術はやったことがあったんですが、フェンシングは初めてだったので、一からやり直しました。何カ月もトレーニングしました。
何カ月もトレーニングしました。ガブリエラ：私は、彼ほどのスタントは必要なかったんですが、乗馬のトレーニングをしました。初めてではなかったので、馬の感触に慣れるようなトレーニングだけでした。でも、ドレスで乗らなければならなかったのは、やっぱり大変でしたね。
でも、ドレスで乗らなければならなかったのは、やっぱり大変でしたね。——ガブリエラさんは、飛行船の船首にくくりつけられるシーンもありましたが、高い所は平気でしたか？
——ガブリエラさんは、飛行船の船首にくくりつけられるシーンもありましたが、高い所は平気でしたか？ガブリエラ：割と高い所に惹かれてフラフラと行ってしまう性格なので、怖くはなかったですね（笑）。実際は、映画で見るほどの高さで
実際は、映画で見るほどの高さではないのですが、くくりつけられる時は、クレーンで体を持ち上げられて、そのまま何時間か放置されました（笑）。
——作品の登場人物の中で、ガブリエラさんが恋人にするなら誰を選びますか？ガブリエラ：ローガンです（笑）。
ガブリエラ：ローガンです（笑）。——それはなぜですか？
——それはなぜですか？ガブリエラ：隣に座っているから（笑）。だってカッコイイじゃないですか。剣さばきも素晴らしいし。
——では、最後に映画をご覧になる方へメッセージをお願いします。
——では、最後に映画をご覧になる方へメッセージをお願いします。ガブリエラ：とにかくエンターテイメントで、どの面でも楽しめます。アクションはもちろんのこと、コメディもあるし、女性陣の衣装も素晴らしい。それに、今回はドイツロケを行っていて風景も素晴らしいので、その辺りもぜひ、楽しんでください。
それに、今回はドイツロケを行っていて風景も素晴らしいので、その辺りもぜひ、楽しんでください。ローガン：彼女が言ったことに加えて、なんといっても飛行船同士のものすごい空中戦、見たことがないビジュアルが展開されるので、たぶん観たら、皆さんビックリすると思います。その辺りをぜひ、観てください！
その辺りをぜひ、観てください！ローガンの人懐っこい笑顔は、たとえ英語で暴言を吐かれていたとしても、許せてしまいそう。若くて活きのいいダルタニアンに魅了された「三銃士」にでもなった気分だった。共演のガブリエラとは、「この二人、デキてるの？」と思わせるほどの親密ぶり。映画『三銃士』はもちろん、今後の二人からも目が離せない？
映画『三銃士』はもちろん、今後の二人からも目が離せない？映画『三銃士／王妃の首飾りとダ・ヴィンチの飛行船』は、10月28日（金）よりTOHOシネマズ、スカラ座ほか全国3D・2Dロードショー。
映画『三銃士／王妃の首飾りとダ・ヴィンチの飛行船』は、10月28日（金）よりTOHOシネマズ、スカラ座ほか全国3D・2Dロードショー。・映画『三銃士/王妃の首飾りとダ・ヴィンチの飛行船』特集
・映画『三銃士/王妃の首飾りとダ・ヴィンチの飛行船』特集・映画『三銃士/王妃の首飾りとダ・ヴィンチの飛行船』公式サイト
・映画『三銃士/王妃の首飾りとダ・ヴィンチの飛行船』公式サイト・映画公開記念コンテンツ「結成！○○三銃士」
即完必至！『アベンジャーズ』BE@RBRICK付き鑑賞券を限定発売 4月25日より世界各国で公開され、『アバター』『タイタニック』に次ぐ歴代3位の全世界歴代興行収入となる14億1,983万ドル（6月18日現在、BOX OFFICE MOJO調べ）を記録している“最強”映画『アベンジャーズ』。現在発売中の第一弾特典つき前売り鑑賞券（特典：US版オリジナルポスター）が好評な中、6月30日からはより第二弾特典つき劇場前売り鑑賞券と『アベンジャーズ』アッセンブルセットの発売が決定した。
現在発売中の第一弾特典つき前売り鑑賞券（特典：US版オリジナルポスター）が好評な中、6月30日からはより第二弾特典つき劇場前売り鑑賞券と『アベンジャーズ』アッセンブルセットの発売が決定した。新たな第二弾特典は、ムビチケカード一般3D券のペアセットに、『アベンジャーズ』ベアブリック4体パッケージがもれなくついてくるというもの。アイアンマン、キャプテン・アメリカ、ソー、ハルクの4人のBE@RBRICKがセットとなって『アベンジャーズ』オリジナルパッケージに収められている。
アイアンマン、キャプテン・アメリカ、ソー、ハルクの4人のBE@RBRICKがセットとなって『アベンジャーズ』オリジナルパッケージに収められている。BE@RBRICKは、クマの形をモチーフとしたフィギュアで様々な限定ものがあることから、コレクターが非常に多いことで有名。このBE@RBRICKは2,000セット限定発売で、今回の前売り特典以外では流通しないだけに、『アベンジャーズ』ファンのみならずBE@RBRICKファンも注目の、即日完売必至アイテムとなりそうだ。
このBE@RBRICKは2,000セット限定発売で、今回の前売り特典以外では流通しないだけに、『アベンジャーズ』ファンのみならずBE@RBRICKファンも注目の、即日完売必至アイテムとなりそうだ。『アベンジャーズ』アッセンブルセット（The Avengers Assemble Set） 券種：ムビチケカード一般3D券のペアチケット（1,800円×2） 売価：5,000円（税込） 特典：「アベンジャーズ」ベアブリック4体パッケージ 販売開始：6月30日（土） ※本チケットで2D版はご覧いただけません ※限定数になります。特典の追加はできません ※特典は無くなり次第、終了となります
特典の追加はできません ※特典は無くなり次第、終了となります販売劇場（全国16劇場） 東京都：TOHOシネマズ日劇、TOHOシネマズ六本木ヒルズ、TOHOシネマズ渋谷、TOHOシネマズ錦糸町、池袋シネマサンシャイン 神奈川県：TOHOシネマズららぽーと横浜、TOHOシネマズ上大岡、TOHOシネマズ川崎、TOHOシネマズ海老名 愛知県：TOHOシネマズ名古屋ベイシティ 大阪府：TOHOシネマズ梅田、TOHOシネマズなんば 京都府：TOHOシネマズ二条 兵庫県：TOHOシネマズ西宮OS 福岡県：TOHOシネマズ天神 北海道：ユナイテッドシネマ札幌
販売劇場（全国16劇場） 東京都：TOHOシネマズ日劇、TOHOシネマズ六本木ヒルズ、TOHOシネマズ渋谷、TOHOシネマズ錦糸町、池袋シネマサンシャイン 神奈川県：TOHOシネマズららぽーと横浜、TOHOシネマズ上大岡、TOHOシネマズ川崎、TOHOシネマズ海老名 愛知県：TOHOシネマズ名古屋ベイシティ 大阪府：TOHOシネマズ梅田、TOHOシネマズなんば 京都府：TOHOシネマズ二条 兵庫県：TOHOシネマズ西宮OS 福岡県：TOHOシネマズ天神 北海道：ユナイテッドシネマ札幌・『キャプテン・アメリカ ザ・ファースト・アベンジャー』特集
・『キャプテン・アメリカ ザ・ファースト・アベンジャー』特集・アベンジャーズ - 公式サイト
・アベンジャーズ - 公式サイト【関連記事】 ・映画『アベンジャーズ』の“最強”ヒーローがストラップに ・ありえないほど“最強”なヒーローが集結、『アベンジャーズ』日本版キャラクター画象が公開 ・先行上映が決定、ついに“アベンジャーズ現象”が日本上陸 ・最強映画『アベンジャーズ』が『ダークナイト』『ハリポタ』越え・竹中直人が絶賛「スカーレット・ヨハンソンの美しさを見ながら、米倉涼子の声を楽しめる」
【編集部的映画批評】本格的なパフォーマンスを約束！ 新たな聖歌隊が感動を呼ぶ MOVIE ENTERの新人編集部員であるマサキが、ビビビ！ ときた映画を紹介します。今回は、4月28日より公開となる映画『ジョイフル♪ノイズ』。『天使にラブ・ソングを』から20年、実際に歌手として活躍するキャストが勢揃いし、本格的なパフォーマンスを披露します。
『天使にラブ・ソングを』から20年、実際に歌手として活躍するキャストが勢揃いし、本格的なパフォーマンスを披露します。主演を務めるクイーン・ラティファは、映画『シカゴ』(2002年）でアカデミー賞、英国アカデミー賞、ゴールデングローブ賞、それぞれ助演女優賞にノミネート。その後、『ヘアスプレー』（2007年）に出演するなど女優として活躍していますが、1994年にアルバム『ブラック・レイン』でグラミー賞を受賞している歌手でもあります。
その後、『ヘアスプレー』（2007年）に出演するなど女優として活躍していますが、1994年にアルバム『ブラック・レイン』でグラミー賞を受賞している歌手でもあります。『ジョイフル♪ノイズ』 不況により落ち込んでいたジョージア州の小さな町パカショーの人々の唯一の楽しみは、町の教会の聖歌隊が、全米選りすぐりの聖歌隊が競う“ジョイフル・ノイズ”で優勝することだった。しかし、美しいハーモニーで知られるその聖歌隊も、中心的な女性シンガー二人の対立により分裂の危機に陥る。新しく指導者に選ばれたヴァイ・ローズ・ヒルは、伝統的な正統派のゴスペル・スタイルに頑固なまでにこだわっていた。それに対し、極めて先進的なG.G.スパロウは、そんなのはもう時代遅れだと主張する。そこへ、G.G.の孫ランディが現れたことで二人の溝はさらに深まっていくことに。果たして、バラバラになってしまった聖歌隊は“ジョイフル・ノイズ”で優勝することはできるのだろうか。
果たして、バラバラになってしまった聖歌隊は“ジョイフル・ノイズ”で優勝することはできるのだろうか。ゴスペルからポップス、R&Bまで 本作の1番の見どころは、聖歌隊のパフォーマンス。実力があり、地区大会で優勝するものの、いつも決勝大会で優勝を逃してしまう彼らの原因は、伝統的なスタイルにこだわっていることでした。それでも、冒頭で彼らが歌うのは、マイケル・ジャクソン「Man In The Mirror」です。私たちがイメージしている聖歌隊は、もう古いのかもしれませんね。ここでメインボーカルを務めたのがヴァイの娘オリビア（キキ・パーマー）。彼女の歌声に感動したランディは、聖歌隊に参加。アッシャー「Yeah! (feat. Lil Jon & Ludacris)」、クリス・ブラウン「Forever」、スティービー・ワンダー「Signed Sealed Delivered」をミックスさせ、聖歌をアレンジさせ、幅広いジャンルのアーティストの音楽を融合させます。これらの音楽は、『天使にラブ・ソングを2』やホイットニー・ヒューストン主演の『天使の贈りもの』、『マイケル・ジャクソン THIS IS IT』などを手掛けたマーヴィン・ウォーレンが監修しており、最高のパフォーマンスを約束してくれます。
これらの音楽は、『天使にラブ・ソングを2』やホイットニー・ヒューストン主演の『天使の贈りもの』、『マイケル・ジャクソン THIS IS IT』などを手掛けたマーヴィン・ウォーレンが監修しており、最高のパフォーマンスを約束してくれます。散りばめられた“笑い”に注目 聖歌隊がメインの物語ですが、その中に散りばめられた“笑い”を見逃してはいけません。オリビアとランディの距離が縮まっていく中で、聖歌隊ではアーラとスーが結ばれます。しかし、二人に突然の悲しい別れが訪れてしまうのです。なぜ別れてしまったのか。悲しむアーラの理由には、思わず笑ってしまいます。
悲しむアーラの理由には、思わず笑ってしまいます。そして、もうひとつ、笑えるポイントが、ヴァイとG.G.がヴァイの職場で喧嘩をするシーン。「え？ そんなこと言っちゃっていいの？」と心配になるほど、ヴァイはG.G.の容姿について突っ込みます。G.G.に対してというよりも、ドリー・パートン自身に言っているとも取れる悪口を連発。
G.G.に対してというよりも、ドリー・パートン自身に言っているとも取れる悪口を連発。このようにストーリーの中に“笑い”を散りばめることで、音楽以外にも楽しめ、飽きずに本作を楽しむことができます。
このようにストーリーの中に“笑い”を散りばめることで、音楽以外にも楽しめ、飽きずに本作を楽しむことができます。変わったのは聖歌隊だけじゃない ランディの参加により、みるみる変わっていく聖歌隊。それと同時に、ヴァイの息子ウォルターもまた変わっていきます。彼は、アスペルガー症候群という社会性、興味、コミュニケーションについて特異性が認められる広汎性発達障害を患っています。常に真っ黒なサングラスをしている姿は、まるでビヨンセの夫Jay-Zのよう。そんなウォルターのピアノの才能を引き出したのが、ランディでした。ウォルターの姉オリビアとの距離を縮めるために、ピアノを教えようとしていたのかと思いきや……。ランディの音楽に対する気持ちがよく表れるシーンでもあります。ピアノの才能を開花させたウォルターは聖歌隊で演奏することになります。そんな息子の姿に、変化を避けてきたヴァイも次第に変わっていくのです。
ホイットニー・ヒューストン「I will always love you」は、ホイットニーが『ボディ・ガード』で歌っていたことで有名ですが、この曲のオリジナルを作詞、作曲、歌っていたのがG.G.演じるドリー・パートンです。彼女は、ゴスペル・ナンバーの「Not Enough」「He's
彼女は、ゴスペル・ナンバーの「Not Enough」「He'sEverything」、彼女の実際の夫に捧げたバラード「From Here to the Moon and Back」の3曲を提供しています。第一線で活躍している歌手による本格的な歌は、感動すること間違いなし！本作を観終わったら、つい口ずさみたくなるでしょう。
本作を観終わったら、つい口ずさみたくなるでしょう。映画『ジョイフル♪ノイズ』は、4月28日（土）より全国公開。
映画『ジョイフル♪ノイズ』は、4月28日（土）より全国公開。映画はビビビ！のマサキの所見評価 音楽っていいなぁ度：★★★★ 歌いたくなる度：★★★★ サントラ欲しい度：★★★★★
のマサキの所見評価 音楽っていいなぁ度：★★★★ 歌いたくなる度：★★★★ サントラ欲しい度：★★★★★一覧を見る ・編集部的映画批評 ・映画『ジョイフル♪ノイズ』 - 作品情報
【MOVIE ENTERおすすめ特集】 ・『リアル・スティール』ブルーレイ/DVD/オンデマンド特集 - 興奮VS感動 どちらが勝つか！・『ガール』特集 - 香里奈、麻生久美子ら競演の“女子力のバイブル” ・「GOGW映画」 - 編集部員がオススメGW映画をプレゼン合戦 ・『僕等がいた』特集 - 生田斗真、吉高由里子が紡ぐ純愛ストーリー
・『ガール』特集 - 香里奈、麻生久美子ら競演の“女子力のバイブル” ・「GOGW映画」 - 編集部員がオススメGW映画をプレゼン合戦 ・『僕等がいた』特集 - 生田斗真、吉高由里子が紡ぐ純愛ストーリー20万人以上を動員、AKB48第2弾ドキュメンタリー映画が早くもDVD化 1月27日に全国TOHOシネマズ系94スクリーンで公開し、20日間で20万人以上を動員した、AKB48第2弾ドキュメンタリー映画『DOCUMENTARY of AKB48 Show must go on 少女たちは傷つきながら、夢を見る』。早くも4月20日には、劇場公開された本編（DISC1）に加えて、1月23日にNHK総合にて放送された「DOCUMENTARY of AKB48＋1」のディレクターズカット版や、主題歌「ファースト・ラビット」ドキュメンタリー版ミュージック・ビデオなどを収録した特典映像（DISC2）を加えたDVDが発売される。更に、AKB48オフィシャルショップ限定DVD（税込価格12,600円）は4枚組のBOX仕様となり、前田敦子や大島優子らメンバー20名に密着したロングインタビューを収録（DISC3 & DISC4）。また、フォトブックレット（84ページ予定）と私服生写真5枚（ランダム）が封入される。本日3月2日から先行予約受付が開始となっており、先着予約特典として35mmフィルムを切り出した「特製ブックマーク」の作成が予定されている。
本日3月2日から先行予約受付が開始となっており、先着予約特典として35mmフィルムを切り出した「特製ブックマーク」の作成が予定されている。『DOCUMENTARY of AKB48 Show must go on 少女たちは傷つきながら、夢を見る』 少女たちを襲う孤独と重圧、喜びと哀しみ、栄光と挫折 スターになったことでAKB48が失ったものとは… まぶしいスポットライトの裏で、がっくりと肩を落とす少女の背中。6年間、その華奢な体でどれほどの重荷に耐えて来たのだろう…。エースとして、選抜メンバーとして光を浴びながら、襲いかかるプレッシャーと強烈な孤独に向き合う日々。なぜ彼女たちは、身を切られるような風の中、それでも夢に向かっていくのか。傷つくとわかっていても、またそのステージへと上がっていくのか。スターになったことで、少女たちが手に入れたものと、失くしたものとは——。
スターになったことで、少女たちが手に入れたものと、失くしたものとは——。いまやテレビや雑誌でもAKB48を見ない日はない。だが、表舞台の華やかさだけでは"本当の姿"は語れない。カメラは、AKB48のすべてが変わった激動の2011年に完全密着。報道されなかった壮絶な舞台裏へも潜入し、その光と影を収めてきた。
報道されなかった壮絶な舞台裏へも潜入し、その光と影を収めてきた。今を生きるアイドルの素顔から、日本の未来が見えてくる 分刻みで飛び回るアイドルたちのあらゆる場面、365日に密着！走り続けることをやめない少女たちの息づかい、流れる汗とともに、ドキュメンタリーは、今を生きる彼女たちが見てきたもの、感じたこと、捧げた祈り…それらの内面にまで迫っていく。2011年3月11日。あの日以来、彼女たちは何を思い、どこへ向かおうとしているのか。アイドルとして、ひとりの人間として、今、自分たちにできること…。前作をしのぐ膨大な数の収録テープにつまった１年の軌跡を、焼けるような独占インタビューとともにつむいでいく。
前作をしのぐ膨大な数の収録テープにつまった１年の軌跡を、焼けるような独占インタビューとともにつむいでいく。・DOCUMENTARY of AKB48 Show must go on 少女たちは傷つきながら、夢を見る
・DOCUMENTARY of AKB48 Show must go on 少女たちは傷つきながら、夢を見る■関連記事 ・大島優子「どういう気持だったか、察して頂けるとありがたい」・AKB48ドキュメンタリー映画の舞台裏、巨大ポスターが新宿に出現
沢尻エリカが約４年半ぶりの女優復帰「いい女って何だろう？」 エイベックス通信放送が運営するケータイ専用放送局「BeeTV」にて、2012年2月1日より配信開始となるドラマ『L et M（エルとエム） わたしがあなたを愛する理由、そのほかの物語』。昨日11月27日よりクランクインした同ドラマでは、沢尻エリカが約4年半ぶりの女優復帰を果たし、自身初となる１人２役で女優活動を再始動することとなった。
昨日11月27日よりクランクインした同ドラマでは、沢尻エリカが約4年半ぶりの女優復帰を果たし、自身初となる１人２役で女優活動を再始動することとなった。『L et M わたしがあなたを愛する理由、そのほかの物語』は、見た目も性格も対照的な女性“エル（L）”と“エム（M）”を主人公に展開する２つの物語から成るラブストーリー。仕事をバリバリこなし、キレイでカッコいいが、恋愛に関しては純情で奥手な女性、エル（L）。かたや、純情で明るく、可愛らしいが、恋愛に関しては、積極的で小悪魔タイプな女性、エム（M）。
かたや、純情で明るく、可愛らしいが、恋愛に関しては、積極的で小悪魔タイプな女性、エム（M）。“本当にイイ女とは？”“自分の運命のヒトとは？”など女性が気になる永遠のテーマに基づいて対照的な２人の女性が登場し、繊細な女心をリアルに描く至極のラブストーリーになっている。
”など女性が気になる永遠のテーマに基づいて対照的な２人の女性が登場し、繊細な女心をリアルに描く至極のラブストーリーになっている。この２つの異なるラブストーリーは、毎話同時に更新。別々に進行する恋愛模様が、後に絡み合いひとつのストーリーに繋がっていく新しい構成となっている。
別々に進行する恋愛模様が、後に絡み合いひとつのストーリーに繋がっていく新しい構成となっている。沢尻エリカは、本作の特徴でもある２人の主人公＝“同時に演じ分けていく難しい役”だからこそ挑戦したいという自身の想いもあり、本作の企画段階から自身の恋愛感・価値観を積極的にキャラクター作りに活かし、女優復帰作としていよいよ始動する経緯となった。
沢尻エリカは、本作の特徴でもある２人の主人公＝“同時に演じ分けていく難しい役”だからこそ挑戦したいという自身の想いもあり、本作の企画段階から自身の恋愛感・価値観を積極的にキャラクター作りに活かし、女優復帰作としていよいよ始動する経緯となった。さらに、主人公のエル（L）とエム（M）の劇中衣装は、20代の女性に人気のあるファッション誌「sweet（宝島社）」、「GLAMOROUS（講談社）」による全面プロデュースが決定している。エル（L）とエム（M）、それぞれのキャラクターにあわせ、“sweet”のかわいらしさと、”GLAMOROUS”のカッコよさを衣装で使い分け、約50着に及ぶ最新ファッションを沢尻エリカが鮮やかに着こなし、ドラマに彩りを与えている。
エル（L）とエム（M）、それぞれのキャラクターにあわせ、“sweet”のかわいらしさと、”GLAMOROUS”のカッコよさを衣装で使い分け、約50着に及ぶ最新ファッションを沢尻エリカが鮮やかに着こなし、ドラマに彩りを与えている。沢尻エリカ コメント この作品は、女性2人の対照的なラブストーリーを並行して見せていくという、ケータイドラマならではの楽しい仕掛けが詰まっています。私もBeeTVスタッフの皆さんとともに、脚本の段階から「いい女って何だろう？」と恋愛感について話し合い、また、衣装やメイクアップに至るまで、制作から関わらせて頂くことができたことで、この作品への思い入れがクランクイン前から深まり撮影を迎えられました。
」と恋愛感について話し合い、また、衣装やメイクアップに至るまで、制作から関わらせて頂くことができたことで、この作品への思い入れがクランクイン前から深まり撮影を迎えられました。約4年半、役者業から遠ざかっていましたが、そこで経験したこと、感じたこと、すべて、演技に生かしていきたいと思います。私の新たな演技にご期待ください。
私の新たな演技にご期待ください。BeeTVドラマ「L et M わたしがあなたを愛する理由、そのほかの物語」ストーリー エルとエム 運命の歯車が噛み合った瞬間、２つの恋が急加速する 絵留(沢尻エリカ)は、フレンチレストランでシェフとしてバリバリ働く、男勝りな28歳だが、恋愛には奥手。密かに想いを寄せる年上男（真一）とは6年前知り合い、友人関係になったが、 「好きだ」という気持ちは言い出せないまま、真一は結婚してしまう。
密かに想いを寄せる年上男（真一）とは6年前知り合い、友人関係になったが、 「好きだ」という気持ちは言い出せないまま、真一は結婚してしまう。一方、絵夢(沢尻エリカ)は、レストランのウェイトレスとして働く、自由奔放な25歳。しかし恋愛に関しては、タイプとあらばグイグイいく小悪魔タイプ。現在は、何でも話せる年下の男友達（啓）と中途半端な関係のまま。
現在は、何でも話せる年下の男友達（啓）と中途半端な関係のまま。そんな２人はある日、それぞれタクシー乗る際に、偶然男性と出会うことから物語は始まる.....
そんな２人はある日、それぞれタクシー乗る際に、偶然男性と出会うことから物語は始まる.....真一の結婚で、叶わぬ恋に心が揺れる絵留は、一途に自分を想ってくれる男と出会い、 徐々に心惹かれていく.....
真一の結婚で、叶わぬ恋に心が揺れる絵留は、一途に自分を想ってくれる男と出会い、 徐々に心惹かれていく.....一方、偶然出会った男に自分の運命の人だと積極的にアプローチする、絵夢。果たして、２人の恋愛の結末は….、 心の中で悩み葛藤した末、導き出した“運命”とはいったい何なのか？
果たして、２人の恋愛の結末は….、 心の中で悩み葛藤した末、導き出した“運命”とはいったい何なのか？エルとエム。恋に落ちる２人の女性の物語を同時進行で見せる、全く新しい新感覚ラブストーリー。
恋に落ちる２人の女性の物語を同時進行で見せる、全く新しい新感覚ラブストーリー。配信開始日：2012年２月１日 ※最終話4月9日配信予定 毎週月曜日更新予定 週１回更新 配信尺：全12話×２ストーリー １話各５分〜７分（予定） 主演：沢尻エリカ 監督：寒竹ゆり「天使の恋」「Documentary of AKB48」 脚本：寒竹ゆり、鎌田知恵「マジすか学園」「土俵ガール」 制作プロダクション：WOWOW アスミック・エース ブロードマークス 協力： sweet編集部（宝島社）、GLAMOROUS編集部（講談社） 製作・著作：BeeTV 撮影期間：11月27日〜約３週間（予定）・ 「BeeTV」特集ページ
峰不二子に勝るとも劣らない、スタイル抜群の“イイ女”が映画デビュー 一昨日の27日、アニメ化40周年を迎え、27年ぶりに製作されたTVシリーズ『LUPIN the Third -峰不二子という女-』が最終回を迎えた。新シリーズでは、“イイ女”の代名詞ともいえる紅一点の「峰不二子」を初の主人公に迎え、原作漫画にリスペクトを寄せた、エロスに溢れ、ハードでキケンな「ルパン三世」の世界を再現。監督は「ルパン三世」史上初の女性監督となる山本沙代が務め、「趣味はセックス遊び、クレイジーでクールな刹那主義者」という峰不二子が描かれた。
監督は「ルパン三世」史上初の女性監督となる山本沙代が務め、「趣味はセックス遊び、クレイジーでクールな刹那主義者」という峰不二子が描かれた。当然ながら、峰不二子は架空の人物であり、実在はしない。
当然ながら、峰不二子は架空の人物であり、実在はしない。来年2月には、長澤まさみによって『ルパン三世：外伝〜峰不二子は三度、死ぬ』（仮題）が実写化されるとも一部で報じられているが、峰不二子と言えば、バスト99.9cm、ウェスト55.5cm、ヒップ88.8cmのダイナマイトボディ。ネットユーザーが考えた配役では、真木よう子、藤原紀香、米倉涼子、片瀬那奈、小池栄子、杉本彩などの名前が挙がっている。
ネットユーザーが考えた配役では、真木よう子、藤原紀香、米倉涼子、片瀬那奈、小池栄子、杉本彩などの名前が挙がっている。そんな中、峰不二子に勝るとも劣らない、抜群のスタイルと勝ち気な性格をもつ一人の美女が映画デビューを飾る。彼女の名前は、ジェネシス・ロドリゲス。7月7日より公開となる映画『崖っぷちの男』でサム・ワーシントン演じる“崖っぷちの男”ニック・キャシディと共に“ある計画”を遂行する。
7月7日より公開となる映画『崖っぷちの男』でサム・ワーシントン演じる“崖っぷちの男”ニック・キャシディと共に“ある計画”を遂行する。ジェネシスが演じるアンジー・ロペスは、ニックの弟ジョーイの彼女だ。ネタバレになるので詳しくは言えないが、“ある計画”の最中ピンクの下着姿を披露する着替えシーンがあり、その抜群のスタイルに男性諸君は目を奪われるに違いない。予告編では一瞬だが、そのシーンが映し出されているので、まずは特集ページ上部の動画をチェック。
予告編では一瞬だが、そのシーンが映し出されているので、まずは特集ページ上部の動画をチェック。ジェネシスは自身が演じたアンジーについて「私の役のアンジーは、作戦を成功させようとがんばるの。ドキドキして不安なんだけどわくわくもしてる。でも、こういうことをするには度胸がいるわよね。実際は、自分の作戦ではないの。恋人の兄を救うんだから、本当は自分には関係ないんだけど、作戦に加わっていたいの。彼女は頭の回転が早くて、生きる術を知ってる。アンジーを演じるのはほんとに楽しかったわ。彼女はいつも元気でパワフル。ジョーイと常に走り回っているの。本当に演じるのが楽しかった。」とコメント。
」とコメント。最後に日本のファンへ向けて「早く日本に行きたいです。」とメッセージを述べているので、今から首を長くして待つとしよう。
本作にちなんで、MOVIE ENTERの特集ページでは“崖っぷち度”診断を実施中。診断結果をツイートしてくれた方には、抽選で1名様にiPad（16GB、ブラック／ホワイトのいずれか）をプレゼント。
診断結果をツイートしてくれた方には、抽選で1名様にiPad（16GB、ブラック／ホワイトのいずれか）をプレゼント。・『崖っぷちの男』特集
“神失格の男”ソーが明かす「アベンジャーズは仲の悪い家族」 いよいよ8月14日に日本での3D/2D公開を控え、今、世界で最も観られている“100年に1度の映像プロジェクト”『アベンジャーズ』。空前のスケールで描かれる大迫力のアクションと奥深い人間ドラマを、ロバート・ダウニーJr.、スカーレット・ヨハンソン、クリス・ヘムズワース、サミュエル・L.ジャクソンら超豪華スターの競演により映画化。公開を2週間後に控え、雷神ソー役を演じたクリス・ヘムズワースのインタビュー映像を独占入手した。
公開を2週間後に控え、雷神ソー役を演じたクリス・ヘムズワースのインタビュー映像を独占入手した。“神失格の男”ソーは、神の世界アスガルドに生まれ、傲慢な性格から一度は地球へと追放されながらも、義弟である邪神ロキの脅威から人類を救い、凱旋を果たした最強の戦士。再び地球の支配を目論むロキを前に、ソーはアベンジャーズの一員として協力を求められる一方で、身内による不始末を自らの手で解決しようと、複雑な立場の中で葛藤する。
再び地球の支配を目論むロキを前に、ソーはアベンジャーズの一員として協力を求められる一方で、身内による不始末を自らの手で解決しようと、複雑な立場の中で葛藤する。彼のみならず、完全無欠に見えるヒーローたちは誰もが心の傷に囚われていて、史上最大の敵との戦いの中で、彼らの知られざる過去と苦悩が明かされていく。
彼のみならず、完全無欠に見えるヒーローたちは誰もが心の傷に囚われていて、史上最大の敵との戦いの中で、彼らの知られざる過去と苦悩が明かされていく。クリス・ヘムズワースはインタビューで、“アベンジャーズ”チーム内の力関係について“仲の悪い家族”と形容。また、役柄だけでなく、それぞれが主役級俳優として強い個性をもつ彼らが、一つのチームとして団結して撮影に臨むには、互いの信頼関係が必要とされたのだろう。クリス・ヘムズワースは、戦う実業家アイアンマン（トニー・スターク）役のロバート・ダウニーJr.や、苦悩の科学者ハルク（ブルース・バナー）役のマーク・ラファロとの共演についても語っている。
クリス・ヘムズワースは、戦う実業家アイアンマン（トニー・スターク）役のロバート・ダウニーJr.や、苦悩の科学者ハルク（ブルース・バナー）役のマーク・ラファロとの共演についても語っている。MOVIE ENTERでは、8月14日（火）夕刻、TOHOシネマズ 六本木ヒルズで行われる『アベンジャーズ』ジャパンプレミアに2組4名様をご招待。締め切りは、8月3日（日）午後5時まで。応募は、コチラから。
応募は、コチラから。・映画『アベンジャーズ』 - 作品情報
・映画『アベンジャーズ』 - 作品情報■関連記事・最強のハンマー×盾、『アベンジャーズ』本編映像を先行公開・史上最強の映画『アベンジャーズ』の声優に“最強芸人”雨上がり・宮迫が決定・【プレゼント】“最強”のヒーローが日本上陸！『アベンジャーズ』ジャパンプレミアにご招待・即完必至！『アベンジャーズ』BE@RBRICK付き鑑賞券を限定発売・映画『アベンジャーズ』の“最強”ヒーローがストラップに
【編集部的映画批評】仮面ライダーとスーパー戦隊の「大人の事情」 1980年代は、仮面ライダーやスーパー戦隊の映画というと「東映まんがまつり」でアニメなどとセットで上映されるものだった。だが、今は、それぞれ単独で上映されるほど中身が濃いものとなっている。そして、さらに進化した形が「ライダー」と「戦隊」という二つの異なるヒーローが同じ世界で物語を展開する形。それが今回公開された『仮面ライダー×スーパー戦隊 スーパーヒーロー大戦』だ。
それが今回公開された『仮面ライダー×スーパー戦隊 スーパーヒーロー大戦』だ。公開第1週は、動員35万5,985人、興収4億1,003万8,450円をあげて観客動員数ランキングで1位に輝いている。昨年公開の『オーズ・電王・オールライダー レッツゴー仮面ライダー』との比較で134パーセントとなる大ヒットスタートを切っている。
昨年公開の『オーズ・電王・オールライダー レッツゴー仮面ライダー』との比較で134パーセントとなる大ヒットスタートを切っている。『仮面ライダー×スーパー戦隊 スーパーヒーロー大戦』 長きに渡り地球の平和を守り続けてきた仮面ライダーとスーパー戦隊。しかし、ある日突然仮面ライダーディケイドが全てのスーパー戦隊を、ゴーカイレッドが全ての仮面ライダーを攻撃しはじめた。戦いの謎を解くため、デンライナーは過去の時間へと出発する。（作品情報へ）
（作品情報へ）仮面ライダーディエンドがいろいろな意味で目立つ 現在、TV放送されているのは「仮面ライダーフォーゼ」「特命戦隊ゴーバスターズ」ではあるが、今回の映画で主軸となるのは「仮面ライダーディケイド」と「海賊戦隊ゴーカイジャー」だ。各時代のヒーローと戦うというストーリーからこの二組になったのだろう。ここで、注目は「仮面ライダーディエンド」の活躍。ディエンド・海東大樹は、スーパー戦隊を滅ぼそうとするディケイド・門矢士を心配して、止める手立てはないかと奔走する。“お宝”しか興味なかったTVシリーズの初登場時に比べると、この海東が士に友情を感じている部分は、感慨深いものである。また、ゴーカイブルー・ジョーとのやり取りも良い。同じキザでクールな存在だが、海東が「熱い奴だ」とジョーに言う。確かに歴代戦隊のクールポジションキャラの中で、ジョーは熱い部類なのかも知れない。最後の海東の行動については、賛否両論があるだろう。だが元々の“お宝執着の理由”を考えれば、まあ納得もできる。
だが元々の“お宝執着の理由”を考えれば、まあ納得もできる。コラボレーション技がすごい 今回は、戦闘というよりは謎解きのパートが多い。必殺技をこれでもかと連発する迫力アクションが好きな人にはちょっと物足りないかも知れない。ただ、仮面ライダーと戦隊のコラボレーション技については、テンションが上がる。「魔法戦隊マジレンジャー」が魔法で敵の動きを封じて、「仮面ライダー響」が炎で滅するなど、ヒーローの枠を超えたコンビネーションで戦う姿は、今回ならではの魅力。最近、ヒーロー大集合の映画が多くて「多人数で何だかわからない乱闘はもう良い」という、ちょっと食傷気味な人も、こういったコラボ要素が見られるのであれば楽しむことができるだろう。
最近、ヒーロー大集合の映画が多くて「多人数で何だかわからない乱闘はもう良い」という、ちょっと食傷気味な人も、こういったコラボ要素が見られるのであれば楽しむことができるだろう。大人の事情を持ち出したのは残念 「仮面ライダーBLACK」の“信彦”ネタなど、往年のファンをくすぐる小ネタがいつも以上に多かったような気がする。ただ、残念なことは、仮面ライダーとスーパー戦隊がつぶし合う理由に“大人の事情”を絡めてきたことだ。正直、ビジネスを知らない子供たちは何のことかわからないだろう。それに興味もないだろう。大人の中には「まあ、そういうこともあるな」と思う人がいるかも知れないが、そこは本編とは関係ない。本編内で使われた小ネタを散りばめてマニアを喜ばせるのは良いことだが、ビジネス面での裏話を持ってくるのは、興が削がれてしまう。おまけ動画でなら良いが1本の映画の中では入れて欲しくなかった。戦う理由がどんなだったかは明かさないでおくが、最近の映画シリーズの質が高かっただけに個人的にここには不満が残る。
戦う理由がどんなだったかは明かさないでおくが、最近の映画シリーズの質が高かっただけに個人的にここには不満が残る。今作は、全体的に「大人のマニア層」寄りな内容。ライダーとスーパー戦隊のコラボというテーマの時点で、そうなるのは仕方がないことかも知れない。
ライダーとスーパー戦隊のコラボというテーマの時点で、そうなるのは仕方がないことかも知れない。ただ、ラストの方では、お約束だが「仮面ライダーフォーゼ」と「特命戦隊ゴーバスターズ」が活躍をする。その点に関して、現役ファンである子供たちも楽しめるだろう。
その点に関して、現役ファンである子供たちも楽しめるだろう。ヒーロー妄想のカンタの所見評価 アクション度：★★ マニア度：★★★★ 謎解き度：★★★ 一覧を見る ・『仮面ライダー×スーパー戦隊 スーパーヒーロー大戦』 - 作品情報 ネット版 仮面ライダーディケイド オールライダー超(スーパー)スピンオフ [DVD]posted with amazlet at 12.05.02TOEI COMPANY,LTD.(TOE)(D) (2009-12-11) 売り上げランキング: 5825 Amazon.co.jp で詳細を見る
ヒーロー妄想のカンタの所見評価 アクション度：★★ マニア度：★★★★ 謎解き度：★★★ 一覧を見る ・『仮面ライダー×スーパー戦隊 スーパーヒーロー大戦』 - 作品情報 ネット版 仮面ライダーディケイド オールライダー超(スーパー)スピンオフ [DVD]posted with amazlet at 12.05.02TOEI COMPANY,LTD.(TOE)(D) (2009-12-11) 売り上げランキング: 5825 Amazon.co.jp で詳細を見る【MOVIE ENTER 特別連載】 ・編集部的映画批評 - 編集部がオススメ映画をピ
【MOVIE ENTER 特別連載】 ・編集部的映画批評 - 編集部がオススメ映画をピックアップ ・オトナ女子映画部 - 恋する女子が観ておきたい
ックアップ ・オトナ女子映画部 - 恋する女子が観ておきたい・漫画コラム - いちおう妖ヶ劇場、好評連載中
・DVDエンター - おすすめDVDをご紹介
有言実行の男、ジュード・ロウが自信作を引っ提げ来日決定 シャーロック・ホームズの盟友、ワトソン医師が日本へやってくる！映画『シャーロック・ホームズ シャドウ ゲーム』（3月10日公開）でジョン・ワトソン医師役を務めるジュード・ロウが2月13日に来日することが決定。15日に記者会見を行い、16日には、TOHOシネマズ六本木で行われるジャパンプレミアに出席する予定だ。
15日に記者会見を行い、16日には、TOHOシネマズ六本木で行われるジャパンプレミアに出席する予定だ。本作は、全世界で約400億ドルを超える大ヒットを記録し、日本でも最終興行成績21億万円を記録した映画『シャーロック・ホームズ』の最新作。物語は、各地で連続爆破事件が発生するところから始まる。謎を追うシャーロック・ホームズは、インド、中国、アメリカ、ヨーロッパなど世界中で発生している未解決の重大事件は全て繋がっていることを知る。
謎を追うシャーロック・ホームズは、インド、中国、アメリカ、ヨーロッパなど世界中で発生している未解決の重大事件は全て繋がっていることを知る。その黒幕こそが、知能・腕力ともにホームズと全く互角の“もう一人の天才”ジェームズ・モリアーティ教授だった。彼は、誰も思いつかないような手口で歴史を操作し、自らの手を汚さずに民衆の命を奪い、絶大な富と権力を手に入れようとしていた。モリアーティを止めようとするホームズとワトソンは、反撃に出たモリアーティがヨーロッパ中に張り巡らせた巧妙な罠をくぐり抜け、ついに決戦の地・スイスへと辿り着く。軍配は、どちらの“天才”に上がるのか。
軍配は、どちらの“天才”に上がるのか。ガイ・リッチー監督が再びメガホンを取り、前作を遥かに超えるスケールを実現。ホームズ役はもちろん、前作でゴールデン・グローブ賞を受賞したロバート・ダウニーJr.だ。ワトソン役を演じるジュード・ロウは「前回は、ホームズとワトソンの関係を確立することに大きなやりがいを感じた。今回は、僕もロバートも最初からテンション全開で演じたんだ」と自信満々のコメントをしている。
今回は、僕もロバートも最初からテンション全開で演じたんだ」と自信満々のコメントをしている。モリアーティ役は『ベンジャミン・バトン 数奇な人生』のジャレッド・ハリスが演じる。
モリアーティ役は『ベンジャミン・バトン 数奇な人生』のジャレッド・ハリスが演じる。今回の来日が前作のPR以来2年ぶり7度目となるジュード・ロウ。前回の来日時「東京に戻って来ることができて本当に嬉しい。日本は僕にとって1番好きな外国です」と親日家を公言していた。昨年行われたヨーロッパ・プレミアでは「2月に日本へ行くからね！皆さん、元気に良い年を迎えてくださいね！」と宣言。実際に来日することが決定し、有言実行する形となった。ルックスだけでなく、その行動力も人気の要因の一つなのだろう。
ルックスだけでなく、その行動力も人気の要因の一つなのだろう。原作ファンの間で有名なモリアーティがついに登場する本作。目の前に“もう一人の天才”が立ちはだかった時、史上最強のコンビは、どんなアクション、サスペンス、謎解きをみせてくれるのだろうか。
目の前に“もう一人の天才”が立ちはだかった時、史上最強のコンビは、どんなアクション、サスペンス、謎解きをみせてくれるのだろうか。クライマックスのスイス・アルプス「ライヘンバッハの滝」での一騎打ちは、映画史に残るであろう圧巻のシーンとなっている。
クライマックスのスイス・アルプス「ライヘンバッハの滝」での一騎打ちは、映画史に残るであろう圧巻のシーンとなっている。昨年12月16日に全米で公開され、現在までに興行収入1億7000万ドル、世界興行収入では4億ドルを突破し、前作と同様に大ヒットを記録している。ジュード・ロウが来日することで、日本でのヒットも期待できそうだ。
ジュード・ロウが来日することで、日本でのヒットも期待できそうだ。映画『シャーロック・ホームズ シャドウ ゲーム』は、3月10日（土）より、丸の内ルーブルほか全国ロードショー。
映画『シャーロック・ホームズ シャドウ ゲーム』は、3月10日（土）より、丸の内ルーブルほか全国ロードショー。・作品情報
・作品情報【関連記事】・最強コンビに忍び寄る影の正体とは？ 『シャーロック・ホームズ』最新作ポスター公開・世界一有名な探偵が女装？ 『シャーロック・ホームズ シャドウ ゲーム』の予告映像が公開・史上最強の名コンビ・ホームズ＆ワトソンが帰ってくる、続編の日本公開が決定
【週末映画まとめ読み】夏だ、プールだ、映画館だ！MOVIE ENTER夏映画特集2012がスタート 今週1週間に起こった出来事を振り返る「週末映画まとめ読み」。先週末の動員ランキングは、“戦う白雪姫”を描いた『スノーホワイト』が2週連続の首位。2位から4位までも前週と同様の作品が各順位を占めています。しかし驚異的なのが9週目にして4位の『テルマエ・ロマエ』。興行収入55億円突破も間近の大ヒットとなっています。5位には香取慎吾主演、広末涼子共演の『LOVE まさお君が行く!』が初登場。同じく封切られた傑作コミックの映画化第二弾『ベルセルク 黄金時代篇II ドルドレイ攻略』は9位でした。詳しいランキングはこちら。
詳しいランキングはこちら。さて、夏もまもなく本番。夏休みの旅行などイベント盛り沢山の楽しい季節が近づいています。海や花火などのアトラクションの選択肢の一つとして、映画館で過ごすのも乙な物。MOVIE ENTERでは、編集部オススメの“夏に見逃してはいけない映画”をピックアップ。毎週1本づつオススメ作品を紹介する特集を開始しました。
毎週1本づつオススメ作品を紹介する特集を開始しました。その第一回目の作品は『ピラニア リターンズ』（7月14日公開）。あまりの過激な露出描写や残酷シーンからR-15指定を受けたモンスターパニック映画『ピラニア 3D』の続編です。今回は過激度がさらにパワーアップし、なんとR-18（18禁）指定に！水着美女やビーチの様子も楽しめる、大人のためのアトラクションムービーと言っていいでしょう。
水着美女やビーチの様子も楽しめる、大人のためのアトラクションムービーと言っていいでしょう。・夏だ、プールだ、ピラニアだ！リア充爆発 『ピラニア リターンズ』
リア充爆発 『ピラニア リターンズ』・MOVIE ENTER 夏特集2012 レジャーシーズンが近づくにつれ、大作映画のプロモーションも活発化してきています。全米では歴代興行収入第4位を誇り、社会現象を巻き起こした『ダークナイト』の続編『ダークナイト ライジング』（7月28日公開）。この作品の新ビジュアル解禁とともに、業界を超えた著名人たちが作品に期待のコメントを寄せています。作品を観る前から絶賛のコメントが寄せられるのは、極めて異例。それほど多くの人が本作公開を待ち望んでいるということでしょう。
それほど多くの人が本作公開を待ち望んでいるということでしょう。一方で『プロメテウス』（8月24日公開）は『エイリアン』『ブレード・ランナー』のリドリー・スコット監督のSF大作ということもあり、制作前から作品の内容には様々な憶測が飛び交っていました。公開された第二弾ポスターや予告編でも、謎が深まるばかり。そのファンの期待を煽るかのように、劇場やプレミア上映で徐々にその謎を明かしていくようです。
・映画監督、スポーツ選手ら各界の著名人が『ダークナイト ライジング』を大絶賛
・リドリー・スコット監督最新作で謎だらけのキャンペーンを開始
・人類を創ったのは“神”でも“進化論”でも“DNA”でもない 邦画作品では、人気コミック原作映画の新たな情報が次々公開されています。週刊少年ジャンプに長期連載され、テレビアニメ化もされた傑作時代劇漫画の実写化『るろうに剣心』（8月25日公開）の新ポスタービジュアルが公開。これまでと違う躍動感あふれる様子は、そのアクションが凄まじいものに仕上がっている予感を感じさせます。本作はアクション監督を世界第一線で活躍する谷垣健治氏がつとめ、4カ国語の字幕付き特報が配信されるなど、世界へ向けた展開を視野に入れており、ファンならずとも期待が高まります。
本作はアクション監督を世界第一線で活躍する谷垣健治氏がつとめ、4カ国語の字幕付き特報が配信されるなど、世界へ向けた展開を視野に入れており、ファンならずとも期待が高まります。また殺伐としたダークな世界観でテレビドラマ化もされた『闇金ウシジマくん』は過激な予告編が解禁。山田孝之演じる丑嶋が債務者を追い詰める残酷映像や、AKB大島演じる未來が母親に“ありえない”強要をされるなど、原作以上のダークな展開を予想させる映像になっています。どちらの作品も衝撃的なものになりそうです。
・『るろうに剣心』の本ポスターに壮絶な闘いを予感
・『闇金ウシジマくん』の“過激すぎる”予告映像が公開 また、イベントも盛り沢山でした。『テルマエ・ロマエ』が大ヒット中の上戸彩主演のTBSドラマ『金子みすゞ物語−みんなちがって、みんないい−』の完成試写会にプロデューサーの石井ふく子氏らが登壇。みすゞ役に感情移入しすぎた上戸が泣き出したエピソードなどを語りました。演出の清弘誠氏が「上戸さんの代表作になる」と太鼓判を押すほどの熱の入った演技になっているようです。
公開が始まった『ベルセルク 黄金時代篇II ドルドレイ攻略』の初日舞台挨拶には主演の岩永洋昭、櫻井孝宏らが登壇。激しい“性と暴力”の描写に比例した、厳しい収録の模様などを告白しました。原作者の三浦健太郎氏もその描写に満足したということからも、完成度の高い作品になっていることがうかがえます。
原作者の三浦健太郎氏もその描写に満足したということからも、完成度の高い作品になっていることがうかがえます。MOVIE ENTERではその興奮を懐かしの“ゲームブック”で味わえる、『ベルセルク 黄金時代篇II ドルドレイ攻略』特集ページをオ
MOVIE ENTERではその興奮を懐かしの“ゲームブック”で味わえる、『ベルセルク 黄金時代篇II ドルドレイ攻略』特集ページをオープン。映画の予習がてら、ぜひ一度覗いてみてください。
映画の予習がてら、ぜひ一度覗いてみてください。・上戸彩の代表作となるか「金子みすゞ物語」・ベルセルクのパート2を振り返り、岩永洋昭「10000キロカロリーくらい消費した」・『ベルセルク 黄金時代篇II ドルドレイ攻略』特集 その他の記事はこちら・自殺志願者に自殺を思いとどまらせる“交渉術”・峰不二子に勝るとも劣らない、スタイル抜群の“イイ女”が映画デビュー・『崖っぷちの男』特集・“夢を追う”子供と“夢を諦めさせる”親の気持ち・スギちゃんが初冠番組「俺はこれから地上波で消えていくぜ。ワイルドだろ〜。」・一夜限り！広末涼子ら出演の懐かしいドコモCMがオンエア
6月30日（土）からは、遂にマーヴェル・コミックが生んだ人気ヒーロー映画のリブート（再起動）作品『アメイジング・スパイダーマン』が公開。すでに先行公開され、これまでと全く違うテイストが議論の的になっています。果たして興行成績はどうなるのでしょう。邦画では、大人気ドラマの映画化『臨場 劇場版』も公開になります。MOVIE ENTERで連載中の「いちおう妖ヶ劇場」は、カルトな人気を誇る奇天烈コメディ『ヅラ刑事』をピックアップ。モト冬樹がカツラをブーメランのごとく操る強烈な作品です。その他「オトナ女子映画部」も更新していますので、チェックしてみてください。
その他「オトナ女子映画部」も更新していますので、チェックしてみてください。・インタビュー：有森裕子「お互いに嘘は無い、それは確かなこと」・【いちおう妖ヶ劇場】第15話：バカ映画ばっかつくって何が悪いの巻・【オトナ女子映画部】新ヒロインの小悪魔ぶりは学ぶべきポイントだらけ！ 『アメイジング・スパイダーマン』・映画情報・「MOVIE ENTER」提供記事一覧
『アメイジング・スパイダーマン』・映画情報・「MOVIE ENTER」提供記事一覧日別映画ニュースまとめ：23日（土）｜24日（日）｜25日（月）｜26日（火）｜27日（水）｜28日（木）｜29日（金）
日別映画ニュースまとめ：23日（土）｜24日（日）｜25日（月）｜26日（火）｜27日（水）｜28日（木）｜29日（金）電撃発表！ブルース・ウィリスが育毛剤をプロデュース!?ダイハツ「ミライース」のCMでのお茶目な姿が話題のハリウッド・スター、ブルース・ウィリス。今年は現在公開中の『セットアップ』に続き、4月7日よりTOHOシネマズ六本木ヒルズ、シネマサンシャイン池袋他にて全国公開となる『キリング・ショット』に出演。その後も『G.I.ジョー バック2リベンジ』や『エクスペンダブルズ2』の日本公開が決定しており、本国アメリカでは「ダイ・ハード」シリーズ第5弾『A Good Day To DieHard（原題）』や『RED／レッド』の続編企画が進行している。
その後も『G.I.ジョー バック2リベンジ』や『エクスペンダブルズ2』の日本公開が決定しており、本国アメリカでは「ダイ・ハード」シリーズ第5弾『A Good Day To DieHard（原題）』や『RED／レッド』の続編企画が進行している。ブルース・ウィリスがマフィアのボス・メルを演じる『キリング・ショット』は、彼が『パルプ・フィクション』や『シン・シティ』、『ラッキーナンバー7』などに続き、脚本に惚れこんで出演を決めた話題作。舞台は真夜中のラスベガス。登場人物は、全員クセ者。物語は、薬物の取引が行われるという、とあるダイナーを中心に展開していく。
物語は、薬物の取引が行われるという、とあるダイナーを中心に展開していく。不動のハリウッド・スターとして長年、世界のトップを走るブルース・ウィリスが、『キリング・ショット』の日本公開を記念して、ついに育毛剤をプロデュース。映画公開と同じく4月7日から発売開始との電撃発表がされた。
映画公開と同じく4月7日から発売開始との電撃発表がされた。『ダイ・ハード』シリーズで不死身の刑事を演じていたブルースの「絶対に死なない毛根を手に入れろ!!」という熱い想いに応えるべく、プロジェクトチームは日夜開発にいそしんできた。そしてこの度、ついに毛髪マネジメントの頼れる相棒、育毛剤「キリング・ショット」の発売が決定。発売に先駆けて、本日4月1日より「キリング・ショット」公式サイトにて先行予約を開始しているので、お買い求めはお早めに。
発売に先駆けて、本日4月1日より「キリング・ショット」公式サイトにて先行予約を開始しているので、お買い求めはお早めに。育毛剤「キリング・ショット」商品概要使いやすいローションタイプ包装容量：240mlブルース希望小売価格：30,000円（税込）
育毛剤「キリング・ショット」商品概要使いやすいローションタイプ包装容量：240mlブルース希望小売価格：30,000円（税込）・『キリング・ショット』公式サイトはコチラ
長編アニメーション賞はジョニー・デップの『ランゴ』日本時間27日10時半より開催された、第84回アカデミー賞の授賞式。長編アニメーション賞はジョニー・デップの『ランゴ』が選ばれた。
長編アニメーション賞はジョニー・デップの『ランゴ』が選ばれた。【他にノミネートされていた作品】・パリ猫の生き方・チコとリタ・カンフー・パンダ2・長ぐつをはいたネコ
【他にノミネートされていた作品】・パリ猫の生き方・チコとリタ・カンフー・パンダ2・長ぐつをはいたネコ『ランゴ』ストーリーTV番組のヒーローに憧れるペットのカメレオン・ランゴは、ひょんなことから砂漠をさまよう羽目になり、ダートタウンという街に赴く。そこで砂漠の住人たちに、自分はヒーローだとホラを吹き、たちまち人気者になる。そんな中、街にはある陰謀が渦巻いていて——。
そんな中、街にはある陰謀が渦巻いていて——。『ランゴ』は、ジョニー・デップが声優に挑戦したことの他に、キャラクターの動きも彼の動きを元につくられたことでも話題になった。
『ランゴ』は、ジョニー・デップが声優に挑戦したことの他に、キャラクターの動きも彼の動きを元につくられたことでも話題になった。・第84回アカデミー賞特集・【速報】第84回アカデミー賞・『ランゴ』作品情報
・第84回アカデミー賞特集・【速報】第84回アカデミー賞・『ランゴ』作品情報【関連記事】・「秘密結社 鷹の爪」の蛙男商会が、ジョニデの『ランゴ』とコラボ
【週末映画まとめ読み】米国版“ガリレオ”、美人すぎる女スパイ・・・今、海外ドラマがアツイ！今週1週間に映画界で起こった出来事を紹介する「週末映画まとめ読み」。まずは、特にアクセス数の多かった映画記事トップ10を振り返ってみましょう。今週は、人気海外ドラマを取り上げたニュースが話題となりました。
今週は、人気海外ドラマを取り上げたニュースが話題となりました。7月27日よりロンドン・オリンピックが開幕し、世界中がオリンピックで盛り上がる中、世界のコメディーキャラクター・Mr.ビーンも盛り上げてくれました。
第1位 米国版“ガリレオ“!? 最強の謎解きミステリーが、この夏遂に解禁主人公“探偵ガリレオ“こと、天才物理学者湯川と女性刑事の内海の、まるで水と油のようなコンビが超常現象のような摩訶不思議な難事件を解決していくという、東野圭吾原作の大ヒットドラマ「ガリレオ」。その人気シリーズの米国版ともいえる、全米最強の本格ミステリーが明日8月3日（金）遂にDVDリリースとなる。
その人気シリーズの米国版ともいえる、全米最強の本格ミステリーが明日8月3日（金）遂にDVDリリースとなる。記事全文
記事全文第2位 “美人すぎる”女スパイが同性にも支持されるワケ若者のドラマ離れが加速しているというが、その一方で話題の海外ドラマが次々に日本上陸を果たしている。アメリカで特に人気のジャンルは犯罪捜査もので、これまで男性ターゲットな作品が多かったが、最近では女性からも支持される犯罪捜査ものが登場。2010年7月にUSAネットワークで放送開始したサスペンス・アクション『コバート・アフェア』は初回視聴者数490万人を記録し、同年のケーブル局の新作ドラマで見事1位の視聴者数を獲得。
2010年7月にUSAネットワークで放送開始したサスペンス・アクション『コバート・アフェア』は初回視聴者数490万人を記録し、同年のケーブル局の新作ドラマで見事1位の視聴者数を獲得。記事全文
記事全文第3位 超肉食系ヒロインの大胆ヌードが美しい映像でよみがえる！意志の強そうな眉と鋭い眼差し、官能的な唇と野性的な雰囲気。1986年、フランス映画界に彗星のごとく現れた女優ベアトリス・ダルのデビュー作でもあり、代表作でもある『ベティ・ブルー 愛と激情の日々』(86)。演技とは思えないゾルグ役のジャン＝ユーグ・アングラードの腰つきとダルの大胆なあえぎ声で幕を開ける物語記事全文
第4位 伊藤英明、『海猿』で人命救助した後は皆殺し！『悪の教典』での変ぼうぶり！映画『BRAVE HEARTS 海猿』が大ヒット公開中の俳優・伊藤英明が、今秋公開の映画『悪の教典』では大量殺戮（さつりく）事件を起こす高校教師を演じる。『海猿』シリーズでは人命救助に命を懸ける主人公・仙崎大輔というハマリ役を手にした伊藤が、今度はその正反対ともいえる作品でどんな演技を見せてくれるのかが一つのポイントになっている。記事全文
第5位 “素顔”のマリリン・モンローが日本へ 世界のセックス・シンボルが日本へやってくる！映画『マリリン 7日間の恋』BLu-ray&DVDの発売を記念して、代官山の蔦屋書店で“素顔のマリリン・モンロー”と題した写真展が開催されることが決定した。1963年8月5日に36歳の若さでこの世を去ってから、今年で没後50年を迎えるマリリン・モンローは、今年度カンヌ国際映画祭のポスタービジュアルに選ばれ、今もなお人々を魅了し続ける大スター。記事全文
6位〜10位 6位 ロンドンオリンピックの開会式に “Mr.ビーン” が登場し世界が抱腹絶倒！海外ネットの声「史上最高の開会式だ」
7位 『トガニ 幼き瞳の告発』原作者、「現実はもっと酷かった、加害者たちの態度には愕然」
8位 ケイティ・ペリー、悩殺バスト“チラ見せ”セクシードレスで試写会へ！
8位 ケイティ・ペリー、悩殺バスト“チラ見せ”セクシードレスで試写会へ！9位 ジェット・リー代役の死亡で訴訟沙汰に…スタローン主演「エクスペンダブルズ2」に波乱！—香港
10位 広末涼子「かわいすぎるから」NG!? 女性的な魅力封印で新境地！
夏休みが始まり、『マダガスカル3』や『仮面ライダーフォーゼ THE MOVIE みんなで宇宙キターッ！』、『特命戦隊ゴーバスターズ THE MOVIE 東京エネタワーを守れ！』といった子どもが楽しめる映画が続々と公開します。『（500）日のサマー』のジョセフ・ゴードン=レヴィット主演の映画『ハーフ・デイズ』にも注目です。
『（500）日のサマー』のジョセフ・ゴードン=レヴィット主演の映画『ハーフ・デイズ』にも注目です。また、MOVIE ENTERでは「夏映画特集 2012」を特集。夏にぴったりの映画を紹介しているので、ぜひチェックしてみてください。
夏にぴったりの映画を紹介しているので、ぜひチェックしてみてください。最後に、人気の映画試写会プレゼントもご紹介。どしどし、ご応募ください。
どしどし、ご応募ください。試写会プレゼント ・新たなヒロインは“美しい”暗殺者、映画『コロンビアーナ』試写会にご招待 ・ハリウッドも注目する“笑って泣ける”話題作『最強のふたり』ジャパンプレミアにご招待 ・原作者をも唸らせる仕上がりに期待！『るろうに剣心』舞台挨拶付きプレミア試写会にご招待 ・ジュリア・ロバーツが悪役に初挑戦！『白雪姫と鏡の女王』特別試写会にご招待 ・サッカー強豪国ドイツの知られざる真実とは？『コッホ先生と僕らの革命』試写会にご招待 ・チュート徳
『コッホ先生と僕らの革命』試写会にご招待 ・チュート徳井が徹底した役作りで挑む！『莫逆家族 バクギャクファミーリア』完成披露試写会にご招待
【いちおう妖ヶ劇場】第2話：パパはいつでも娘をパパラッチの巻 【前回までのあらすじ】 大富豪から一転して貧乏になった勅使河原 栄華（てしがわら えいか）は、ボロアパートで一人暮らしをすることになるが、そこには映画のうんちくを語る奇妙なネコ仙人など、妖怪たちが住んでいた。落ち込む栄華は、部屋でトランプ占いをすることで未来の希望を見出そうとする。だが、そんな彼女の後ろ姿を見つめる妖しい視線が……（まずは第1話を読む）
■次のページへ 『アメリカン・パイ』（アメリカ：1999年） ミシガン州の高校に通うジムは、親友のオズ、ケビン、フィンチのと共に「高校卒業までに童貞を卒業する」という目標を立てる。それぞれが、友達に良い噂を流してもらったり、コーラス部に入ったり、“性のバイブル”を探し求めたりと行動を開始する。
それぞれが、友達に良い噂を流してもらったり、コーラス部に入ったり、“性のバイブル”を探し求めたりと行動を開始する。1 2 3
最強映画『アベンジャーズ』、歴代最速で『アバター』『ハリポタ』越え 4月25日より世界各国で公開され、29カ国で歴代記録を更新するなど驚異的な大ヒットを記録している映画『アベンジャーズ』。全米では5月4日に公開され、週末3日間で『ハリー・ポッターと死の秘宝 PART2』を抜く歴代1位となる2億743万ドルの興行収入を記録。2週目に入ってもその勢いは衰えず、初登場となるティム・バートン監督・ジョニーデップ主演の『ダーク・シャドウ』（2,880万ドル）を抑えて、2週目の週末興行収入記録1億320万ドルを達成し、2週連続の1位を獲得した。全米では、興収2億5,000万ドル（公開6日間）興収3億ドル（公開9日間）、興収3億5,000万ドル（公開10日間）のそれぞれの最速突破記録を樹立（※BOX OFFICE MOJO調べ）。世界中でも“アベンジャーズ”現象は勢いを加速し、全世界70カ国でオープニング1位と25個の興行収入記録を樹立している。全米公開10日間で、早くも全世界の興行収入は10億ドルを突破し（10億21万ドル）、『アバター』と『ハリー・ポッターと死の秘宝 PART2』の19日間を大幅に更新して歴代最速の記録を樹立。現時点で『ダークナイト』の10億10万ドルを抜き歴代11位にランクインしているが、今週中には『アリス・イン・ワンダーランド』の10億240万ドルを抜いてベスト10入りが確実視されており、歴代1位の『アバター』（27億8,230万ドル）、2位の『タイタニック』（21億7,570万ドル）の記録を抜けるか、世界中のメディアが注目を集めている。
現時点で『ダークナイト』の10億10万ドルを抜き歴代11位にランクインしているが、今週中には『アリス・イン・ワンダーランド』の10億240万ドルを抜いてベスト10入りが確実視されており、歴代1位の『アバター』（27億8,230万ドル）、2位の『タイタニック』（21億7,570万ドル）の記録を抜けるか、世界中のメディアが注目を集めている。日本では、8月17日より3D／2Dにてロードショー。
全世界興行収入10億ドル突破期間 「アベンジャーズ」…10日間 「アバター」…19日間 「ハリー・ポッターと死の秘宝 PART2」…19日間 「トランスフォーマー/ダークサイド・ムーン」…37日間 「パイレーツ・オブ・カリビアン/生命の泉」…46日間
全世界興行収入10億ドル突破期間 「アベンジャーズ」…10日間 「アバター」…19日間 「ハリー・ポッターと死の秘宝 PART2」…19日間 「トランスフォーマー/ダークサイド・ムーン」…37日間 「パイレーツ・オブ・カリビアン/生命の泉」…46日間・映画『キャプテン・アメリカ ザ・ファースト・アベンジャー』特集 ・アベンジャーズ - 公式サイト
・映画『キャプテン・アメリカ ザ・ファースト・アベンジャー』特集 ・アベンジャーズ - 公式サイト■関連記事 ・世界はヒーローを待っている！『アベンジャーズ』が、『ハリポタ』の記録を抜き快進撃 ・“日本最強”のヨーロッパ組が“最強”映画に集結「チームワークの必要性を再認識」 ・全世界を席巻、最強“アベンジャーズ”現象が全米からヨーロッパへと拡大 ・“日米最強女優”米倉涼子がスカーレット・ヨハンソンとの夢の初競演 ・“アベンジャーズ現象”日本上陸、早朝の六本木ヒルズに長蛇の列が出現
『アベンジャーズ』が、『ハリポタ』の記録を抜き快進撃 ・“日本最強”のヨーロッパ組が“最強”映画に集結「チームワークの必要性を再認識」 ・全世界を席巻、最強“アベンジャーズ”現象が全米からヨーロッパへと拡大 ・“日米最強女優”米倉涼子がスカーレット・ヨハンソンとの夢の初競演 ・“アベンジャーズ現象”日本上陸、早朝の六本木ヒルズに長蛇の列が出現“最強”が集結、『アベンジャーズ』ポスター画像が世界初解禁 空前のスケールで描かれるアクションと奥深い人間ドラマを、ロバート・ダウニーJr.やスカーレット・ヨハンソンをはじめとする超豪華スターの競演により映画化した奇跡のプロジェクト『アベンジャーズ』。今世紀最大のフィルム・プロジェクトとして世界を席巻しつつある本作の日本のオリジナル・ポスター画像が本日公開された。
今世紀最大のフィルム・プロジェクトとして世界を席巻しつつある本作の日本のオリジナル・ポスター画像が本日公開された。日本版ポスター画像では、人類史上最大の敵に立ち向かうために集められた“最強”の力を持つヒーローたち“アベンジャーズ”がずらりと大集結。
日本版ポスター画像では、人類史上最大の敵に立ち向かうために集められた“最強”の力を持つヒーローたち“アベンジャーズ”がずらりと大集結。大人の魅力で人気のロバート・ダウニーJr.／億万長者にして天才発明家…アイアンマン。美しすぎるスカーレット・ヨハンソン／あらゆる武術＆戦闘術に精通した魔性の女スパイ…ブラック・ウィドウ。注目の若手俳優クリス・ヘムズワース／神々の国から追放された雷神…ソー。2009年、2010年と連続でオスカー候補となり大作出演が続くジェレミー・レナー／エリート・エージェントにして弓の名手…ホークアイ。圧倒的な存在感のサミュエル・L・ジャクソン／アベンジャーズを統率する司令官…ニック・フューリー。
圧倒的な存在感のサミュエル・L・ジャクソン／アベンジャーズを統率する司令官…ニック・フューリー。そのほか、豪華キャストの姿が遂にお目見え。「“アベンジャーズ”——それは、ひとつになるには巨大すぎる力。彼らは世界を救うのか、それとも…。」というコピーからは、彼らの予測不可能な巨大すぎる力が、地球をさらなる危機に陥れてしまう恐れがあるほど“強力”であり、集結するには危険すぎるヒーローたちであることがうかがえる。
」というコピーからは、彼らの予測不可能な巨大すぎる力が、地球をさらなる危機に陥れてしまう恐れがあるほど“強力”であり、集結するには危険すぎるヒーローたちであることがうかがえる。果たして、彼らは地球を救うことができるのか？それとも、壊すのか…？
25日（日）午前9時から正午まで、“ジャパンプレミア”抽選会への参加券（先着300名様）などの特典付きの“1日限定・数量限定”スペシャル前売券を発売。
25日（日）午前9時から正午まで、“ジャパンプレミア”抽選会への参加券（先着300名様）などの特典付きの“1日限定・数量限定”スペシャル前売券を発売。『アベンジャーズ』は、8月17日（金）2D／3Dロードショー。
『アベンジャーズ』は、8月17日（金）2D／3Dロードショー。・映画『キャプテン・アメリカ ザ・ファースト・アベンジャー』特集・アベンジャーズ - 公式サイト
・映画『キャプテン・アメリカ ザ・ファースト・アベンジャー』特集・アベンジャーズ - 公式サイト■関連記事・最強映画『アベンジャーズ』、“1日限定・数量限定”スペシャル前売券を発売・ネットで話題騒然、『キャプテン・アメリカ』の衝撃的な本編シーンを公開・歴代アメコミ・ヒーローを徹底比較！原点ヒーロー“キャプテン・アメリカ”の実力を測る・アメリカ人の強烈な愛国心、ロサンゼルスにマーベル・ヒーローたちが大集結！・最終形体は「ヱヴァ化」!? アイアンマンのパワードスーツの実力
栗山千明「チョコあげるのをドキドキしてました」 11日に公開された映画『ドラゴンエイジ-ブラッドメイジの聖戦-』で主人公の女騎士カサンドラの声優を務め、3月17日に公開を控える映画『ゴーストライターホテル』では特別出演の他に主題歌「深海」も手掛ける栗山千明（27）。女優として活躍する一方、2010年には歌手デビューも果たした彼女が14日、タワーレコード渋谷店にてニューアルバム『CIRCUS Deluxe Edition』（1月11日発売）の発売を記念して“バレンタインプレミアムライブ”を行った。
女優として活躍する一方、2010年には歌手デビューも果たした彼女が14日、タワーレコード渋谷店にてニューアルバム『CIRCUS Deluxe Edition』（1月11日発売）の発売を記念して“バレンタインプレミアムライブ”を行った。・インタビュー：栗山千明「私がそうではないからこそ、強い女性に憧れます」 会場には、アルバム購入者を対象にした限定150人を招待。「『コールドフィンガーガール』と『おいしい季節』のカッコいいイメージと、可愛いイメージのいいとこどり」をしたと語る、黒いノースリーブのベストに黒い羽根のついたスカートで登場した栗山は、『ルーレットでくちづけを』でライブをスタートした。観客が盛り上がってくると、本人も体を揺らせたりとノリノリの様子で、客席からは「ちあきー」との大声援が上がる。途中のMCでは、ファンから「バレンタインの思い出」を聞かれ、「小さい時にお兄ちゃんにチョコあげるのをドキドキしてました」と照れながら答えると、会場から「可愛いー」との声が上がった。セットリストは、昨年11月に発売した椎名林檎の作詞・作曲・プロデュース第2弾となる5枚目のシングル「月夜の肖像」などを中心に計6曲を熱唱。最後には「今年も歌う機会を作っていきたい。皆様の力でツアー出来たら」と意欲的に語り、終始大盛り上がりのライブとなった。
皆様の力でツアー出来たら」と意欲的に語り、終始大盛り上がりのライブとなった。ライブ後には「今回6曲歌ってみて、今まで（2曲ほどしか）歌う機会がなかったので、とても緊張しました。終わってみると、もっと歌いたかった。もっと歌える。ちょっと名残惜しいですね」と次への意欲をコメント。
ちょっと名残惜しいですね」と次への意欲をコメント。ニューアルバム『CIRCUS Deluxe Edition』については「このアルバムを聴いてもらえれば、今まで私の音楽活動を知ってもらえます。色々なアーティストの方々にプロデュースして頂き、参加して頂いているので、そこを楽しんで頂きたい。」と述べ、
」と述べ、今後の音楽活動については「ライブが楽しかったので、曲を出しつつ、ライブに力いれていきたい」と語った。
今後の音楽活動については「ライブが楽しかったので、曲を出しつつ、ライブに力いれていきたい」と語った。女優としても「毎回、ちゃんとしたハードルを頂けているし、それをこなして成長していっている所をみて頂きたいです。」と述べ、今後も歌手活動と女優活動の両方に力を入れていくようだ。
ケロロ軍曹が貞子に！？ 恐怖のコラボ第2弾が決定 「地球（ペコポン）人の考えることは恐ろしいであります…」 『リング』シリーズの最新作『貞子 3D』（5月12日より公開）が、キティちゃんとのコラボに続き、人気キャラクターのケロロ軍曹とのコラボ商品を展開することが決定した。とうとう、ケロロ軍曹までも貞子に変身してしまうとは……。
とうとう、ケロロ軍曹までも貞子に変身してしまうとは……。今回は、貞子のように長い黒髪が生えたケロロ軍曹が井戸から這い出るデザインと、テレビから飛び出すデザインの計2種類の根付型マスコットが登場。本作の公開日である5月12日より、全国の上映劇場で発売される。
本作の公開日である5月12日より、全国の上映劇場で発売される。本作は、原作者の鈴木光司が書き下ろしたオリジナルストーリー。主人公・鮎川茜が勤める女子高で、ある男の自殺を生中継した動画が噂になる。その動画を見た者は全員死んでしまうという。そんな時、茜の教え子が不可解な死を遂げる。さらに、各地でも同じような不審死が相次ぐ。警察は一様に自殺と断定するが、被害者は共通して死の直前に動画を見ていたことが分かった。その動画からは「お前じゃない……」という女の声が聞こえる。果たして、その言葉が意味することとは何なのか。
果たして、その言葉が意味することとは何なのか。主演を務めるのは、本作がホラー映画初主演となる石原さとみ。その他、瀬戸康史、高橋努、染谷将太、山本裕典らが出演する。
その他、瀬戸康史、高橋努、染谷将太、山本裕典らが出演する。『リング』シリーズの最恐キャラクター貞子は、3Dとなって我々にどんな恐怖を与えるのだろうか。
『リング』シリーズの最恐キャラクター貞子は、3Dとなって我々にどんな恐怖を与えるのだろうか。映画『貞子 3D』は、5月12日（土）より角川シネマ有楽町、角川シネマ新宿ほか全国ロードショー。
映画『貞子 3D』は、5月12日（土）より角川シネマ有楽町、角川シネマ新宿ほか全国ロードショー。・映画『貞子 3D』 - 作品情報 【関連記事】 ・ついに来た！ 『貞子3D』、恐怖の予告編が解禁・恐怖の生“貞子”の登場に、シドの新曲お披露目会場は騒然・スクリーンから貞子が飛び出す！ 映画『貞子3D』の特報映像が公開
マット・デイモンの優しい眼差し、『幸せへのキセキ』のポスター公開 最愛の妻を亡くした主人公ベンジャミン・ミーが行き着いたのは、荒廃した動物園だった——。実話に基づく感動のヒューマンドラマ『幸せへのキセキ』が、6月8日より日本公開が決定し、劇場用ポスターも発表された。
実話に基づく感動のヒューマンドラマ『幸せへのキセキ』が、6月8日より日本公開が決定し、劇場用ポスターも発表された。本作は、最愛の妻を亡くした男ベンジャミンとその子供たちの奇跡の物語。ベンジャミンは仕事を辞め、新しい場所で新しい人生を始めようと郊外に家を買うが、そこには閉鎖中の「動物園」というオマケがついていた。ベンジャミンは経験も知識もない中、ある思いを胸に動物園の再オープンを決心するが、慣れない事業にトラブル続出。莫大な修理費などで資金も底をついてしまう。だが、彼は飼育員や地域の人々、そして亡き妻からの贈り物に支えられ、再び家族、仲間と共に人生の冒険へと立ち向かう。
だが、彼は飼育員や地域の人々、そして亡き妻からの贈り物に支えられ、再び家族、仲間と共に人生の冒険へと立ち向かう。今回公開されたポスターは、愛娘を肩車する主人公ベンジャミン・ミーの優しい眼差しが印象的に描かれている。ベンジャミンを演じるのは、『ボーン』シリーズ、『ヒア アフター』のマット・デイモン。マット・デイモンは、私生活でも1人の養女と、3人の娘を持つハリウッドきってのイクメン、そして慈善活動家としても広く知られ、劇中でも2児の父親として家族と向き合う姿を好演している。
マット・デイモンは、私生活でも1人の養女と、3人の娘を持つハリウッドきってのイクメン、そして慈善活動家としても広く知られ、劇中でも2児の父親として家族と向き合う姿を好演している。マット・デイモンは作品について「僕が演じた主人公は奥さんを亡くしたばかりで、14歳と7歳の二人の子供がいるんだけど、家族がバラバラにならないように頑張るんだ。深い絶望の中で、彼はボロボロになった動物園を買う。親であることは、僕にも通じるところがある。」とコメント。
」とコメント。キャメロン・クロウ監督は「これは、人生における“セカンド・チャンス”についての作品でもあり、わずかな喪失感と深い悲しみを喜びにする作品でもある。それに映画を観た後、少しでも心に残る作品になっているよ。」と語る。
」と語る。ベンジャミンとその家族が起こす奇跡が、日本の活気を盛り返してくれることを願う。
ベンジャミンとその家族が起こす奇跡が、日本の活気を盛り返してくれることを願う。『幸せへのキセキ』は、6月8日（金）TOHOシネマズ スカラ座ほか全国ロードショー。
『幸せへのキセキ』は、6月8日（金）TOHOシネマズ スカラ座ほか全国ロードショー。【MOVIE ENTERおすすめ記事】 ・インタビュー：クロエ・グレース・モレッツ「人生は美しいと感じるはず」 ・映画『名探偵コナン 11人目のストライカー』主題歌に、いきものがかりの新曲「ハルウタ」が決定 ・長澤まさみの胸元にハートがバクバク、モテキ「みゆきの部屋＆るみ子の部屋」 ・ベルセルクの気持ち悪い「金環食観測メガネ」
【MOVIE ENTERおすすめ記事】 ・インタビュー：クロエ・グレース・モレッツ「人生は美しいと感じるはず」 ・映画『名探偵コナン 11人目のストライカー』主題歌に、いきものがかりの新曲「ハルウタ」が決定 ・長澤まさみの胸元にハートがバクバク、モテキ「みゆきの部屋＆るみ子の部屋」 ・ベルセルクの気持ち悪い「金環食観測メガネ」麻生久美子&大泉洋、W主演映画でパンクバンド結成 麻生久美子と大泉洋がパンクバンドを結成！？麻生久美子と大泉洋がW主演を務める、吉川トリコ原作の同名小説を映画化した『グッモーエビアン！』（12月公開）の特報映像とティザービジュアルが公開された。
』（12月公開）の特報映像とティザービジュアルが公開された。本作は、ちょっと変わった家族の物語。アキと15歳の娘ハツキは親子二人暮らし。かつてはパンクバンドのギタリストで、17歳でハツキを産んだアキとしっかり者の娘ハツキは対照的な性格だが、まるで友達のように仲が良かった。ある日、二人の元へ、2年近く海外を放浪していたヤグが帰ってきた。ヤグは、アキと同じバンドでボーカルだった。ハツキが産まれる前から一緒に住んでいたアキとヤグ。しかし、思春期のハツキは、本当の父親ではないヤグの奔放な行動に苛立ってしまう。
しかし、思春期のハツキは、本当の父親ではないヤグの奔放な行動に苛立ってしまう。ある日、トモちゃんと喧嘩し、そのまま彼女が転校してしまったことをきっかけに、ハツキはアキの本当の気持ちや、ヤグの過去を知ることになる。
ある日、トモちゃんと喧嘩し、そのまま彼女が転校してしまったことをきっかけに、ハツキはアキの本当の気持ちや、ヤグの過去を知ることになる。アキ役を演じるのは、『モテキ』『宇宙兄弟』『ガール』など話題作に出演している麻生久美子、ヤグ役を『探偵はBARにいる』での好演が記憶に新しい大泉洋が演じる。
アキ役を演じるのは、『モテキ』『宇宙兄弟』『ガール』など話題作に出演している麻生久美子、ヤグ役を『探偵はBARにいる』での好演が記憶に新しい大泉洋が演じる。ハツキ役を演じるのは、雑誌「Seventeen」の専属モデルで、サントリー「なっちゃん」のCMに出演中の三吉彩花。
ハツキ役を演じるのは、雑誌「Seventeen」の専属モデルで、サントリー「なっちゃん」のCMに出演中の三吉彩花。その他、ハツキの親友トモちゃん役に能年玲奈、SNAIL RAMPの竹村哲、土屋アンナら、人気と実力を兼ね備えたキャストが勢揃いしている。
その他、ハツキの親友トモちゃん役に能年玲奈、SNAIL RAMPの竹村哲、土屋アンナら、人気と実力を兼ね備えたキャストが勢揃いしている。今回、公開された特報映像では、アキとヤグのパンクバンド“MISSION FROM GOD”が楽曲を演奏。麻生、大泉のこれまでのイメージからは想像できない激しいパフォーマンスを披露している。
麻生、大泉のこれまでのイメージからは想像できない激しいパフォーマンスを披露している。未婚の母親アキ、お調子者で人一倍優しいヤグ、真面目で冷静な娘ハツキの3人が織り成す家族の物語に注目したい。
未婚の母親アキ、お調子者で人一倍優しいヤグ、真面目で冷静な娘ハツキの3人が織り成す家族の物語に注目したい。映画『グッモーエビアン！』は、12月よりテアトル新宿ほか全国ロードショー。
』は、12月よりテアトル新宿ほか全国ロードショー。映画『グッモーエビアン！』 - 公式サイト
【MOVIE ENTERおすすめ特集】・海外ドラマ『スパルタカス』特集 − 紗綾がセクシー甲冑に挑戦する特別企画も！・『リアル・スティール』ブルーレイ/DVD/オンデマンド特集 - 興奮VS感動 どちらが勝つか！・『ガール』特集 - 香里奈、麻生久美子ら競演の“女子力のバイブル”
・『ガール』特集 - 香里奈、麻生久美子ら競演の“女子力のバイブル”【終了しました】キーファー・サザーランドが話題の海外ドラマを引っ提げ日本上陸！『TOUCH／タッチ』特別試写会にご招待
『TOUCH／タッチ』特別試写会にご招待『24 -TWENTYFOUR-』が終了してから2年、ジャック・バウワー役のキーファー・サザーランドが主演を務める最新海外ドラマ『TOUCH／タッチ』が10月5日より放送されることが決定。少年の示した数字が世界をつなげる、奇跡のヒューマンミステリーがついに日本へ上陸する。
少年の示した数字が世界をつなげる、奇跡のヒューマンミステリーがついに日本へ上陸する。本作の舞台はアメリカ・ニューヨーク。元新聞記者のマーティンは、2001年の同時多発テロ事件で妻サラを失って以来、職を転々としながら無言症の幼い息子ジェイクの面倒を見ていた。生まれてからひと言も話したことがないジェイクは感情を見せず、マーティンにすら触られることを拒む。しかし、あるきっかけからマーティンは、ジェイクには過去から未来の各時代や国境を超えた人々のつながりを知覚する能力があり、それを数字を通して伝えようとしていると考えるようになる。ソーシャルワーカーのクレアに父親の資格を問われる一方、マーティンは無言症の専門家であるテラーという人物にアドバイスを請いながら、ジェイクが次々と示す“奇跡の数字”を解読し、世界中の人々を救おうと励む。
ソーシャルワーカーのクレアに父親の資格を問われる一方、マーティンは無言症の専門家であるテラーという人物にアドバイスを請いながら、ジェイクが次々と示す“奇跡の数字”を解読し、世界中の人々を救おうと励む。製作総指揮を務めるのは、『HEROES／ヒーローズ』で製作総指揮・原案を務めたティム・クリング。『24 -TWENTYFOUR-』でジャック・バウワーの日本語吹き替えを担当した小山力也が主人公マーティンの日本語吹き替えを務める。テレビドラマ出演を控えていたキーファーだったが、「とにかく脚本が見事で、これは断れない」と、本シリーズの出演を決めた理由を明かしている。
テレビドラマ出演を控えていたキーファーだったが、「とにかく脚本が見事で、これは断れない」と、本シリーズの出演を決めた理由を明かしている。今回、本シリーズの第1話の試写会に10組20名様をご招待。早くもシーズン2の製作も決定している話題の海外ドラマを一足早く鑑賞できるこの機会をお見逃しなく！
早くもシーズン2の製作も決定している話題の海外ドラマを一足早く鑑賞できるこの機会をお見逃しなく！海外ドラマ『TOUCH／タッチ』は、10月5日（金）23：00よりWOWOWプライムにて放送開始。
プレゼント概要
プレゼント概要海外ドラマ『TOUCH／タッチ』第1話試写会日時 9月4日（火）開場18:30／開映19:00場所 TOHOシネマズ渋谷募集人数 10組20名様※当日のゲストに、キーファー・サザーランドが登壇予定。
海外ドラマ『TOUCH／タッチ』第1話試写会日時 9月4日（火）開場18:30／開映19:00場所 TOHOシネマズ渋谷募集人数 10組20名様※当日のゲストに、キーファー・サザーランドが登壇予定。【応募期間】2012年8月27日（月）〜 8月31日（金）15時まで※当選者には、ツイッターのDM（ダイレクトメッセージ）でご連絡いたします。
【応募期間】2012年8月27日（月）〜 8月31日（金）15時まで※当選者には、ツイッターのDM（ダイレクトメッセージ）でご連絡いたします。【応募条件】・日本に居住されている方（賞品配送先が日本国内の方）。・応募に関する注意事項に同意いただける方。
・応募に関する注意事項に同意いただける方。【注意事項】※本キャンペーンに関して、弊社が不適切な行為がされていると判断いたしましたアカウントは、キャンペーン対象外とさせていただきます。※弊社は、応募いただいた方のツイート内容には一切の責任を負いません。※当選発表は、当選者様への当選のご連絡をもってかえさせていただきますので、ご了承ください。※当選通知後、4日間ご連絡がない場合は、当選を無効とさせていただきます。※当選結果に関するお問い合せは受け付けておりませんので、ご了承ください。※当キャンペーンの掲載内容や条件は、予告なく変更する場合がございます。あらかじめご了承ください。※当選の権利の譲渡はできません。※キャンペーン参加にあたっては、必ず弊社個人情報保護方針「プライバシーポリシー」をお読みください。※当選時にご連絡いただく住所、氏名、電話番号は、その確認などの関連情報のご案内のみに使用し、キャンペーン終了後は弊社の定める方法に基づき消去いたします。※インターネット通信料・接続料およびツイートに関しての全ての費用はお客様のご負担になります。※次の場合はいずれのご応募も無効となりますのでご注意ください。・応募時の内容に記載不備がある場合。・お客さまのご住所が不明、または連絡不能などの場合。
・お客さまのご住所が不明、または連絡不能などの場合。※本プレゼントは、終了しました※
作品情報
作品情報TOUCH
TOUCHTwo brothers, one girl, and a whole lot of baseball.
Two brothers, one girl, and a whole lot of baseball.Twin brothers Tatsuya and Kazuya Uesugi are polar opposites.Tatsuya is lazy and unmotivated, while Kazuya is the ace of the Meisei High School baseball team and admired by everyone.Both are childhood friends with Minami Asakura, who is the object of both of their affections.However, Kazuya is killed in a traffic accident, leaving Tatsuya to take his brother's place as ace of the baseball team and try to win Minami's heart.
その他のプレゼント・1番悪いヤツは誰なのか、北野武監督最新作『アウトレイジ ビヨンド』試写会にご招待・人種問題のタブーに挑んだ映画『ヘルプ 〜心がつなぐストーリー〜』のブルーレイ+DVDセット
その他のプレゼント・1番悪いヤツは誰なのか、北野武監督最新作『アウトレイジ ビヨンド』試写会にご招待・人種問題のタブーに挑んだ映画『ヘルプ 〜心がつなぐストーリー〜』のブルーレイ+DVDセット「役者になるために生まれて来た」「普段は三枚目」沢尻エリカの素顔 2005年に公開された映画『パッチギ！』や初主演ドラマ『1リットルの涙』での演技が高く評価され、数多くの映画賞や新人賞を受賞した沢尻エリカ（25）。2007年9月に公開された映画『クローズド・ノート』を最後に、女優としての活動を休止していた彼女が、本日2月1日よりBeeTVにて配信開始となったドラマ『L et M わたしがあなたを愛する理由、そのほかの物語』で4年半振りに女優復帰。本作で一人二役を演じる沢尻エリカの素顔や、ドラマの見所などについて、本作の監督・脚本を務める寒竹ゆりに話を聞いた。
本作で一人二役を演じる沢尻エリカの素顔や、ドラマの見所などについて、本作の監督・脚本を務める寒竹ゆりに話を聞いた。『L et M わたしがあなたを愛する理由、そのほかの物語』は、見た目も性格も対照的な女性“絵瑠（エル／L）”と“絵夢（エム／M）”を主人公に、同時進行する2つの物語が絡み合い、やがて一つの物語へと繋がっていくラブストーリー。仕事をバリバリこなし、キレイでカッコいいが、恋愛に関しては純情で奥手な女性“絵瑠”と、純情で明るく、可愛らしいが、恋愛に関しては積極的で小悪魔タイプな女性“絵夢”を沢尻エリカが一人二役で演じる。
仕事をバリバリこなし、キレイでカッコいいが、恋愛に関しては純情で奥手な女性“絵瑠”と、純情で明るく、可愛らしいが、恋愛に関しては積極的で小悪魔タイプな女性“絵夢”を沢尻エリカが一人二役で演じる。“絵瑠”と“絵夢” 監督・脚本を手掛ける寒竹ゆりは、岩井俊二監督に師事し、2009年に佐々木希主演の『天使の恋』で長編映画の監督デビューを果たすと、昨年はAKB48初のドキュメンタリー映画『DOCUMENTARY of AKB48 to be continued』の監督も担当。
“絵瑠”と“絵夢” 監督・脚本を手掛ける寒竹ゆりは、岩井俊二監督に師事し、2009年に佐々木希主演の『天使の恋』で長編映画の監督デビューを果たすと、昨年はAKB48初のドキュメンタリー映画『DOCUMENTARY of AKB48 to be continued』の監督も担当。“絵瑠”と“絵夢”について、寒竹は「最初にエリカとも話したんですけど、単純に“絵瑠”と“絵夢”という女の子がいるというより、一人の女の子でも、“絵瑠”みたいな強気な部分もあるし、“絵夢”みたいな可愛らしい部分もあるし、色んな部分があるじゃないですか。人間だからすごく多面的なので、色んな女の子の色んな面を代表して“絵瑠”と“絵夢”に振り分けて演じてもらったので。揺れ動く感じとか、影響し合う感じとか、その先にどう変わるかというのも描きたかったんです。」と語っている。
」と語っている。“イイ女”とは？ 「本当にイイ女とは？」「自分の運命のヒトとは？」をテーマに、対照的な2人の女性によってリアルに描かれる繊細な女心。“いい女”とは何かと尋ねると、寒竹は「最初エリカにも同じことを聞かれたんですけど、その年なりの“愛するということ”を知ることですね。お互い素直になって、自分のことだけじゃなく、相手のことを思って愛するということは、二十歳の頃は出来なかったんですよね。この先30歳、40歳になるとまた違う愛の形かもしれないし、今の時点で言えるのは、それを意識し出したのはエリカの年頃だった気がして。“絵夢”は25歳の役なので、等身大の彼女を描く時、エリカが何を思っているのか興味が沸きました。」と述べている。
」と述べている。沢尻エリカの素顔 また、4年半振りの女優復帰を果たす沢尻については「本当に、役者になるために生まれて来た人ですね。スチールを見ても綺麗だし、CMでも魅力的なんだけど、やっぱり演技をした時の破壊力はもの凄いんですよね。彼女が画面の中で笑ったり泣いたりすると、シナリオが喜ぶんですよ。すごい役者が戻ってきたと思います。」と絶賛。
」と絶賛。今後の彼女については「ブランクがあった分、その反動でこれからもっと色んな役を演じて欲しいなと思います。エリカはコメディがすごく向いてると思う瞬間がありまして、変なことをやらせると、水を得た魚のようにすごく嬉しそうにやるんですよ。今オンエアしているCMもそうだけど、割とこの人こういうの好きなんだなという瞬間がすごくあって（笑）。普段は三枚目なので、面白いと思います。」と意外な素顔を伝えた。
」と意外な素顔を伝えた。『L et M わたしがあなたを愛する理由、そのほかの物語』は2月1日よりBeeTVで配信開始。さらに「BeeTV」での視聴に加えて、国内外の新作映画から、ドラマ、アニメ、音楽、BeeTVの人気オリジナル番組など5,000タイトル以上が定額525円で全部見放題となる、ドコモの動画サービス「ｄマーケット ＶＩＤＥＯストア powered by ＢｅｅＴＶ」でも視聴可能。こちらは本日よりサービス対応機種が拡張しているので、ぜひチェックを。
こちらは本日よりサービス対応機種が拡張しているので、ぜひチェックを。・「BeeTV」特集ページ - livedoor ・L et M わたしがあなたを愛する理由、そのほかの物語 - BeeTVオフィシャルサイト ・dマーケット VIDEOストア powered by BeeTV
“夢を追う”子供と“夢を諦めさせる”親の気持ち 「そんなことは、できるわけがないから諦めろ」子供の頃に、大きな夢を抱いていたにも関わらず、親から猛反対されて諦めてしまった経験はないだろうか。なぜ、親は子供の夢の邪魔をするのだろうか。NTTドコモ20周年スペシャルドラマ『夢の扉特別編「20年後の君へ」』がその答えを出してくれそうだ。
NTTドコモ20周年スペシャルドラマ『夢の扉特別編「20年後の君へ」』がその答えを出してくれそうだ。澤田雄一郎（中井貴一）は、一流商社で海外インフラビジネスを手がけるエリートサラリーマン。美人で料理上手な妻・佳乃（原田美枝子）、東大を卒業し経産省勤務の長男・大地（田中圭）、ワシントン大学に留学中の長女・麻理子（忽那汐里）の4人家族で、自身は役員昇進も近いと噂され全てが順風満帆だと信じて疑わなかった。
美人で料理上手な妻・佳乃（原田美枝子）、東大を卒業し経産省勤務の長男・大地（田中圭）、ワシントン大学に留学中の長女・麻理子（忽那汐里）の4人家族で、自身は役員昇進も近いと噂され全てが順風満帆だと信じて疑わなかった。ところが、バングラデシュに出張で訪れた雄一郎は、アメリカにいるはずの麻理子が、NGO団体を主催している石川（向井理）の元でボランティアをしているところを目撃する。帰国すると、今度は大地が一年も前に経産省を辞め、アルバイトしながらデザインの勉強をしていると佳乃から聞かされる。子供たちの夢を認められない雄一郎。さらには長年付き添った妻からも「自分の人生を生きてみたい」と離婚を切り出される。
さらには長年付き添った妻からも「自分の人生を生きてみたい」と離婚を切り出される。そんな中、突然雄一郎に下されたガンの宣告。家族のために必死で働いてきたはずなのに、気付けば家族はバラバラに——。
家族のために必死で働いてきたはずなのに、気付けば家族はバラバラに——。特別動画の中に「夢を追うって素敵なことよ」「夢じゃ飯食っていけないんだよ」と子供たちの夢を聞かされ、夫婦が言い争うシーンがある。この様子を見て、大抵の人は、夢を諦めさせる雄一郎に反感を持つだろう。しかし、夢とはそんな単純なものではない。
しかし、夢とはそんな単純なものではない。このドラマの中で、夢を追う者たちは、自分の力が及ばない現実の壁にぶつかり挫折して苦しむ。夢を見ることは素晴らしい。しかし、楽しいことばかりではないのも事実だ。“夢を追う人”は、夢をかなえるのも、挫折するのも自分次第。
“夢を追う人”は、夢をかなえるのも、挫折するのも自分次第。だが、夢を追う人を“応援する人”は、もし追う人が挫折してしまった時に、責任をとることができない。自分で夢を見て失敗するのは自分の人生だから仕方がない、自業自得と諦めがつく。だが、他人に夢を勧めて、挫折してしまった時は、「なぜその道を勧めたのだろう」と後悔が消えないし、何もしてあげることができない。だから他人の夢を煽ることができない、特に大切な人ならば、尚更である。だから父親が息子の無謀とも言える夢をなかなか応援できないのだ。
だから父親が息子の無謀とも言える夢をなかなか応援できないのだ。とは言え「夢を見ないで欲しい」というわけではない。このドラマでは、“夢を追う人”には、力強く夢を追い続ける登場人物たちの姿を通して「“夢”を見ることで未来を切り開くことができる」「すぐに諦めずに挑戦し続けることで道は切り開かれる」というメッセージを伝えている。同時に“応援する人”には、ただ反対するだけではなく、“夢を追う人”を信じて、その人のためにどの様に応援していくのかということを教えている。夢を応援することで人と人の“絆”、人と社会の“絆”を新しく生み出し「夢が“絆”にイノベーション起こしていく」様子を見せてくれる。
夢を応援することで人と人の“絆”、人と社会の“絆”を新しく生み出し「夢が“絆”にイノベーション起こしていく」様子を見せてくれる。ドラマに登場する“夢を追う人”は実在のモデルがいる。本当に無謀とも言える夢をかなえることに成功したのだ。「そんなことができるのは一握りだよ」そうかも知れない。
「そんなことができるのは一握りだよ」そうかも知れない。でも、“応援する人”も、信じて、共に行動することで、その“夢”をかなえる確率を少しでも上げることができる。大切な人の夢の実現は、もしかしたら、あなたの助力が必要なのかも知れない。
大切な人の夢の実現は、もしかしたら、あなたの助力が必要なのかも知れない。『夢の扉特別編 「20年後の君へ」』は、7月1日（日）夜9時から全国TBS系で放送となる。・NTTドコモ20周年スペシャルドラマ『夢の扉特別編 「20年後の君へ」』公式
【元気東北・秋田編】自然の大いなる力と家族の絆を噛みしめる 震災復興でがんばっている東北を応援する「東北・映画で元気に復興」特集。今回は、秋田県が舞台の『釣りキチ三平』をご紹介する。1973年から10年間、「週刊少年マガジン」に連載された矢口高雄原作の人気漫画を映画化。主演の三平役を演じたのは『ALWAYS 三丁目の夕日』で 注目を集めた須賀健太だ。塚本高史が演じる鮎川魚紳が、テキサスのバスフィッシングプロだったり、香椎由宇が演じる愛子が、三平の実の姉だったりと、原作と設定が少し異なるところもある。
塚本高史が演じる鮎川魚紳が、テキサスのバスフィッシングプロだったり、香椎由宇が演じる愛子が、三平の実の姉だったりと、原作と設定が少し異なるところもある。『釣りキチ三平』 天才的な釣りの技術を持つ少年・三平は、釣竿職人である祖父の一平と、秋田で釣り三昧の生活を楽しく送っていた。鮎釣り大会で、アメリカで活躍するプロの釣り師・鮎川魚紳と出会い、その釣りに対する熱はますます高まっていく。
鮎釣り大会で、アメリカで活躍するプロの釣り師・鮎川魚紳と出会い、その釣りに対する熱はますます高まっていく。そんな時に、東京から三平の姉の愛子が帰郷。三平を無理やり東京に連れ帰ろうとする。一平は「伝説の巨大イワナを釣り上げることができなかったら、三平を連れて行って良い」と約束をする。三平らは、険しい山道をかきわけながら巨大イワナが潜む夜泣谷（よなきだに）へと向かう。
三平らは、険しい山道をかきわけながら巨大イワナが潜む夜泣谷（よなきだに）へと向かう。【元気のポイント】大自然の声に耳を傾けよう 巨大イワナの生息地「夜泣谷」として描かれたのは、由利本荘市鳥海にある「法体の滝(ほったいのたき)」である。秋田県の名勝と天然記念物第1号に指定され、「日本の滝百選」にも選ばれている。山頂に面して落ちる流長100メートル、落差57.4メートル、滝幅3から30メートルの名瀑。映画の中で、都会の生活に疲れた愛子が、この滝の轟音を聞き、滝しぶきを見上げ、自然の緑の力を感じることで、忘れてしまった情熱を思い出す。都会が悪いというわけではないが、自然の持つ大いなる力は私たちにパワーを与えてくれる。本作は釣りを通してそんな自然の様をみせてくれる。なお「法体の滝」の他にも撮影現場は、観光スポットとして紹介されているので、実際に秋田へ足を運んで元気をもらってくるのも良いだろう。
なお「法体の滝」の他にも撮影現場は、観光スポットとして紹介されているので、実際に秋田へ足を運んで元気をもらってくるのも良いだろう。【東北文化】絶品イワナ料理の数々 秋田県の食べ物というと、まずは「きりたんぽ」や「比内地鶏」を思い浮かべるだろう。だが、今回はあえて映画の中でも出てくるイワナ料理について語ろう。東成瀬村で自治体の魚としているなど、実はイワナは秋田で有名な魚なのである。
東成瀬村で自治体の魚としているなど、実はイワナは秋田で有名な魚なのである。＜イワナ料理いろいろ＞ ・『塩焼き』串に刺したイワナを焚き火で焼いてかぶりつく。単純だがうまい。・『骨酒』焼いたイワナに熱々の日本酒を注いだもの。野趣あふれる。・『たたき』イワナを薄く切ったものをミュウガ、ネギ・ショウガなどと一緒にポン酢で。・『唐揚げ』内臓をとって、からりと揚げる。骨まで一緒に豪快に。
骨まで一緒に豪快に。既に終了しているが、映画公開時には「三平定食」といった映画にちなんだイワナ料理を出したところもあったようだ。5、6月から夏にかけて秋田に旅行をするという方は、イワナ料理のお店をチェックしてから行くのも良いだろう。
5、6月から夏にかけて秋田に旅行をするという方は、イワナ料理のお店をチェックしてから行くのも良いだろう。【まとめ】家族の「絆」を近くにある 秋田の大自然と一緒に、本作では「家族の絆」についても考えさせられる。漁船の事故で父を失い、さらに続くように母を失ったことで「釣り」を目の敵に思うようになった愛子。亡くなった三平の父、つまり息子との約束のために、ずっと巨大イワナと闘うことを我慢していた一平。釣り好きの父の遺志を受け継いだかのように、毎日魚と格闘する三平。家族を失ったことでずれてしまった歯車が、少しずつ崩壊へと歩みを進ませてしまう。しかし、ある「絆」に気づいたことで、3人はまた仲の良い家族へと戻った。家族と言えども仲違いをしてしまうことがある。だが、もう一度、見つめなおしてみよう。手の届く身近なところに「絆」が落ちている。それが家族なのである。
それが家族なのである。・「東北・映画で元気に復興」特集 釣りキチ三平[DVD]posted with amazlet at 12.03.08VAP,INC(VAP)(D) (2009-10-07) 売り上げランキング: 8425 Amazon.co.jp で詳細を見る
“日本版EMINEM”ヒップホップ界の頂点が問題作のイメージ楽曲で参戦 2001年9月11日に発生したアメリカ同時多発テロは世界中に衝撃を与えたが、首謀者であるウサマ・ビン・ラディンは昨年5月、パキスタン国内にて米海軍特殊部隊「NAVYSEALS」によって暗殺された。6月22日には、NAVYSEALSの全面協力のもと、現役兵士が出演し、作戦や最新鋭の兵器や技術など、すべてが本物という前代未聞の戦闘アクション映画『ネイビーシールズ』が全国公開。映画で撮影されたのは初となる巡航ミサイル原子力潜水艦は海軍が誇る最も価値のある戦力の一つで、本作のリアルさのあまり米国国防総省ペンタゴンに政治家たちから「国家機密をバラしすぎだ！」と抗議の声が相次いだ。全米では今年2月に原題『ACT OF VALOR（勇気ある行動）』として公開され、瞬く間に1位を獲得。同作のイメージソングには、今年8月に東京と大阪で実に9年ぶりとなる来日公演が決定しており、2010年に全米で年間アルバム・セールス第1位を記録したEMINEMの『リカバリー』収録曲「Not Afraid」が起用された。そして、6月22日の日本公開に向けて、日本のヒップホップ界の頂点に君臨し続け、本作の持つテーマ“勇気”に共鳴したZeebraが、日本版イメージソングとなる「I Do It」を書き下ろした。
そして、6月22日の日本公開に向けて、日本のヒップホップ界の頂点に君臨し続け、本作の持つテーマ“勇気”に共鳴したZeebraが、日本版イメージソングとなる「I Do It」を書き下ろした。Zeebraは私生活で過去に離婚を経験しており、現在は4人の子供の父親として、彼の語る生き様や大切な家族の話は様々なメディアで取り上げられると共に、多くの人々から支持を集めている。プロのアーティストとして、夫として、父親として、“男”の真の姿を見せ続けるZeebraは、戦場へ赴き、命懸けで家族や国を守る現役ネイビーシールズ隊員の姿と重なり、今回のタイアップが実現した。
プロのアーティストとして、夫として、父親として、“男”の真の姿を見せ続けるZeebraは、戦場へ赴き、命懸けで家族や国を守る現役ネイビーシールズ隊員の姿と重なり、今回のタイアップが実現した。イメージ楽曲「I Do It」は、6月15日より放送されるTVスポット（15秒、30秒）にて使用。6月23日に渋谷Halemにて行われるリリースパーティで披露予定。
6月23日に渋谷Halemにて行われるリリースパーティで披露予定。6月20日からは、4月より全世界180カ国で放映中のNKH WORLD「J-MELO」のエンディングテーマ曲「Mr. Miyagi」と共に、着うた(R)・着うたフル(R)で2曲同時配信が決まっている。
Miyagi」と共に、着うた(R)・着うたフル(R)で2曲同時配信が決まっている。Zeebra コメント 色々なモノを背負いながらも覚悟を決めて我が道を行く、そんな心情をサビにまとめてみました。まぁ、自分もそんなようなもんなんで、バースはいつもながらのストレートヒップホップです。色々と細かい挑戦をして2012年らしい楽曲になりました。
Zeebra プロフィール 今や伝説と化したヒップホップグループ「KING GIDDRA」(95年デビュー)のフロントマンとして名を馳せたZeebra。早くからその才能を開花させ、日本語におけるラップを新たな次元へと引き上げ、ヒップホップ・シーンの拡大に貢献した立役者。97年のソロ・デビューから常にトップの座に君臨し続け、常に上のレベルを追求する姿勢に共感を覚えるリスナーも数知れない。その音楽性の高さや技術、スマートなスタイルと存在感により、男女を問わずリスナーの間でカリスマ的存在となっている。
その音楽性の高さや技術、スマートなスタイルと存在感により、男女を問わずリスナーの間でカリスマ的存在となっている。2010年よりAriola Japanに移籍。昨年、最新アルバムを2in1パッケージした「Black World / White Heat」を発表。
昨年、最新アルバムを2in1パッケージした「Black World / White Heat」を発表。・映画『ネイビーシールズ』公式サイト・Zeebra 公式サイト
・映画『ネイビーシールズ』公式サイト・Zeebra 公式サイト■関連記事・「米軍の国家機密がダダ漏れ」政治家から抗議殺到の動画が公開・政治家から電話殺到！ 米軍特殊部隊をリアルに描いた映画が日本上陸
ミッキーがお出迎え「ディズニードリームシアター 110の仲間たち」開催中 今から100年前の1912年に発表され、『スター・ウォーズ』や『アバター』など数々の大作映画に影響を与えてきたといわれる伝説的小説を原作に、4月13日より全国ロードショーとなる映画『ジョン・カーター』。公開に先駆けて、19日からは汐留・日本テレビ内（1F テレビバ）にて、“ウォルト・ディズニー生誕110周年記念作品『ジョン・カーター』公開記念 ディズニードリームシアター 110の仲間たち”が開催されている。会場では、ウォルト・ディズニーが創り上げてきた“夢”の世界を表現。来場者は、ディズニーキャラクターたちがお出迎えする「ウェルカムゾーン」、貴重な短編映像を特別上映する「ヒストリーゾーン」、ディズニー映画のポスター展や最新作『ジョン・カーター』の衣装や等身大フィギュアなどが展示される「映画ゾーン」、ディズニーキャラクター110体との記念撮影ができる「キャラクターゾーン」の4つの“夢”の世界を体験することができる。「映画ゾーン」内の『ジョン・カーター』コーナーでは、物語の舞台となる未知なる惑星“バルスーム”の住人、牙と4本の腕をもつ緑色人サーク族のミニチュアや、身長約2.5mの等身大フィギュア、主人公ジョン・カーターが甥に残した日記などの小物、赤色人ヘリウム王国の美しき王女デジャー・ソリスや宇宙で最も進化した存在であるサーン族の衣装などを展示。初日には家族連れなど1,151名の来場者が詰めかけ、ディズニーの“夢”の世界を体験した。入場は無料で来場者全員へのプレゼントもあるので、劇場公開を前に夢の映像プロジェクト『ジョン・カーター』の世界にいち早く触れてみてはいかがだろうか。開催は25日まで。開場時間は10時から18時までとなる。
開場時間は10時から18時までとなる。・『ジョン・カーター』公式サイト ・ディズニードリームシアター 110の仲間たち
・『ジョン・カーター』公式サイト ・ディズニードリームシアター 110の仲間たち■関連記事・『ジョン・カーター』ディズニー生誕110周年記念コラボ特典付き前売鑑賞券を限定発売・ディズニーが創り上げてきた4つの“夢”の世界・NYC中山優馬、ハリウッド実写映画で声優初挑戦・『ジョン・カーター』絵画コンクール開催、特別審査員は工藤静香・ディズニーの夢を叶えた巨編『ジョン・カーター』、迫り来る異形の怪物たち
『ロード・オブ・ザ・リング』ファン必見、ついに壮大な冒険が始まる 「この旅が終わる頃には、全員が固く結束している」。『ロード・オブ・ザ・リング』シリーズを手掛けた巨匠ピーター・ジャクソン監督が、J.R.R.トルーキン原作の「ホビットの冒険」を二部作で映画化する。本作は、「指輪」ファンはもちろんのこと、ファンタジー映画ファンから大きな期待が寄せられている。
本作は、「指輪」ファンはもちろんのこと、ファンタジー映画ファンから大きな期待が寄せられている。そして今回、『ホビット』の前編となる『ホビット 思いがけない冒険』（12月14日より公開）の最新イメージ画像が公開された。
そして今回、『ホビット』の前編となる『ホビット 思いがけない冒険』（12月14日より公開）の最新イメージ画像が公開された。本作の舞台となるのは、『ロード・オブ・ザ・リング』三部作で描かれたフロド・バギンズの指輪を巡る旅からさらに60年を遡った世界。主人公は、前シリーズで指輪の所有者となったフロドの前の所有者であるビルボ・バギンズ。彼は、ドラゴンに支配され、失われてしまったエレボールのドワーフ王国の再建をかけ、壮大な冒険の旅へ出る。ある時、魔法使いのガンダルフに声を掛けられ、13人のドワーフから成る一団に参加することになる。
ある時、魔法使いのガンダルフに声を掛けられ、13人のドワーフから成る一団に参加することになる。旅の途中、ビルボは、自身の運命を永遠に変えてしまうクリーチャーと出会う。それがゴラムだった。有用な性質を持つゴラムの“いとしいしと”と呼ばれるリングを手に入れる。これは、ビルボが到底知り得ない中つ国（ミドル・アース）全ての運命と深く結びついていたのだった。
これは、ビルボが到底知り得ない中つ国（ミドル・アース）全ての運命と深く結びついていたのだった。今回、公開されたイメージ画像は、本作の主人公ビルボ・バギンズとともに、壮大な冒険の始まりを想起させる仕上がりとなっている。また、ワーナー・ブラザース・オフィシャルFacebookには、監督の解説による撮影現場レポート映像が公開されており、全世界待望の一大プロジェクトが着々と進行していることが分かる。
また、ワーナー・ブラザース・オフィシャルFacebookには、監督の解説による撮影現場レポート映像が公開されており、全世界待望の一大プロジェクトが着々と進行していることが分かる。公開されている映像には、ホビット族の村の屋敷や、エルロンドの館を完全に再現したセット、魔法使いガンダルフ役のイアン・マッケラン、『猿の惑星：創世記（ジェネシス）』のシーザー、そして前シリーズでゴラム役を演じたアンディ・サーキス、ビルボ・バキンズ役に抜擢されたマーティン・フリーマンらも登場。その中でマーティンは、「この日を迎えるまでに、想像以上の長い時間がかかりました。この旅が終わる頃には、全員が固く結束していると信じています」とコメント。
この旅が終わる頃には、全員が固く結束していると信じています」とコメント。監督は「ロード・オブ・ザ・リングの世界に戻ることに、実はずっと消極的でした。でも今ではすっかり考えが変わった。映画製作は大変ですが、仲間に恵まれれば楽しくなる。本作品では懐かしいメンバーが再会し、新たな友人たちも加わりました。全員の力を組み合わせるのが楽しみです」と本作への意気込みを語った。
全員の力を組み合わせるのが楽しみです」と本作への意気込みを語った。本作の原作は、『ロード・オブ・ザ・リング』のプロローグにあたり、原点。原作ファンから映画化を熱望されていた。250日間に渡る撮影期間が設けられ、『ロード・オブ・ザ・リング』シリーズと同じニュージーランドのスタジオで、最先端のカメラと音響技術を駆使して製作されている。
250日間に渡る撮影期間が設けられ、『ロード・オブ・ザ・リング』シリーズと同じニュージーランドのスタジオで、最先端のカメラと音響技術を駆使して製作されている。監督は、映像化不可能といわれていた、J.R.R.トルーキンのファンタジー小説の金字塔「指輪物語」を『ロード・オブ・ザ・リング』『ロード・オブ・ザ・リング／二つの塔』『ロード・オブ・ザ・リング／王の帰還』という3部作で映像化。第3作目では、アカデミー賞11部門にノミネートされ、全て受賞するという快挙を成し遂げている。
第3作目では、アカデミー賞11部門にノミネートされ、全て受賞するという快挙を成し遂げている。『ロード・オブ・ザ・リング／王の帰還』から約8年。『ハリー・ポッター』シリーズに続くファンタジー映画がいよいよ登場する。
『ハリー・ポッター』シリーズに続くファンタジー映画がいよいよ登場する。前編の『ホビット 思いがけない冒険』は、12月14日(金）より、後編の『ホビット ゆきて帰りし物語』は、2013年12月13日(金）より、ともに丸の内ピカデリーほか全国ロードショー。
前編の『ホビット 思いがけない冒険』は、12月14日(金）より、後編の『ホビット ゆきて帰りし物語』は、2013年12月13日(金）より、ともに丸の内ピカデリーほか全国ロードショー。【関連記事】 ・『ロード・オブ・ザ・リング』の過去を描く『ホビット』予告映像が公開・2012年に映像革命が起こる、『ロード・オブ・ザ・リング』の前章『ホビット』の公開が決定
『アーティスト』のミシェル・アザナヴィシウスが監督賞を受賞 第84回アカデミー賞の授賞式、ついに監督賞が発表。受賞したのは『アーティスト』のミシェル・アザナヴィシウス。『アーティスト』は、サイレントからトーキーへと移り変わるころのハリウッドを舞台に、スター俳優の葛藤と愛を美しいモノクロ映像でつづるサイレント映画だ。
『アーティスト』は、サイレントからトーキーへと移り変わるころのハリウッドを舞台に、スター俳優の葛藤と愛を美しいモノクロ映像でつづるサイレント映画だ。【他にノミネートされていた作品】 ・ウッディ・アレン（ミッドナイト・イン・パリ） ・テレンス・マリック（ツリー・オブ・ライフ） ・アレクサンダー・ペイン（ファミリー・ツリー） ・マーティン・スコセッシ（ヒューゴの不思議な発明）
『アーティスト』ストーリー 1927年のハリウッドで、サイレント映画のスターとして君臨していたジョージ・ヴァレンティン（ジャン・デュジャルダン）は、新作の舞台あいさつで新人女優ペピー（ベレニス・ベジョ）と出会う。その後オーディションを経て、ジョージの何げないアドバイスをきっかけにヒロインを務めるほどになったペピーは、トーキー映画のスターへと駆け上がる。一方ジョージは、かたくなにサイレントにこだわっていたが、自身の監督・主演作がヒットせず——。前評判が高いこの映画が監督賞を受賞。作品賞の期待も高まる。
作品賞の期待も高まる。・第84回アカデミー賞特集 ・【速報】第84回アカデミー賞
『ベルセルク』第2部は、前作を超える“エロス”と“バイオレンス”に注目 2月に公開された映画『ベルセルク 黄金時代I 覇王の卵』の続編となる『ベルセルク 黄金時代篇II ドルドレイ攻略』が6月23日に公開される。本作は、全世界累計3300万部を超えるファンタジー超大作コミック「ベルセルク」の全てを映像化する“ベルセルク・サーガプロジェクト”の第2作目。原作は、1989年より漫画誌「ヤングアニマル」で連載を開始し、現在も不定期で連載されている。本作は、主人公ガッツとグリフィス率いる鷹の団との出会いを描いた前作から3年後が舞台。ガッツは、壮絶な戦いを経て、グリフィスと固い絆を結ぶようになる。だが、“対等の友”となるために退団を決意するのだった。その頃、ミッドランド王国と敵国チューダー帝国との百年戦争が最終決戦に突入。鷹の団飛躍の好機とみたグリフィスは、国王に鷹の団だけで出陣することを進言する。ガッツは、その戦いを最後に、鷹の団を去る決意を固める。敵は3万、味方は5000、誰もが無謀と確信した戦いが始まる。
敵は3万、味方は5000、誰もが無謀と確信した戦いが始まる。『鉄コン筋クリート』『マインド・ゲーム』などで国内最高峰の技術を誇るSTUDIO4℃が手掛ける映像、5.1chサラウンドで立体的に構築した音響など、本作には、こだわりがたくさんある。その中でも、本作で最も注目すべき点が、戦場の生々しさを残酷に描くといった“バイオレンス”な部分と肉体が交わる“エロス”を存分に描いているところだ。この2点は「ベルセルクをやる以上は、重要かつ不可避な要素と考えていた」と窪岡俊之監督は語る。バイオレンスについては、第一部以上に、戦場での鮮血が飛び散るシーンや、斬首シーンなど、残酷な場面が生々しく描かれた。そして、エロスについては、映像はもちろんのこと、濡れ場シーンでの息づかいの音響にもこだわったという。監督は「息づかいの芝居が素晴らしく、館内が固唾をのんで静まり返るのが今から楽しみ」と自信を見せている。グリフィスとシャルロット姫の濡れ場がどれだけリアルなものになっているのか期待をしてしまう。それぞれのシーンを通してキャラクターをどこまで描くことができるのか、それらをどこまで前面に配置するか。こうして、調整を重ねていき、見事に“エロス”と“バイオレンス”を描き出した。その追求ぶりは、制作中に「たびたび血圧が上がって気分が悪くなり、ある意味では攻城戦を描くよりハードな戦いだったと言えるかもしれません」と語るほど。本作では、前作以上に前面に押し出された“エロス”と“バイオレンス”に注目したい。
本作では、前作以上に前面に押し出された“エロス”と“バイオレンス”に注目したい。映画『ベルセルク 黄金時代篇II ドルドレイ攻略』は、6月23日（土）より全国ロードショー。
映画『ベルセルク 黄金時代篇II ドルドレイ攻略』は、6月23日（土）より全国ロードショー。・『ベルセルク 黄金時代篇II ドルドレイ攻略』 - 特集 【関連記事】 ・匠の技を凝縮！ ベルセルクのガッツとグリフィスのフィギュアを手に入れろ ・大阪の商人はベルセルクがお好き？ ガッツに続きグリフィスともコラボ ・金環日食に反応したか、ベルセルクのベヘリットが期間限定で血の涙を流す ・「さらば、グリフィス」、『ベルセルク』前売り特典に刻まれた言葉の意味は？
韓国で最高視聴率を記録したドラマが、韓国家庭料理とタイアップ ペ・ドゥナ（「威風堂々な彼女」）とソ・ジソク（「19歳の純情」）の主演で贈る、遅咲きの歌姫が恋と夢のステージで輝く人生逆転シンデレラ・ラブストーリー『グロリア』。「家門の栄光」脚本家と「恋愛マニュアル」演出家チーム最新作で、2009年に韓国で最高視聴率29.7%を記録し、KNTVの視聴者人気番組ランキング1位を獲得した同ドラマが、10月5日より『グロリア DVD-SET 2』となって発売＆レンタルを開始します。『グロリア DVD-SET 2』の発売を記念して、韓国家庭料理「チェゴヤ」とのタイアップが決定。公式サイトでは、「グロリア」DVD-SET 1や「チェゴヤ」での食事券10,000円などが当たるプレゼントキャンペーンを実施中です。「チェゴヤ」店頭では、「グロリア」一押しメニューとして「サンゲタン」を販売。「サンゲタン」は鶏のお腹に餅米と朝鮮人参、ナツメ等を入れて長時間煮込んだ韓国の代表的な薬膳料理です。さらに、10月1日から31日（月）まで、「チェゴヤ」店頭で「グロリアの公式Webサイトを見た」と言うと、通常2,500円の「サンゲタン」が特別価格2,000円になるサービスも実施。「サンゲタン」割引サービスは、一部店舗（新宿店、神田店、神保町店、六本木店、蓮田店、高崎店）を除くチェゴヤ全店舗で実施します。
「サンゲタン」割引サービスは、一部店舗（新宿店、神田店、神保町店、六本木店、蓮田店、高崎店）を除くチェゴヤ全店舗で実施します。・グロリア - 公式サイト ・DVD／海外ドラマ - MOVIE ENTER
今年最初のパンの日に“最幸（さいこう）パンメニュー”が決定 今年デビュー30周年を迎えた原田知世と、北海道出身でテレビ・映画と活躍中の大泉洋が主演を務め、1月21日（土）より北海道先行、翌週28日（土）より全国ロードショーとなる映画『しあわせのパン』。2012年「絶対見たい映画ランキング」女性総合第7位に堂々ランクインした同作より、今年最初の“パンの日”（毎月12日）を記念したスペシャル企画として、ユーザーが選んだ“最幸（さいこう）パンメニュー”が発表された。映画『しあわせのパン』は、主題歌となった矢野顕子 with 忌野清志郎が歌う名曲「ひとつだけ」からインスパイアされて脚本が書き下ろされ、夏と冬の2シーズンに渡ってオール北海道撮影を敢行。原田＆大泉演じる水縞夫婦が営むパンカフェ「マーニ」を舞台に、水縞くんがパンを焼き、りえさんがコーヒーを淹れて料理をつくり、訪れる季節の客との交流を描く。四季折々の食材を使って丁寧に作られるパンや料理は、その時々で新たな顔を見せ、「マーニ」を訪れる客や観客をも元気づけたり励ましたり、そっと優しく包んだり、“しあわせ”を運ぶもう一つの主役として画面を彩っている。
四季折々の食材を使って丁寧に作られるパンや料理は、その時々で新たな顔を見せ、「マーニ」を訪れる客や観客をも元気づけたり励ましたり、そっと優しく包んだり、“しあわせ”を運ぶもう一つの主役として画面を彩っている。『しあわせのパン』の公式facebookページでは、ユーザーに対して「あなたの好きなパンは何ですか？」「パンにあう食べ物は？」「パンにあう飲み物は何ですか？」などの質問を投げかけて調査を実施。1月11日（水）午前0時時点で合計964票と多くの票が集まり、各質問の1位を揃えた、今すぐ食べたくなる“最幸パンメニュー”として「クロワッサン＋シチュー＋コーヒー」が決定した。定番である、食パン＋牛乳＋目玉焼きに票が集まると予想されたが、寒い季節も関係してか、映画同様ちょっぴり大人なメニューに決定。パンといえばの定番食パンを抜いて1位に輝いたのはクロワッサン。そして、寒い季節には必ず食べたくなるあったかいシチュー。飲み物には、その味はもちろん香りも楽しめるコーヒー。
飲み物には、その味はもちろん香りも楽しめるコーヒー。各質問の順位は下記の通りで、現在も投票受け付け中。早速、本日のランチに“最幸パンメニュー”を食べてみては。質問1：好きなパンは？ 1位 クロワッサン 2位 フランスパン 3位 食パン 4位 ベーグル 5位 メロンパン 質問2：パンにあう食べ物は？ 1位 シチュー 2位 目玉焼き 3位 チーズ 4位 スクランブルエッグ 5位 オムレツ 質問3：パンにあう飲み物は？ 1位 コーヒー 2位 牛乳 3位 カフェオレ 4位 紅茶 5位 コーンポタージュ
1位 コーヒー 2位 牛乳 3位 カフェオレ 4位 紅茶 5位 コーンポタージュ・しあわせのパン - 作品情報 ・映画『しあわせのパン』公式Facebook ■関連記事 ・“コミカルな演技を封印した”大泉洋、新境地を開拓！
【プレゼント】1番悪いヤツは誰なのか、北野武監督最新作『アウトレイジ ビヨンド』試写会にご招待 「俺が死んだって噂流したのはお前か」2010年に公開され、大ヒットを記録した映画『アウトレイジ』の最新作『アウトレイジ ビヨンド』が10月6日より公開される。8月29日（現地時間）よりイタリアで開催される第69回ベネチア国際映画祭のコンペティション部門に正式上映出品されることが決定した。これで、第63回カンヌ映画祭（2010年）のコンペティション部門にて上映された前作に続き、2作品連続の世界三大映画祭へのコンペティション部門出品という快挙となった。本作の舞台となるのは、前作の抗争から5年後。会長が交代して新体制となり、関東の頂点を極めた暴力団“山王会”は、ついに政治の世界にまで手を伸ばし始めた。巨大ヤクザ組織の壊滅を企てる警察組織は、山王会の過剰な勢力拡大に業を煮やしていた。そこで目を付けたのが、関西の雄である“花菱会”。表向きは友好関係を保っている東西の巨大暴力団の対立を目論み、刑事・片岡は裏で策略を仕掛けていく。そんな中、前回の抗争中に獄中で死んだはずのヤクザ・大友が生きていたという衝撃の事実が発覚する。突然出所を告げられた大友と、明らかに何かを企み、彼を出迎える片岡。警察が仕掛ける巨大な陰謀と抗争の足音が着々と近づいてくる。果たして、大友はどう出るのか……。前作に引き続き、北野武、三浦友和、加瀬亮、中野英雄、小日向文世が出演するほか、西田敏行、塩見三省らが北野映画に初参加する。
前作に引き続き、北野武、三浦友和、加瀬亮、中野英雄、小日向文世が出演するほか、西田敏行、塩見三省らが北野映画に初参加する。今回、本作の一般試写会に25組50名様をご招待。北野監督作品史上最大となる全国200館以上での劇場公開が決定し、世界中が本作の動向に注目している。前作を超えるアクションと見紛うばかりの緊張と興奮の“アウトレイジ・シーン”は必見。この機会をお見逃しなく！映画『アウトレイジ ビヨンド』は、10月6日（土）より新宿バルト9、新宿ピカデリーほか全国ロードショー。
映画『アウトレイジ ビヨンド』は、10月6日（土）より新宿バルト9、新宿ピカデリーほか全国ロードショー。プレゼント概要映画『アウトレイジ ビヨンド』試写会日時 9月26日（水）開場18:00／開映18:30場所 よみうりホール募集人数 25組50名様※本作はR-15指定となっております。15歳未満の方のご応募はご遠慮下さい。
15歳未満の方のご応募はご遠慮下さい。【応募方法】MOVIE ENTER公式Twitterアカウント「@movie_enter」をフォローのうえ、 本記事のURL（http://news.livedoor.com/article/detail/6882196/）をツイートしてください。
【応募方法】MOVIE ENTER公式Twitterアカウント「@movie_enter」をフォローのうえ、 本記事のURL（http://news.livedoor.com/article/detail/6882196/）をツイートしてください。【応募期間】2012年8月23日（木）〜 9月16日（日）まで※当選者には、ツイッターのDM（ダイレクトメッセージ）でご連絡いたします。
【応募期間】2012年8月23日（木）〜 9月16日（日）まで※当選者には、ツイッターのDM（ダイレクトメッセージ）でご連絡いたします。【応募条件】・日本に居住されている方（賞品配送先が日本国内の方）。・応募に関する注意事項に同意いただける方。
・応募に関する注意事項に同意いただける方。【注意事項】※本キャンペーンに関して、弊社が不適切な行為がされていると判断いたしましたアカウントは、キャンペーン対象外とさせていただきます。※弊社は、応募いただいた方のツイート内容には一切の責任を負いません。※当選発表は、当選者様への当選のご連絡をもってかえさせていただきますので、ご了承ください。※当選通知後、4日間ご連絡がない場合は、当選を無効とさせていただきます。※当選結果に関するお問い合せは受け付けておりませんので、ご了承ください。※当キャンペーンの掲載内容や条件は、予告なく変更する場合がございます。あらかじめご了承ください。※当選の権利の譲渡はできません。※キャンペーン参加にあたっては、必ず弊社個人情報保護方針「プライバシーポリシー」をお読みください。※当選時にご連絡いただく住所、氏名、電話番号は、その確認などの関連情報のご案内のみに使用し、キャンペーン終了後は弊社の定める方法に基づき消去いたします。※インターネット通信料・接続料およびツイートに関しての全ての費用はお客様のご負担になります。※次の場合はいずれのご応募も無効となりますのでご注意ください。・応募時の内容に記載不備がある場合。・お客さまのご住所が不明、または連絡不能などの場合。
作品情報・映画『アウトレイジ ビヨンド』 - 作品情報配給：ワーナー・ブラザース映画／オフィス北野
その他のプレゼント・人種問題のタブーに挑んだ映画『ヘルプ 〜心がつなぐストーリー〜』のブルーレイ+DVDセット・堺雅人が“伝説の殺し屋”になって大ピンチに！『鍵泥棒のメソッド』一般試写会にご招待・ジュリア・ロバーツが悪役に初挑戦！『白雪姫と鏡の女王』特別試写会にご招待
『白雪姫と鏡の女王』特別試写会にご招待スクリーンから貞子が飛び出す！ 映画『貞子3D』の特報映像が公開 5月12日より公開となる映画『貞子3D』の特報が公開となった。1998年、日本中を恐怖の渦に巻き込んだ『リング』のシリーズ化、ハリウッドでのリメイクを経て、ついに、“貞子”が3Dで蘇る。
1998年、日本中を恐怖の渦に巻き込んだ『リング』のシリーズ化、ハリウッドでのリメイクを経て、ついに、“貞子”が3Dで蘇る。今回、公開された特報映像がこちら。特報は、「お前じゃない」というセリフが印象的な仕上がりになっている。果たして、“S”は、どのように復活するのだろうか。
果たして、“S”は、どのように復活するのだろうか。本作でホラー映画初主演となる石原さとみが、貞子復活のカギを握る高校教師の鮎川茜役を演じる。その他、茜の恋人の安藤孝則役に『ランウェイ☆ビート』での主演も記憶に新しい瀬戸康史や、本作で初の悪役に挑戦する山本裕典、田山涼成、染谷将太らが出演する。
その他、茜の恋人の安藤孝則役に『ランウェイ☆ビート』での主演も記憶に新しい瀬戸康史や、本作で初の悪役に挑戦する山本裕典、田山涼成、染谷将太らが出演する。監督は、『ハンサム★スーツ』『高校デビュー』などを手掛けた英勉（はなぶさつとむ）。
監督は、『ハンサム★スーツ』『高校デビュー』などを手掛けた英勉（はなぶさつとむ）。『リング』シリーズの原作者、鈴木光司による完全書き下ろしの全く新しいオリジナルストーリーで、日本中を震撼させる。
『リング』シリーズの原作者、鈴木光司による完全書き下ろしの全く新しいオリジナルストーリーで、日本中を震撼させる。『リング』は、1998年に公開されると、瞬く間に大ヒット。日本にホラーブームを巻き起こし、『リング2』『リング０ バースデイ』と続編も大ヒットを記録。ホラー映画の代名詞のようなシリーズになった。
ホラー映画の代名詞のようなシリーズになった。そんなシリーズの最恐キャラクター“貞子”が3Dでスクリーンから飛び出してくる。
そんなシリーズの最恐キャラクター“貞子”が3Dでスクリーンから飛び出してくる。映画『貞子3D』は、5月12日（土）より全国ロードショー。
【MOVIE ENTERおすすめニュース】 ・なぜ人類は月を見捨てたのか、映画『アポロ18』で驚愕の事実が明かされる ・映画鑑賞が“生涯無料”になる ・小栗旬がゾンビ映画を手掛ける？ 必見の予告映像が公開 ・高良健吾と吉高由里子が5年ぶり再会、心温まる感動の話題作が待望の映画化 ・『アメイジング・スパイダーマン』新予告が全世界で解禁
必見の予告映像が公開 ・高良健吾と吉高由里子が5年ぶり再会、心温まる感動の話題作が待望の映画化 ・『アメイジング・スパイダーマン』新予告が全世界で解禁脚本にセリフなし？恋人同士のある1日を“即興”で描く新感覚の注目映画 『（500）日のサマー』、『G.I.ジョー』や、7月27日より先行上映された話題作『ダークナイト ライジング』に出演しているジョセフ・ゴードン＝レヴィットが主演を務める映画『ハーフ・デイズ』が8月4日より公開される。本作は、ある1日を実験的な手法で描いた人間ドラマ。
本作は、ある1日を実験的な手法で描いた人間ドラマ。7月4日アメリカ独立記念日の朝、恋人同士のボビーとケイトは、ブルックリン大橋の上に立っていた。彼らは、子どもを産むか、産まないか、人生で最も大きな決断を迫られていた。ボビーはコインを取り出し、投げた時、2つの並行する1日が始まるのだった。
ボビーはコインを取り出し、投げた時、2つの並行する1日が始まるのだった。ボビーとケイトは、反対の出口へと走り出していく。そこで、それぞれ別のボビーとケイトと遭遇する。
ブルックリン側では、人生の挫折や家族愛が描かれている。
ブルックリン側では、人生の挫折や家族愛が描かれている。一方マンハッタン側では、射殺事件を目撃し、そこから大金と犯罪組織に絡む逃走劇が始まる。
一方マンハッタン側では、射殺事件を目撃し、そこから大金と犯罪組織に絡む逃走劇が始まる。そして、2つの運命が再び出会う時、彼らはどちらを決断するのだろうか。
そして、2つの運命が再び出会う時、彼らはどちらを決断するのだろうか。ジョセフ・ゴードン＝レヴィット演じるボビーの恋人ケイト役を演じるのは、『ジョン・カーター』で注目を浴びたリン・コリンズ。2人は、オーディションを経て抜擢された。
2人は、オーディションを経て抜擢された。監督、製作、脚本を務めるスコット・マクギーとデヴィッド・シーゲルは、本作の撮影を自由なものにしたいと思っていたという。そことで彼らは、ほぼセリフが書かれていない脚本を完成させ、“即興”という手法で製作をする。さらに、自由な環境で撮影ができるように三脚からカメラを離し、本作の製作を進めていく中で生まれた偶然をうまく取り込もうとしていった。
さらに、自由な環境で撮影ができるように三脚からカメラを離し、本作の製作を進めていく中で生まれた偶然をうまく取り込もうとしていった。「事前に準備できるようなものを与えないから、その場で与えられた状況に沿って他の役者と即興で演じてもらった」と言うように、ジョセフとリンが見事勝ち取ったオーディションもまた“即興”で行われた。2人は、偶然同じ日にオーディションを受けることになり、偶然にもペアになったという。その時、「部屋の空気が変わった」とスコットとデヴィッドは振り返る。試しに、他の俳優と入れ替えてみるも、やはり2人のペアの時に感じた何かが消えず、ジョセフとリンは主役に大抜擢された。
試しに、他の俳優と入れ替えてみるも、やはり2人のペアの時に感じた何かが消えず、ジョセフとリンは主役に大抜擢された。本作では“ニューヨークの生の感覚をできるだけ映し出す”ことも重要視していた。そのためには、可能な限り、ジョセフとリンを本物のニューヨーカーたちの中に立たせる必要があった。撮影陣が目立たないように配慮することで、人の流れや車の流れを自然にみせ、スムーズに撮影は進められた。「ニューヨークは、撮影クルーがいても大して注目されない街なんだね」と言うように、ニューヨーカーにとっては、映画の撮影は珍しいことではなく、日常茶飯事のようだ。
「ニューヨークは、撮影クルーがいても大して注目されない街なんだね」と言うように、ニューヨーカーにとっては、映画の撮影は珍しいことではなく、日常茶飯事のようだ。“即興”“ニューヨークの生の感覚”にも注目だが、本作に登場する犬にも注目してもらいたい。10年以上前にロスの街角で出会ったという犬・タイガーは、本作のストーリーを発展させるというスタッフからの意見があり、抜擢された。しかし撮影の中盤、クイーンズのメインのロケ地で車に跳ねられてしまうという事故が起きる。幸い、内出血も骨折もなく、次の撮影日には復帰できたという。キャストとスタッフが“本物の役者”と認めたタイガーの役者ぶりに注目だ。
キャストとスタッフが“本物の役者”と認めたタイガーの役者ぶりに注目だ。映画『ハーフ・デイズ』は、8月4日（土）よりシアターＮ渋谷にて公開。・『ハーフ・デイズ』 - 作品情報
【MOVIE ENTERおすすめ特集】 ・『プロメテウス』特集 - 作品を100倍楽しむ徹底研究！ ・「コバート・アフェア」特集 - ファッションスナップにも注目！ ・夏映画特集2012 - この夏、見逃せない映画を紹介 ・MOVIE ENTERのTOPへ
・夏映画特集2012 - この夏、見逃せない映画を紹介 ・MOVIE ENTERのTOPへ【週末映画まとめ読み】『ドラゴンボールZ』17年ぶり新作劇場版に世界が興奮！今週1週間に映画界で起こった出来事を紹介する「週末映画まとめ読み」。まずは、特にアクセス数の多かった映画記事トップ10を振り返ってみましょう。
まずは、特にアクセス数の多かった映画記事トップ10を振り返ってみましょう。世界がオリンピックで盛り上がる中、今週もっと話題となったのが『プロメテウス』。アクセス第1位に輝いた記事では、“日本のインディー・ジョーンズ”と呼ばれる生物学者が“生命の起源”に迫るという本作の謎について言及しています。MOVIE ENTERでは『プロメテウス』特集ページもオープンしているので、ぜひそちらも覗いてみてください。
MOVIE ENTERでは『プロメテウス』特集ページもオープンしているので、ぜひそちらも覗いてみてください。その他17年ぶりとなる『ドラゴンボール』劇場版の話題などもありました。
第1位 日本のインディ・ジョーンズが解明！『ダ・ヴィンチ・コード』を超える今世紀最大の発見とは？映画や小説の世界には、定説を覆す驚くほどのセンセーショナルな作品が存在する。ダン・ブラン原作、トム・ハンクス主演の『ダ・ヴィンチ・コード』では、キリスト教の根幹を揺るがす謎を描き、全世界で社会現象を巻き起こした。そしてこの夏、《人類の起源》の謎を解くという『ダ・ヴィンチ・コード』をも超える、今世紀の最大の衝撃作『プロメテウス』がついに公開される。劇中で女性科学者エリザベスは、世界各地の古代遺跡に遺された共通のサインを発見し、人類の創造の真実を解き明かすため宇宙船プロメテウス号で未知の惑星に旅立つが、彼女と同じく《生命の起源》を解明すべく世界中を飛び回り、“日本のインディ・ジョーンズ”の異名をもつ生物学者・長沼毅氏（広島大学大学院 生物圏化学研究科 准教授）が、『プロメテウス』に隠された真実を語った。記事全文
第2位 コスプレセックスも…永山絢斗×田畑智子18禁！裸で絡み合う予告編公開永山絢斗と田畑智子がダブル主演する映画『ふがいない僕は空を見た』（11月17日公開）の予告編が公開され、心に抱える闇や寂しさを埋めるかのように情事にふける主人公たちの姿が明らかになった。本作は、2011年本屋大賞2位、第24回山本周五郎賞を受賞した窪美澄の同名小説を、映画『俺たちに明日はないッス』以来、4年ぶりにメガホンを取ったタナダユキ監督が映画化した青春群像劇。「生」と「性」を重ね合わせ、生きるために心のよりどころを探す登場人物たちのそれぞれの物語が切ないR18＋指定作品だ。記事全文
第3位 17年ぶりに帰ってキターーッ！2013年公開の『ドラゴンボールZ』新作映画に世界がハチャメチャに興奮中!!みなさん、大ニュースだ！ついにヤツが帰ってくる！そう、みんなのヒーロー孫悟空が帰ってくるぞーーーーーーッ！悟空が帰ってくるのは、2013年3月30日公開の新作映画『ドラゴンボールZ』で、前作の劇場版『ドラゴンボールZ』から17年ぶりの新作となる。この大きな注目が集まる新作映画には、『ドラゴンボール』の原作者・鳥山明先生もかなり力を入れているらしく、映画公式サイトには、以下のような鳥山先生からのコメントが紹介されていた。
この大きな注目が集まる新作映画には、『ドラゴンボール』の原作者・鳥山明先生もかなり力を入れているらしく、映画公式サイトには、以下のような鳥山先生からのコメントが紹介されていた。記事全文
記事全文第4位 【イタすぎるセレブ達】顔はジェシカ・アルバでボディはプレイメイト？爆乳自慢の若手女優カット・デニングス、ブレークなるか。カワイイ顔してボディはダイナマイト級の若手女優と言えば、最近では『ハンガー・ゲーム』のジェニファー・ローレンス（21）あたりであろう。だがジェニファーに人気の独り占めはさせないとばかり、この女優もジワリジワリとその人気を伸ばしている。7月29日にビバリーヒルズで開催された『2012 TCA Summer Tour/CBS/CW/Showtime』のパーティ。TV女優らを中心に美女が揃い踏みしたが、その中でひときわ目立っていたのが女優カット・デニングス。人々の目は、おのずとそのたわわな胸元にくぎ付けになってしまった。記事全文
第5位 希志あいの＆戸田れい、「けっこう仮面は女版スパイダーマン（笑）。正義と葛藤を感じて！」赤いマスクとブーツに手袋、それ以外は全裸という殿方発奮のコスプレヒロイン、けっこう仮面の活躍を描く『けっこう仮面 新生-REBORN-』に出演した希志あいのと戸田れいが、悶絶級の拷問を受ける限界ショットの苦労を回想するとともに、意外にシリアスなテーマを問う永井豪ワールドとけっこう仮面の勇姿に「明日への活力が沸くはず！」と熱弁した。記事全文
6位〜10位 6位 銃を持つ子どもに貧困…アルゼンチン映画脚本家、均一的イメージで外国描くアメリカ映画界にチクリ 7位 『ドラゴンボールZ』17年ぶり最新作、悟空の勇姿が動画で公開！世界的人気を受け英語版オフィシャルサイトも 8位 魔法が解けたエマ・ワトソン、大人の女性として嫉妬やときめきを繊細に演じる 9位 “AKB48の
世界的人気を受け英語版オフィシャルサイトも 8位 魔法が解けたエマ・ワトソン、大人の女性として嫉妬やときめきを繊細に演じる 9位 “AKB48のセンター”が「出会いカフェ」で小遣い稼ぎ 10位 スマイレージ和田彩花、舞台から落下のハプニング！ オリンピックが終わりに近づき、映画興行も本格化。
オリンピックが終わりに近づき、映画興行も本格化。今週からはすでにSF大作『トータル・リコール』が始まっており、夏らしいホラー映画『怪談新耳袋 異形』なども公開します。また渋いところでは香港映画3作品『やがて哀しき復讐者』『コンシェンス/裏切りの炎』『強奪のトライアングル』などの注目作も。MOVIE ENTERの「夏映画特集 2012」では、夏にぴったりの映画を紹介しているので、こちらもぜひチェックしてみてください。
MOVIE ENTERの「夏映画特集 2012」では、夏にぴったりの映画を紹介しているので、こちらもぜひチェックしてみてください。最後に、人気の映画試写会プレゼントもご紹介。どしどし、ご応募ください。試写会プレゼント ・ジュリア・ロバーツが悪役に初挑戦！『白雪姫と鏡の女王』特別試写会にご招待 ・サッカー強豪国ドイツの知られざる真実とは？ 『コッホ先生と僕らの革命』試写会にご招待 ・チュート徳井が徹底した役作りで挑む！『莫逆家族 バクギャクファミーリア』完成披露試写会にご招待 ・堺雅人が“伝説の殺し屋”になって大ピンチに！『鍵泥棒のメソッド』一般試写会にご招待 ・誕生から50年、綾瀬はるか主演で実写化！『映画 ひみつのアッコちゃん』公開直前プレミア試写会にご招待
“素敵なパパタレント”井戸田「思っていることをちゃんと伝えるのが大事」 ロボット格闘技の世界を舞台に、人生に挫折した男の再起のドラマと、父と息子とのかけがえのない絆を描いた、ヒュー・ジャックマン主演による感動大作『リアル・スティール』。12月9日の劇場公開から初日3日間で初登場3位を記録した後、19日には“素敵なパパタレント”として、ロンドンブーツ１号２号の田村亮と、スピードワゴンの井戸田潤をゲストに迎え、トークショーを実施した。MCの千野志麻アナウンサーより“素敵なパパタレント”として紹介され、一昨年に女優・安達祐実と離婚した井戸田は「僕で大丈夫ですか？」と自虐的なコメント。
」と自虐的なコメント。まずは映画を観た感想について、田村が「正直ナメてましたね。そこまで感動するとは思ってなかったんですけど、まさかこんなに感動するとは。子供と一緒に観たかったなと思うぐらい、少し後悔してます。」と述べると、その田村の隣の席で鑑賞していた井戸田は「ビックリするぐらいの映像とストーリーの良さが最高で、たまらないですね。いずれロボットが人間を追い抜くんじゃないかなっていうぐらい、動きがすごいですよね。」と述べた。
」と述べた。劇中で息子のマックスが「父さん、僕のために戦って」と懇願する台詞がポスターにも使用されているが、ヒュー・ジャックマン演じる父親役のチャーリーと自身を重ねて、田村は「子供がすごく真っ直ぐな目をしてお願いすると、親としては言うことを聞きそうになるんですけど、ちゃんと子供のためを思って断る所は良かったなと。僕もああいう風に子供にちゃんと言えたらなと思いました。」とコメント。
」とコメント。井戸田が「子供が父親に『頑張って一生懸命、僕のために何かやってよ』と言う所は、本当にウルウル来ましたね。でも、その前に亮さんがウェって泣いてるのが、もう見てられなかった。」と暴露した。
」と暴露した。続けて、人生に挫折した父チャーリーについて、田村は「自分もだらしない所はもちろんあるし、お父さんの気持ちが凄く分かって、たまらなかったですね。芸人とか、ちょっと博打みたいな仕事じゃないですか。奥さんも大変かなと思ったり、思い当たる節がありましたね。」とすっかり感情移入した様子。
」とすっかり感情移入した様子。映画冒頭でのチャーリー同様、子供と別居している井戸田が「僕の場合は家庭環境が違って、離れている部分がありますけど、子供にとても会いたくなりました。『リアル・スティール』のチケットを買って贈ろうかなと思いますね。」と答えると、客席から温かい拍手が沸き起こった。
」と答えると、客席から温かい拍手が沸き起こった。そして、今後はどのように子供と接したいか聞かれると、井戸田は「クリスマスが近いので、すごくいっぱいプレゼントをあげます。」とコメント。それを受け、田村は「僕は、プレゼント作戦ではないですよね。背中を見せるみたいな。」と述べたが、井戸田が「だって、俺は背中を見せる機会がなかなか無いんですよ。」と述べると、「ゴメン、俺が悪かった。」と素直に謝罪。「僕は、ダメな所を一度見せる所から始めて…。」と続けた田村に対し、すかさず井戸田は「いや、テレビで結構見せてますよ。」と反撃したが、「向かい合うのが良いのかもしれないですね。本音を言ったり、男同士が分かり合うみたいな。自分の思っていることをちゃんと伝えるのが大事なのかなと思いましたね。」と、まるで自身の行いを振り返るかのように真剣に答えた。
」と、まるで自身の行いを振り返るかのように真剣に答えた。劇中でロボット格闘技を通じて、絆を深めていく親子を見て、田村は「僕は子供と一緒に釣りに行くんですけど、子供が鯉を釣っていて、もう引きずられそうになった所を、お父さんが支えてあげるとか…。」とコメント。一方、井戸田が「お父さんじゃないと出来ないという所をアピールするために、ジャムの瓶を全然開かないように、ものすごく固くして置いといて、スッと開けるとか。」と答えると、千野アナより「ジャムの瓶はあんまり…。」とダメ出しされ、「じゃあ、何の瓶なら！？」と聞き返したが、千野アナに「これからも親子の絆を深めていって欲しいと思います。」と締められて、終始笑顔の絶えぬままイベントが終了した。
」と締められて、終始笑顔の絶えぬままイベントが終了した。MOVIE ENTERの『リアル・スティール』特集ページでは現在、iPad 2が当たるキャンペーンを実施中。応募は25日までなので、お見逃し無く。・映画『リアル・スティール』特集ページ - MOVIE ENTER
世界で最も美しく、最もセクシーな“美魔女”が来日決定 グリム童話誕生200周年、子どもから大人まで幅広く愛されている名作グリム童話の「白雪姫」をもとに、これまでのイメージを一新させ、“戦う白雪姫”を描いたアクション・アドベンチャー超大作『スノーホワイト』が6月15日より公開。公開に先駆けて、本作で悪の女王ラヴェンナを演じた“美魔女”シャーリーズ・セロンの来日が決定した。
公開に先駆けて、本作で悪の女王ラヴェンナを演じた“美魔女”シャーリーズ・セロンの来日が決定した。シャーリーズ・セロン演じる悪の女王ラヴェンナは、自分の永遠の若さと力を保つため、クリステン・スチュワート（『トワイライト』シリーズ）演じる主人公スノーホワイトの心臓を狙う美しく、恐ろしい女王。これまで“世界で最も美しい女優”や“世界で最もセクシーな女優”などに幾度となく輝いたシャーリーズ・セロンが魅せる“絶対悪”は映画の見所の一つとなる。
これまで“世界で最も美しい女優”や“世界で最もセクシーな女優”などに幾度となく輝いたシャーリーズ・セロンが魅せる“絶対悪”は映画の見所の一つとなる。シャーリーズ・セロンは、2008年の『ハンコック』以来、約4年ぶり7回目の来日。先日発表された日本語吹替版声優の小雪、椎名桔平とともに、5月20日に予定されるプレミアイベントに出席する。
先日発表された日本語吹替版声優の小雪、椎名桔平とともに、5月20日に予定されるプレミアイベントに出席する。『スノーホワイト』ストーリー ある王国。マグナス王が死んで、女王ラヴェンナの統治に変わると平和な国は荒廃し、世は乱れていった。女王は永遠の美と若さに執着し、毎日鏡を眺めてはこう問いかけていた。「鏡よ、鏡。この世でいちばん美しいのは誰？」「もちろん女王様です」
」「もちろん女王様です」しかし、ある日、鏡はこう言った。「この世でいちばん美しいのは女王様ですが、やがてあなたよりも美しい娘が現れます。その時、娘の心臓を食べれば、あなたは永遠の美と若さを手に入れ、不死身となるでしょう」。
その時、娘の心臓を食べれば、あなたは永遠の美と若さを手に入れ、不死身となるでしょう」。その娘が自分の継娘スノーホワイトと知った女王は、彼女を城の塔へ閉じ込め、時が熟するのを待った。
その娘が自分の継娘スノーホワイトと知った女王は、彼女を城の塔へ閉じ込め、時が熟するのを待った。7年後、ついにその時が来る。ところが、スノーホワイトは塔から脱出を図り、深い森の奥へとひとり逃げ込んだ。女王は森に詳しいハンターのエリックを雇い、何が何でもスノーホワイトを捕えるように命じるのだった…。
女王は森に詳しいハンターのエリックを雇い、何が何でもスノーホワイトを捕えるように命じるのだった…。『スノーホワイト』公式サイト
『スノーホワイト』公式サイト■関連記事 ・“この世で一番美しい”美魔女と“戦う白雪姫”が対決
■関連記事 ・“この世で一番美しい”美魔女と“戦う白雪姫”が対決ファン必見！ 『ダークナイト ライジング』の特典グッズ付き前売り券がスゴイ 公開3カ月前にして異例のキャンペーンを実施！ ゴッサム・シティの悪を滅ぼす闇の騎士ダークナイトを描いた映画『ダークナイト』の待望の続編『ダークナイト ライジング』（7月28日公開）の特典グッズ付き前売り券が発売される。本作は、『インセプション』のクリストファー・ノーラン監督が手掛ける、アクション・エンターテインメント超大作。2011年12月にiTunesで公開された本作の予告映像第2弾が、わずか24時間で1250万回ダウンロードを記録し、それまでの史上最高記録を塗り替えた。また、1月には公開半年前にもかかわらず、ニューヨーク、ロサンゼルスで、本作のミッドナイト先行上映前売り券が瞬く間に完売。公開が近づくにつれ、全世界の注目度は高まるばかりだ。主演を務めるのは、クリスチャン・ベール。その他、マイケル・ケイン、ゲイリー・オールドマン、そしてモーガン・フリーマンと常例キャストに加え、アン・ハサウェイ、トム・ハーディー、マリオン・コティアール、ジョセフ・ゴードン＝レヴィットといった『インセプション』のキャストが再結集する。前作は、2008年の公開当時、『タイタニック』に次ぐ全米興行収入約430億円、全米興行成績歴代第2位を記録。さらに、同年のアカデミー賞で数々の賞を受賞し、世界中で『ダークナイト』現象を巻き起こした。本作では、前作を凌ぐ、本年度最高の興行収入が期待できそうだ。
本作では、前作を凌ぐ、本年度最高の興行収入が期待できそうだ。今回、発売が決定した特典グッズ付き前売り券は、4月21日より発売される。特典グッズは、“ダークナイト ライジング プレミアム レーザー”と題した、IDコード付きのレーザー。このレーザーを投射すると、ダークナイトのシンボルであるバットシグナルとともにスペシャルサイトのURLが映し出される。サイトには、ジャパン・プレミア試写会への抽選応募権や、デジタルコンテンツなど、本特典ならではのメニューが用意されている。また、特典本体に印刷されたIDコードを入力することで参加できるコンテンツもある。未だ、スペシャルサイトの内容は一切明かされておらず、その全貌は前売り券発売と同日に明きらかになる予定だ。
未だ、スペシャルサイトの内容は一切明かされておらず、その全貌は前売り券発売と同日に明きらかになる予定だ。配給元のワーナー・ブラザース映画は「前売り券をご購入くださったファンの皆様が、本作への熱い思いや周囲の期待をシェアしたり、感じたりできる場所として、本スペシャルサイトは公開までの約3カ月間どんどん盛り上がっていきます。そして物語の最後を一緒に迎えた時、ノーラン監督が作り上げた伝説が、最高の形で完結する事を願っています」とコメントしている。様々な仕掛けや特典が用意される今回のキャンペーンサイトは、ファン必見のコンテンツとなりそうだ。スペシャルサイトは、前売り券購入者のみ限定特典を用意しているが、IDなしでも参加、閲覧は可能となっている。
スペシャルサイトは、前売り券購入者のみ限定特典を用意しているが、IDなしでも参加、閲覧は可能となっている。編集作業は最終段階を迎え、様々なメディアでは「ついに完成か」と報じられている中、ノーラン監督は、前作から8年後のゴッサム・シティを舞台に壮絶な最後をどう描くのだろうか。映画『ダークナイト ライジング』は、7月28日（土）より丸の内ピカデリーほか全国ロードショー。
映画『ダークナイト ライジング』は、7月28日（土）より丸の内ピカデリーほか全国ロードショー。・映画『ダークナイト ライジング』 - 公式サイト ・映画『ダークナイト ライジング』 - 公式ファンページ 【関連記事】 ・前作を凌ぐ勢い！ バットマンの最後の敵・ベインの最新ビジュアル公開 ・iTunes史上最高のダウンロード数を記録した『ダークナイト ライジング』の予告映像を公開 ・バットマンが遂に引退か、ダークナイトシリーズ最終章の衝撃ポスター ・アン・ハサウェイの夢が叶った、映画『ダークナイト』新キャットウーマンのビジュアル解禁 ・映画の歴史を覆す『ダークナイト』シリーズ最終章、異例のポスターが公開
15歳の天才空手美少女「デビュー作を見てもらえることにワクワクどきどき」 10月22日より広島バルト11、T・ジョイ東広島ほか広島先行公開となる、オール広島ロケの痛快世直しエンタテイメント映画『サルベージ・マイス』。公開に先駆けて、10月12日には広島バルト11にて同作の完成披露試写会が行われ、田崎竜太監督、映画発出演となる天才空手少女長野じゅりあ、プロデューサー・アクション監督の西冬彦、そして広島吉本のフロントライン古島、メインディッシュのキムテツ、フリータイムの塩谷が登壇した。
公開に先駆けて、10月12日には広島バルト11にて同作の完成披露試写会が行われ、田崎竜太監督、映画発出演となる天才空手少女長野じゅりあ、プロデューサー・アクション監督の西冬彦、そして広島吉本のフロントライン古島、メインディッシュのキムテツ、フリータイムの塩谷が登壇した。『サルベージ・マイス』は、広島の観光名所10箇所以上で撮影を行い、世界に発信していく全く新たな日本映画として製作。広島の至る所にポスターが貼られていたりと、広島を中心に盛り上がりを見せている。
広島の至る所にポスターが貼られていたりと、広島を中心に盛り上がりを見せている。本編初披露となるこの日、田崎監督は「広島の人々とスタッフ、出演者の方々が全力を尽くしてくれたおかげで本当に良い作品ができた」と感謝の念を述べ深々と頭を下げた。また、映画初出演となる長野は「クランクインから5ヶ月たって、デビュー作を見てもらえることにワクワクどきどきしています、広島の方全員に見て頂きたい映画です」とあどけない笑顔を振りまいた。そして、プロデューサー・アクション監督の西は、「11月のAFM、2月のベルリン、3月の香港と世界中に売っていこうと思います。」と大きな夢を語った。
」と大きな夢を語った。広島での完成披露に登壇できなかった主演の谷村美月からはビデオメッセージが寄せられ、「初めてのアクションで、初めてづくしの映画だったのですが、長野じゅりあちゃんとも支え合うことができて、すごく良い作品に仕上がりました」と共演者の長野を讃えた。
広島での完成披露に登壇できなかった主演の谷村美月からはビデオメッセージが寄せられ、「初めてのアクションで、初めてづくしの映画だったのですが、長野じゅりあちゃんとも支え合うことができて、すごく良い作品に仕上がりました」と共演者の長野を讃えた。吉本の古島、キムテツ、塩谷は、一言も触れられなかったことにいじけつつも、「広島を世界に広めるためにもこの映画を何卒よろしくお願いします！」と全員一丸となり、温かい舞台挨拶となった。
」と全員一丸となり、温かい舞台挨拶となった。正義の怪盗“サルベージ・マイス”が広島を舞台に縦横無尽に走り回り、高価な美術品ばかりを狙う窃盗グループと戦う本作。主演はアクション初挑戦となる若手実力派女優・谷村美月。メガホンを取るのは、『平成仮面ライダー』シリーズなど特撮映画を数多く手掛ける田崎竜太監督。そして、かつて『少林サッカー』『マッハ！！』などを買い付け、遂には自らの手で作り出すようになったジャパニーズリアルアクション映画の先駆者、西冬彦がプロデューサー兼アクション監督を務めている。
』などを買い付け、遂には自らの手で作り出すようになったジャパニーズリアルアクション映画の先駆者、西冬彦がプロデューサー兼アクション監督を務めている。谷村のアクションと、広島の美しい街並み、路面電車や広島城など貴重な場所でのアクション、長野のすごすぎる空手技と長田との淡い恋、佐藤との対決など見どころが満載。広島発の同作が如何に世界へ羽ばたいていくのか、期待したい。
広島発の同作が如何に世界へ羽ばたいていくのか、期待したい。・映画『サルベージ・マイス』公式サイト
・映画『サルベージ・マイス』公式サイト■関連記事・ももクロZの新曲を初公開、映画『サルベージ・マイス』のTVスポットが解禁・映画『サルベージ・マイス』主題歌に、ももいろクローバーＺの新曲が決定
“神が宿った”新曲披露、『宇宙戦艦ヤマト2199』テレビシリーズを上映 “宮川”音楽が生まれ変わり、『宇宙戦艦ヤマト』の精神を音楽で伝える！4月7日より、『宇宙戦艦ヤマト』をリメイクした『宇宙戦艦ヤマト2199』（第1章、全7章）が新宿ピカデリーほか全国10館で上映される。本作の劇中音楽を担当するのは、宮川泰の実子・宮川彬良。出渕裕総監督やスタッフらの思いがひとつになり継承することが決定した。宮川泰は、1974年の放送当時、ファンに大きな影響を与えた作曲家。2006年、彼が亡くなった際には、多くのファンが『ヤマト』のレコードを持って葬儀に参列した逸話があるほどだ。そして今回、彼の息子である宮川彬良が、父親の曲を新たに生まれ変わらせることとなり、新曲も披露する。
そして今回、彼の息子である宮川彬良が、父親の曲を新たに生まれ変わらせることとなり、新曲も披露する。新曲は、2月18日によみうりホールで行われる「『宇宙戦艦ヤマト2199』発進式〜俺たちのヤマトSP〜」と題したイベントで一足早く披露される。本イベントには、宮川彬良のほか、古代進役の小野大輔、島大介役の鈴村健一、森雪役の桑島法子、沖田十三役の菅生隆之ら出演キャスト、出渕総監督、キャラクターデザインを務める結城信輝らが勢揃いし、生まれ変わった『宇宙戦艦ヤマト』を盛り上げる。
本イベントには、宮川彬良のほか、古代進役の小野大輔、島大介役の鈴村健一、森雪役の桑島法子、沖田十三役の菅生隆之ら出演キャスト、出渕総監督、キャラクターデザインを務める結城信輝らが勢揃いし、生まれ変わった『宇宙戦艦ヤマト』を盛り上げる。本作で劇中音楽を担当するにあたって、宮川彬良は以下のようにコメントしている。「今、改めて父の残した『宇宙戦艦ヤマト』の音楽をすべてスコア化する作業のため聴いてみますと、そのときの父には“神が宿った”としか思えないほどすばらしい音楽であることに気がつかされます。当時1カ月間という短い期間で、父はこの楽曲すべてを作曲したのですが、まさしくそれは“神が宿った1カ月”だったのです。今回、私も父の楽曲の編曲と新たに『宇宙戦艦ヤマト2199』のために新曲を作曲しましたが、まさに父の“神が宿った1カ月”を追体験したように思います。また、今回改めて父の楽曲をスコア化しましたが、様々な構成や仕掛けに気付き、亡くなった父が『宇宙戦艦ヤマト』の楽曲を通じて私に音楽というものを教えてくれているような気がいたしました。私は生前の父には教えられたことはほとんどなく、独自の道をたどって音楽家になった人間ですが、父が手がけたという作品を通じて新たに父の持つ音楽家としてのなにかを教えられたと実感しております。『宇宙戦艦ヤマト2199』という作品音楽を手がけるだけではなく、あの1974年の『宇宙戦艦ヤマト』を作り上げた方たちの“精神”を、音楽を通じて皆さんにお伝えしたいと考えております」。
『宇宙戦艦ヤマト2199』という作品音楽を手がけるだけではなく、あの1974年の『宇宙戦艦ヤマト』を作り上げた方たちの“精神”を、音楽を通じて皆さんにお伝えしたいと考えております」。公式サイトでは、最新情報が随時更新されるのでチェックしてみるといいだろう。
公式サイトでは、最新情報が随時更新されるのでチェックしてみるといいだろう。「『宇宙戦艦ヤマト2199』発進式〜俺たちのヤマトSP〜」は、よみうりホールで2月18日（土）18:30より開演予定。チケットは、全席指定6,500円となっており、1月14日（土）10:00より一般発売される。
チケットは、全席指定6,500円となっており、1月14日（土）10:00より一般発売される。『宇宙戦艦ヤマト2199』は、4月7日（土）より、第1話と2話を合わせて第1章として、新宿ピカデリー、横浜ブルク13、MOVIX柏の葉など全国10館で上映される。
『宇宙戦艦ヤマト2199』は、4月7日（土）より、第1話と2話を合わせて第1章として、新宿ピカデリー、横浜ブルク13、MOVIX柏の葉など全国10館で上映される。・『宇宙戦艦ヤマト2199』 - 公式サイト ・『宇宙戦艦ヤマト2199』発進式〜俺たちのヤマトSP〜 - チケット受付
【MOVIE ENTER おすすめニュース】 ・二階堂ふみの願望は「朝帰り」、意味不明な発言を連発 ・エリカ様が“演じる”のは「次々と事件を巻き起こしていくトップスター」 ・謎のモザイク美女の正体はAKB48の篠田麻里子、声優挑戦は成功するか
【MOVIE ENTER おすすめニュース】 ・二階堂ふみの願望は「朝帰り」、意味不明な発言を連発 ・エリカ様が“演じる”のは「次々と事件を巻き起こしていくトップスター」 ・謎のモザイク美女の正体はAKB48の篠田麻里子、声優挑戦は成功するか・コリン・ファレルが語る『フライトナイト』の魅力とは？
・チラシ配りのお姉さんが、KARAのニコルだったら？
ジェームズ・キャメロンの来日が決定！ 『タイタニック3D』は成功するのか 全世界興行成績歴代2位、日本洋画興行成績歴代1位、アカデミー賞受賞数歴代1位（11部門史上タイ記録）という記録を持ち、洋邦問わず15年間もの間、恋愛映画の金字塔として君臨し続けている『タイタニック』。タイタニックが実際の悲劇から100年目を迎える2012年4月に『タイタニック3D』としてよみがえる。この公開を記念して、ジェームズ・キャメロンが来日し、キャンペーンを行うことが決定した。キャメロンが来日するのは、3月30日と31日。今回のツアーは、タイタニック出航の地であるイギリス、当時公開規模が小さかったロシア、そして日本の3ヶ国のみ。この3ヶ国に日本が選ばれたのは、本人の強い希望で、未だ破られぬ興行収入262億円という記録を残せた日本に、改めて感謝の意を伝えたいからだそうだ。また15年前と比較して、劇的な成長を遂げ、今や世界経済の中心になりつつある中国とロシアを含めたBRIC'S圏での再上映も決まっており、97年公開時の『タイタニック』の世界興行成績と今回の『タイタニック3D』の世界興行成績を合わせると、現在世界興行収入No,1を記録している『アバター』を抜く可能性も大きい。名作の3D化というと『STAR WARS エピソード1/ファントム・メナス 3D』が一足先に16日から公開している。一週目の観客動員数ランキングは8位となっている。『タイタニック3D』はこれ以上の成果を出せるのだろうか。注目が集まる。映画『タイタニック3D』は、4月7日（土）TOHOシネマズ スカラ座他全国ロードショー。
映画『タイタニック3D』は、4月7日（土）TOHOシネマズ スカラ座他全国ロードショー。・MOVIE ENTER（ムービーエンター）【MOVIE ENTERおすすめ記事】・映画『FAIRY TAIL』、物語の鍵となる少女「エクレア」とは・「ドラえもん」が強い！ 最後の「はやぶさ」はどう戦う・『ターミネーター』と『チャーリーズ・エンジェル』を掛け合わせた面白さ”・【いちおう妖ヶ劇場】第9話：生徒を洗脳するなんて、あんまりせんのうの巻
最後の「はやぶさ」はどう戦う・『ターミネーター』と『チャーリーズ・エンジェル』を掛け合わせた面白さ”・【いちおう妖ヶ劇場】第9話：生徒を洗脳するなんて、あんまりせんのうの巻山田孝之と小西真奈美の映画に撮影していない“あるモノ”が映り込んでいた 製薬会社の営業マン・片山輝彦（山田孝之）はある日、頭を打って気絶して、記憶を失ってしまう。目を覚ました輝彦のカバンの中には婚約指輪が。そして、まるでタイプの異なる3人の女性（小西真奈美、真木よう子、池脇千鶴）が現れて——。そんな愛する女性を思い出せないサラリーマンの姿を描いた映画『指輪をはめたい』の山田孝之と小西真奈美が掛け合いをする1シーンに、とんでもないものが映り込んでいた。それは、何と映画の撮影の時に全く存在しなかったものである。その問題のシーンはこちらである。＜撮影時＞＜問題のシーン＞なんとアサヒフードの「クリーム玄米ブラン」が映り込んでいるではないか。ホラー要素を期待した方、申しわけない。実は、こちらは現在、新宿バルト9ほか全国のTジョイ系列の映画館で上映されているCM。山田と小西が、クリーム玄米ブランのCMと映画『指輪をはめたい』の両方に出演していることがきっかけで実現した。このCMだが、先程述べた通り、映画の1シーンを使ったもの。映画用の撮影したシーンにデジタル・プレイスメントという技術を使って、後付けでクリーム玄米ブランの画像を加えたのだ。デジタル・プレイスメントとは、撮影後の映像にデジタル技術で商品や広告を露出する新しいプロダクトプレイスメント。詳しくはムービーエンターで以前ご紹介した「あれ？こんな看板あった？」完成した映画作品に後から広告を入れる技術」こちらの記事を参照して欲しい。イギリスに拠点を置くMirriAd社が開発し特許を持つこの技術が、ついに日本でも導入された。今後もこの様な手法を使った映画と広告のタイアップが増えていくかも知れない。
今後もこの様な手法を使った映画と広告のタイアップが増えていくかも知れない。『指輪をはめたい』とクリーム玄米ブランの特別CMは、全国のT・ジョイ系列の映画館で、9月30日まで流される。映画『指輪をはめたい』は、2011年11月19日(土) 新宿バルト9他全国ロードショー。
映画『指輪をはめたい』は、2011年11月19日(土) 新宿バルト9他全国ロードショー。・映画『指輪をはめたい』 - 作品情報【MOVIE ENTER おすすめ記事】・“クールビューティ”の檀れいにメロメロ・総制作費6億円！韓国初の3D映画『第7鉱区』の予告映像が公開・テレビ放送禁止の「お蔵入り恐怖映像」をウェブで公開・大泉洋も飲んだ「探偵カクテル」でハードボイルドな世界を満喫
韓国初の3D映画『第7鉱区』の予告映像が公開・テレビ放送禁止の「お蔵入り恐怖映像」をウェブで公開・大泉洋も飲んだ「探偵カクテル」でハードボイルドな世界を満喫伝説のホラー映画が蘇る、『フライトナイト／恐怖の夜』の予告映像が公開 2012年1月7日（土）より全国公開となる映画『フライトナイト／恐怖の夜』の予告映像が公開された。本作は、『フライトナイト』（1986年）を3D映像で蘇らせた、戦慄のホラー映画。主人公は、アメリカの新興住宅地に住む高校生・チャーリー。学園No.1のアイドル・エイミーをゲットし、絶好調な毎日を過ごしていた。そんな時、隣にジェリーという男が引っ越してくる。ある夜、チャーリーは、ジェリーが美女の生き血を吸いつくすヴァンパイアだったことを知ってしまう。正体を知られてしまったジェリーは、反撃を開始する。チャーリーの家は破壊され、母親も重症を負う。次に、ジェリーが狙ったのは、チャーリーの恋人・エイミーだった。愛する恋人を守るため、普通の高校生とヴァンパイアの壮絶な戦いの夜が幕を開ける。
愛する恋人を守るため、普通の高校生とヴァンパイアの壮絶な戦いの夜が幕を開ける。今回、公開された予告編の映像がこちら。
今回、公開された予告編の映像がこちら。主演を務めるのは、ピープル誌で「最も美しい100人」に選出された若手スター、アントン・イェルチン。『マイアミ・バイス』、『Dr.パルナサスの鏡』のコリン・ファレルがヴァンパイア役を演じる。その他、『キック・アス』のクリストファー・ミンツ＝プラッセ、『リトル・ミス・サンシャイン』のトニ・コレット、『ハリー・ポッターと炎のゴブレット』のデイヴィッド・テナントが出演する。
その他、『キック・アス』のクリストファー・ミンツ＝プラッセ、『リトル・ミス・サンシャイン』のトニ・コレット、『ハリー・ポッターと炎のゴブレット』のデイヴィッド・テナントが出演する。原作は、サターン・アワード（ホラー&SF界ではアカデミー賞を上回る名誉）で、最優秀ホラー賞や最優秀脚本賞、最優秀助演男優賞を獲得。カルト的なファンの中では、“伝説の映画”として語り継がれてきた名作である。そして、キャスト、スタッフ、構成を新たに、25年の時を経て蘇る。
そして、キャスト、スタッフ、構成を新たに、25年の時を経て蘇る。2012年最初の“恐怖”を味わってみては？映画『フライトナイト／恐怖の夜』は、2012年1月7日（土）より3D拡大ロードショー。
映画『フライトナイト／恐怖の夜』は、2012年1月7日（土）より3D拡大ロードショー。・ - 公式サイト
【MOVIE ENTERおすすめニュース】・鈴木京香がスカイブルーのドレスで観客を魅了、『セカンドバージン』がマレーシアに凱旋上陸・ウォンビン「お互い寄り添うように助け合う愛もある」・映画『サルベージ・マイス』主題歌に、ももいろクローバーＺの新曲が決定・壇れいが“悪女”に、溝端淳平と共に『三銃士』でアフレコに初挑戦・椿鬼奴が弓でヴァンパイア退治「ハリウッドに進出したい」
【MOVIE ENTERおすすめニュース】・鈴木京香がスカイブルーのドレスで観客を魅了、『セカンドバージン』がマレーシアに凱旋上陸・ウォンビン「お互い寄り添うように助け合う愛もある」・映画『サルベージ・マイス』主題歌に、ももいろクローバーＺの新曲が決定・壇れいが“悪女”に、溝端淳平と共に『三銃士』でアフレコに初挑戦・椿鬼奴が弓でヴァンパイア退治「ハリウッドに進出したい」『ヘルプ 〜心がつなぐストーリー〜』、オクタヴィア・スペンサーが初のGG受賞 15日（現地時間）にアメリカにて開催された「第69回ゴールデン・グローブ賞」授賞式にて、映画『ヘルプ 〜心がつなぐストーリー〜』で、黒人メイドのミニー役を演じたオクタヴィア・スペンサーが自身初となるドラマ部門の助演女優賞を受賞。授賞式には、日本人デザイナーのタダシ・ショージのラベンダー色のドレスを身にまとい登場した。『ヘルプ 〜心がつなぐストーリー〜』は、女優賞にヴィオラ・デイヴィスが、主題歌賞にはメアリー・J・ブライジの歌う「THE LIVING PROOF」がノミネートされ、3冠を獲得した『アーティスト』に次いで4部門で5ノミネート。助演女優賞には、「カンヌ映画祭2011」でパルムドール（最高賞）を獲得した『ツリー・オブ・ライフ』で演技力と美貌が一躍注目され、オクタヴィア・スペンサー演じる黒人メイドのミニーと友情を育む白人女性シーリアを演じたジェシカ・チャスティンもノミネートされていた。24日に発表となる「第84回アカデミー賞」でも受賞が期待される『ヘルプ 〜心がつなぐストーリー〜』。日本では、3月31日（土）よりTOHOシネマズシャンテ他で全国公開となる。
日本では、3月31日（土）よりTOHOシネマズシャンテ他で全国公開となる。オクタヴィア・スペンサー 圧倒的なキャラクターで笑いと涙を誘うミニー役のオクタヴィア・スペンサーは、テレビ、映画に引っ張りだこの個性派女優。2009年にはエンターテインメント・ウィークリー誌が彼女の持つ笑いの呼吸のセンスを賞賛し、「ハリウッドで最も面白い女優25人」に選出している。サンドラ・ブロックと共演した映画『評決のとき』(95)で女優デビュー。『マルコヴィッチの穴』(99)、『25年目のキス』(99)、『ビッグ・ママス・ハウス』(00)、『スパイダーマン』(02)、『コーチ・カーター』(05)、『路上のソリスト』(09)、『スペル』(09)など多彩な作品で実力を発揮してきた。テレビではコメディ・セントラルのシリーズ『Halfway Home』(07)にレギュラー出演。「アグリー・ベティ」シリーズにコンスタンス・グラディ役で５つのエピソードに登場するなど、多数の人気シリーズにゲスト出演している。第69回ゴールデン・グローブ賞で、自身初のゴールデン・グローブ助演女優賞を受賞。
第69回ゴールデン・グローブ賞で、自身初のゴールデン・グローブ助演女優賞を受賞。『ヘルプ 〜心がつなぐストーリー〜』 “ヘルプ”とは、お手伝いをする人のことで、かつてのアメリカ南部では黒人メイドたちのことを意味していた。しかし、自由のない時代に様々な苦しみを抱えて生きるメイドたちこそ、声にできない自分たちの叫びを聞いてくれる誰かの“ヘルプ”を必要としていた。彼女たちの“心の声”は、一冊の本「ヘルプ」として出版された。
彼女たちの“心の声”は、一冊の本「ヘルプ」として出版された。やがて、その本は、アメリカ南部の小さな街に大騒動を巻き起こす。それは、時代を動かす“変化”の始まりだった…。
それは、時代を動かす“変化”の始まりだった…。・ヘルプ 〜心がつなぐストーリー〜 - 公式サイト ■関連記事
・ヘルプ 〜心がつなぐストーリー〜 - 公式サイト ■関連記事・YOSHIKI、ゴールデン・グローブ賞授賞式でテーマ曲披露「感無量でした」・【速報】第69回ゴールデン・グローブ賞、『アーティスト』が最多3冠・【2012年先取り映画vol.5】名もなきメイドたちの声を集め、時代を変えた一冊の「ストーリー」・時代を変えた一冊、『ヘルプ 〜心がつなぐストーリー〜』予告編が解禁
3社競合“はやぶさ”ツイッター総選挙「そっくりさんは誰だ？」2010年6月、打ち上げから7年間で60億キロの宇宙の旅から帰還し、人類初のプロジェクトを達成した小惑星探査機「はやぶさ」。その「はやぶさ」を題材に、映画会社3社による競作として『はやぶさ／HAYABUSA』（2011年10月公開）、『はやぶさ 遙かなる帰還』（2012年2月公開）に続く最後の作品『おかえり、はやぶさ』が3月10日、大迫力の3Dとなって公開された。3作品の違いがよく分からないという人のために、実在する宇宙航空研究開発機構「JAXA」の主要人物3名と、劇中に登場するキャストとを徹底比較。
3作品の違いがよく分からないという人のために、実在する宇宙航空研究開発機構「JAXA」の主要人物3名と、劇中に登場するキャストとを徹底比較。プロダクトマネージャー・川口淳一郎氏、宇宙研対外協力室室長・的川泰宣氏、エンジン開発担当責任者・國中均氏、それぞれの人物を演じたキャストの中から1番似ていると思うキャスト画像下の「ツイートする」ボタンを押して投票して下さい。投票頂いた方の中から抽選で5組10名様に『おかえり、はやぶさ』劇場鑑賞券をプレゼント致します。応募は@movie_enterをフォローの上ツイート下さい。DMにて当選通知を行います。
DMにて当選通知を行います。本人（モデル） プロダクトマネージャー 川口淳一郎氏 20世紀FOX映画 佐野史郎（57） 松竹 大杉漣（60） 東映 渡辺謙（52） 宇宙研対外協力室室長 的川泰宣 氏 西田敏行（64） 中村梅雀（56） 藤竜也（70） エンジン開発担当責任者 國中均 氏 鶴見辰吾（47） 豊原功補（46） 江口洋介（44）
本人（モデル） プロダクトマネージャー 川口淳一郎氏 20世紀FOX映画 佐野史郎（57） 松竹 大杉漣（60） 東映 渡辺謙（52） 宇宙研対外協力室室長 的川泰宣 氏 西田敏行（64） 中村梅雀（56） 藤竜也（70） エンジン開発担当責任者 國中均 氏 鶴見辰吾（47） 豊原功補（46） 江口洋介（44）映画『おかえり、はやぶさ』人類初のプロジェクトを達成し、7年60億キロの宇宙の旅から帰還した小惑星探査機「はやぶさ」が、親子の絆と再生を通して描かれる。全編3Dの迫力だから再現できた、機械と人の冒険の旅が今はじまる！JAXAエンジニア助手・健人は、失敗に終わった前機のプロジェクト責任者の父・伊佐夫へ反発しながらも、様々な困難を乗り越えていく中で、チームの一員として「はやぶさ」と共に成長していく。
JAXAエンジニア助手・健人は、失敗に終わった前機のプロジェクト責任者の父・伊佐夫へ反発しながらも、様々な困難を乗り越えていく中で、チームの一員として「はやぶさ」と共に成長していく。配給：松竹 ・『おかえり、はやぶさ』映画オフィシャルサイト DVD＆ブルーレイ『はやぶさ/HAYABUSA』 3月7日発売 3,990円（税込） 発売元：20世紀フォックスホームエンターテイメントジャパン ・映画「はやぶさ／HAYABUSA」公式サイト 3.7（水）ブルーレイ＆DVD ON SALE 映画『はやぶさ 遥かなる帰還』 配給：東映 ・映画『はやぶさ 遥かなる帰還』公式サイト
配給：松竹 ・『おかえり、はやぶさ』映画オフィシャルサイト DVD＆ブルーレイ『はやぶさ/HAYABUSA』 3月7日発売 3,990円（税込） 発売元：20世紀フォックスホームエンターテイメントジャパン ・映画「はやぶさ／HAYABUSA」公式サイト 3.7（水）ブルーレイ＆DVD ON SALE 映画『はやぶさ 遥かなる帰還』 配給：東映 ・映画『はやぶさ 遥かなる帰還』公式サイト■関連記事 ・インタビュー：藤原竜也＆杏「子供って本当にストレートなものを持っている」 ・藤原竜也、東北・石巻から熱烈歓迎 ・「はやぶさ」が“かなり飛び出る3D駅貼ポスター”、都内に登場 ・藤原竜也、中学生とともにロケット打ち上げに成功 ・藤原竜也、杏ら日本の俳優のスケールでは宇宙に行けない
“鉄の女”メリル・ストリープが29年ぶり、3度目のオスカー受賞 本日27日（日本時間）に開催された「第84回アカデミー賞」授賞式にて、“鉄の女”マーガレット・サッチャーの栄光と挫折を描く人間ドラマ『マーガレット・サッチャー 鉄の女の涙』の主演メリル・ストリープが、実に29年ぶりの自身オスカー3度目の受賞（過去に助演女優＆主演女優）となる主演女優賞を受賞。メイクアップ賞との2部門での受賞を果たした。『マーガレット・サッチャー 鉄の女の涙』でメリル・ストリープが演じるのは、英国史上初かつ唯一の女性首相として、1979年から1990年まで在任したマーガレット・ヒルダ・サッチャー。“鉄の女”と呼ばれた彼女が、妻として、母として、国のリーダーとして力の限り闘い続けた姿を描く、感動の物語。すでに制作段階の時点で、ネットで公開された劇中のメリル・ストリープの写真が、英国のみならず世界中で「そっくり！」と話題になっていた。
」と話題になっていた。この他にもメリル・ストリープは本作で、「第69回ゴールデン・グローブ賞」主演女優賞（通算8度目）、「第65回英国アカデミー賞」主演女優賞（通算2度目）、「第62回ベルリン国際映画祭」名誉金熊賞、「ニューヨーク映画批評家協会賞」主演女優賞、「ロンドン映画批評家協会賞」、「ニューヨーク・オンライン映画批評家協会賞」、「サウスイースタン映画批評家協会賞」主演女優賞などを受賞。
この他にもメリル・ストリープは本作で、「第69回ゴールデン・グローブ賞」主演女優賞（通算8度目）、「第65回英国アカデミー賞」主演女優賞（通算2度目）、「第62回ベルリン国際映画祭」名誉金熊賞、「ニューヨーク映画批評家協会賞」主演女優賞、「ロンドン映画批評家協会賞」、「ニューヨーク・オンライン映画批評家協会賞」、「サウスイースタン映画批評家協会賞」主演女優賞などを受賞。3月上旬には、フィリダ・ロイド監督と共に来日を果たし、プレミア試写会舞台挨拶と来日記者会見が予定されている。
3月上旬には、フィリダ・ロイド監督と共に来日を果たし、プレミア試写会舞台挨拶と来日記者会見が予定されている。『マーガレット・サッチャー 鉄の女の涙』ストーリー 英国初の女性首相となり、国内のみならず世界に影響を与え続けたマーガレット・サッチャーは、その強い信念と強力なリーダーシップから＜鉄の女＞と呼ばれた。そんな彼女を陰ながら支え続けた最愛の夫・デニス。彼が他界してしまった今、彼女は静かに振り返る。貧しい雑貨商の娘という自我を、現役時代の栄光と挫折を、そしてキャリアの為に犠牲にしたかもしれない愛を——。
貧しい雑貨商の娘という自我を、現役時代の栄光と挫折を、そしてキャリアの為に犠牲にしたかもしれない愛を——。これは単なる政治家の偉人伝ではない。妻として、母として、国のリーダーとして力の限り闘い続けたひとりの女性の感動の物語。
・「第84回アカデミー賞」特集ページ ・マーガレット・サッチャー 鉄の女の涙 - 作品情報 ■関連記事 ・【速報】「第84回アカデミー賞」、注目の“映画愛”対決は『アーティスト』が制す ・【速報】「第84回アカデミー賞」ノミネート発表、『ヒューゴの不思議な発明』が最多11部門
・「第84回アカデミー賞」特集ページ ・マーガレット・サッチャー 鉄の女の涙 - 作品情報 ■関連記事 ・【速報】「第84回アカデミー賞」、注目の“映画愛”対決は『アーティスト』が制す ・【速報】「第84回アカデミー賞」ノミネート発表、『ヒューゴの不思議な発明』が最多11部門・“ゴールデン・グローブ主演女優”メリル・ストリープの来日が決定 ・【速報】第69回ゴールデン・グローブ賞、『アーティスト』が最多3冠
・“ゴールデン・グローブ主演女優”メリル・ストリープの来日が決定 ・【速報】第69回ゴールデン・グローブ賞、『アーティスト』が最多3冠・「本人そっくり」と世界中で話題の“鉄の女”、ポスター画像と予告編が解禁
映画『タイタンの逆襲』とのコラボで「ビックリマン」の凄さを再確認 ファン必見のコラボアイテムが登場！4月21日より公開となる映画『タイタンの逆襲』と「ビックリマン」のイラストレーターが奇跡のコラボレーションを果たす。
4月21日より公開となる映画『タイタンの逆襲』と「ビックリマン」のイラストレーターが奇跡のコラボレーションを果たす。本作は、人類、神、そして神々の生みの親である巨神が三つ巴となって壮絶なバトルを繰り広げるアクション超大作。主人公は、ゼウスと人間との間に生まれたデミゴッドのペルセウス。彼は、恐ろしい魔物のクラーケンを打ち破り、英雄となってから10年が経ち、村の猟師として静かに暮らしていた。
彼は、恐ろしい魔物のクラーケンを打ち破り、英雄となってから10年が経ち、村の猟師として静かに暮らしていた。一方、タイタン族のクノロスからその絶大な権力を奪い、この世を長く支配してきた神々は、人間からの崇拝を失い、危険なまでに力を弱めていた。これを機にタイタン族は力を取り戻し、地上は地獄と化す。
これを機にタイタン族は力を取り戻し、地上は地獄と化す。そんな中、神々のひとりであるハデスは、ゼウスへの忠誠を裏切り、彼を捕らえるためにクノロスと取引をする。それを知ったペルセウスは、父のゼウスを救出し、人類を守る為に仲間とともに危険な旅に出る。果たして、世界存亡をかけた戦いの行方とは……。
今回のコラボは、今なお人気の高い「ビックリマン」のイラストレーター米澤稔氏と兵藤聡司氏に、本作に登場するキャラクターのイラスト化を依頼したことで実現した。
今回のコラボは、今なお人気の高い「ビックリマン」のイラストレーター米澤稔氏と兵藤聡司氏に、本作に登場するキャラクターのイラスト化を依頼したことで実現した。「ビックリマン」は、1977年、ロッテより発売されたお菓子シリーズ。10代目に登場した「悪魔VS天使シール」は、史上空前の社会ブームを起こし、漫画化やTVアニメ化されたほど。
10代目に登場した「悪魔VS天使シール」は、史上空前の社会ブームを起こし、漫画化やTVアニメ化されたほど。今回、イラスト化されたのは、双頭獣「キメラ」、先頭の鬼「マカイ」、眠りから目覚めた全長500メートルの巨神「クロノス」、そして、ギリシャ神話に欠かせない「ペガサス」の4種類。先着限定となっており、劇場でしか手に入らないレアアイテムだ。
先着限定となっており、劇場でしか手に入らないレアアイテムだ。イラストレーターの米澤氏と兵藤氏からコメントが届いた。
イラストレーターの米澤氏と兵藤氏からコメントが届いた。今回、ワーナー・ブラザースの方からシールデザインの依頼を頂いた時に喜びと興奮をしたのと同時に驚きを感じました。しかし、作品キャラを拝見させていただき、その魔物キャラを見た瞬間に、私がデザインしてきたビックリマンにも通じるキャラの完成度や面白さに感動して、これは是非やりたい！いや、やらねば！ と思いました。制作を始めると個性の強い映画のキャラをいかにアレンジして、楽しく格好いいキャラにするかに日々悪戦苦闘しました。出来上がったキャラは、子供から大人まで喜んで頂けるキャラに出来たのではないかと満足しています。
出来上がったキャラは、子供から大人まで喜んで頂けるキャラに出来たのではないかと満足しています。余談ですが、依頼されたワーナー・ブラザースの宣伝担当の方が、ビックリマンシール世代の方だったのも時代を超越して存在するビックリマンの凄さを再確認しました
余談ですが、依頼されたワーナー・ブラザースの宣伝担当の方が、ビックリマンシール世代の方だったのも時代を超越して存在するビックリマンの凄さを再確認しましたビックリマン・タイタンシールは、本作の公開日である4月21日より、全国の上映劇場にて20万枚限定で配布される。シールは、中身が見えないようにビニール袋に包まれており、何が入っているかは開けてからのお楽しみだ。
シールは、中身が見えないようにビニール袋に包まれており、何が入っているかは開けてからのお楽しみだ。映画『タイタンの逆襲』は、4月21日（土）より3D/2Dで同時公開。
映画『タイタンの逆襲』は、4月21日（土）より3D/2Dで同時公開。・映画『タイタンの逆襲』 - 作品情報
・映画『タイタンの逆襲』 - 作品情報【関連記事】 ・人類を地獄へと突き落とす、全長500メートルの魔神の姿が明らかに ・最先端3Dで全長500メートル超の魔物たちが大暴れ ・映画『タイタンの逆襲』の予告映像を公開、魔物たちとの壮絶なバトルは必見！
【週末映画まとめ読み】人気グラドルが新たなセクシー領域に挑戦 今週1週間に起こった出来事を振り返る「週末映画まとめ読み」。先週末の動員ランキングは、阿部寛と上戸彩共演『テルマエ・ロマエ』が初登場首位に。・阿部寛と上戸彩共演の『テルマエ・ロマエ』が4日で興収8億超え 1位から7位までが邦画が占めるランキング、洋画陣の『タイタンの逆襲』『バトルシップ』『Black ＆ White／ブラック＆ホワイト』が健闘することを期待したい。詳しいランキングはこちら。
詳しいランキングはこちら。全米を震撼させた海外ドラマ『スパルタカス』。名もなきトラキアの男がローマ軍に捕らえられ、妻と引き裂かれた挙句に剣闘士となることを余儀なくされる。スパルタカスという名を与えられた男は、自分を捕えた男に復讐を誓い、妻と再び会えるその日まで、闘技場で生き抜いていく。そんなストーリーのこのドラマは、規格外の“エロティック”“アクション”“バイオレンス”が売り。
そんなストーリーのこのドラマは、規格外の“エロティック”“アクション”“バイオレンス”が売り。18禁ドラマということもあり、18歳となったグラビアアイドル・紗綾がイメージガールとなり、セクシー甲冑姿を解禁する企画を展開。ムービーエンターの特集ページで後日公開する。
ムービーエンターの特集ページで後日公開する。・海外ドラマ『スパルタカス』特集 ・あの紗綾が18歳になって解禁。『スパルタカス』風セクシー甲冑姿に挑む
ゴールデンウィーク真っ只中、映画ライフを楽しんでいるだろうか。たくさんあり過ぎてどれを見て良いかわからないという人は、状況別におすすめ作品を紹介した「GO!GW映画」をチェックしてみよう。あなたに合う映画がきっと見つかることだろう。
あなたに合う映画がきっと見つかることだろう。【友人】崖っぷち女 or 巨大怪物 【家族】普通の水谷豊 or 妖怪の西田敏行 【一人】孤独なスパイ or お騒がせスター 【恋人】純愛ゾンビ or 王道アクションコメディ
先取りの映画情報はこちら。『エクスペンダブルズ2』は、スタローンやブルース、シュワルツェネッガーらの主要のキャラクター12名のビジュアルを使ったポスターが解禁。アメリカのゲームサイトで前代未聞の“予告の予告”が限定公開されたことも話題となっている。
アメリカのゲームサイトで前代未聞の“予告の予告”が限定公開されたことも話題となっている。・スタローンにブルースにシュワちゃん、最強無敵軍団のポスター解禁・『エクスペンダブルズ2』、前代未聞の“予告の予告”が公開
・スタローンにブルースにシュワちゃん、最強無敵軍団のポスター解禁・『エクスペンダブルズ2』、前代未聞の“予告の予告”が公開その他には、現役兵士が出演、作戦や最新鋭の兵器や技術など、すべてが本物という前代未聞の戦闘アクション映画『ネイビーシールズ』の予告編解禁や、アメコミヒーローたちが集結する映画『アベンジャーズ』の特別上映会に大津祐樹選手ら“日本最強”のヨーロッパ組たちが集まったニュースなども舞い込んできた。
その他には、現役兵士が出演、作戦や最新鋭の兵器や技術など、すべてが本物という前代未聞の戦闘アクション映画『ネイビーシールズ』の予告編解禁や、アメコミヒーローたちが集結する映画『アベンジャーズ』の特別上映会に大津祐樹選手ら“日本最強”のヨーロッパ組たちが集まったニュースなども舞い込んできた。・「米軍の国家機密がダダ漏れ」政治家から抗議殺到の動画が公開
・“日本最強”のヨーロッパ組が“最強”映画に集結「チームワークの必要性を再認識」
ちょっと変わったところでは、キューバ初のゾンビ映画『フアン・オブ・ザ・デッド/Juan of the Dead』の話題もあった。コメディタッチのゾンビ映画のようだが、キューバ独特のラテンのノリと、強烈な皮肉が込められた意欲作になっている。・ホラー映画界に“革命”を起こす、キューバ初のゾンビ映画が世界の映画祭を席巻中
連載コラムで今週配信したものはこちら。
連載コラムで今週配信したものはこちら。・オトナ女子映画部：少女マンガ的な妄想ふくらむ“鉄板”ラブコメ
・編集部的映画批評：仮面ライダーとスーパー戦隊の「大人の事情」
今週末は、週刊「モーニング」誌上で連載中の小山宙哉による同名コミックを、小栗旬、岡田将生の若手実力派の豪華共演で実写化した『宇宙兄弟』が公開する。この作品がランキングに絡んでくることは間違いないだろう。
日別映画ニュースまとめ：28日（土）｜29日（日）｜30日（月）｜1日（火）｜2日（水）｜3日（木）｜4日（金）
おかもとまり「私、枕営業したことないですから！」 【おかもとまりの芸能界サバイバル塾】第1回講師：マシンガンズお笑い界の片隅で必死にもがくアイドル芸人・おかもとまりが、芸能界で生き残るための秘訣を先輩芸人に伝授してもらう。記念すべき第1回の講師は、おかもとと親交の深い同じ事務所の先輩・マシンガンズ。厳しいけれど愛のある言葉の弾丸が次々に飛び出す！
厳しいけれど愛のある言葉の弾丸が次々に飛び出す！滝沢：いきなりだけど、初回から人選ミスだよね（笑）。西堀：俺らがおかもとのバーターで呼ばれることが多いのになあ。おかもと：でも、私はすごく信頼させていただいています！
おかもと：でも、私はすごく信頼させていただいています！——おかもとさん自身は今後どういうふうになりたいと思っているんですか？
——おかもとさん自身は今後どういうふうになりたいと思っているんですか？おかもと：今はものまねタレントって呼んでいただけることが多いんですが、いつかはお笑いタレントとも呼んでいただけるようになりたいんです。
おかもと：今はものまねタレントって呼んでいただけることが多いんですが、いつかはお笑いタレントとも呼んでいただけるようになりたいんです。西堀：難しいこと言うなあ。
西堀：難しいこと言うなあ。——お二人は普段、おかもとさんにどんなアドバイスを？西堀：技術的なことはないですよ、ジャンルも違うし。でも、ネタの幅も広がって、かなり成長したよね。まあ言うとすれば「もっと偉い人と寝て、俺らのバーター増やしてよ」ってことかな（笑）。滝沢：うん、それは大事。西堀：売れるためにはしたたかさも必要ですから。おかもと：これだけは言っておきたいんですけど、私、枕営業したことないですから！絶対ない！誘われたこともないです！
誘われたこともないです！西堀：でも、おかもとは違うのかもしれないけど、明らかにアングラなアイドルなのに、豪華そうな部屋に住んでるのをブログに公開してる人とかいるじゃん。俺より全然売れてないのに、これはおかしな話ですよ。ああいうのは絶対に裏がある。
ああいうのは絶対に裏がある。おかもと：週刊誌の暴露企画じゃないですからね！（笑）
（笑）生き残り術を提案してください！
生き残り術を提案してください！自分の評判を上げるより相手の評判を下げろ！？
？——おかもとさんは、そのキャラクターのせいか、バッシングされたりすることもあると思うんですが、その点についてはいかがですか？西堀：そろそろやり返す時期じゃない？滝沢：自分の評判を上げるのは難しいけど、相手の評判を下げることはできるもんね。おかもと：えーっ！？西堀：あの人はスタッフと寝てるって噂を流すとか、水着を隠すとか。おかもと：私はそれをやられても、ずっと我慢してきたんです。西堀：ああ、本当にやられてたんだ！（笑）
（笑）いじめてきたのはお笑い芸人？アイドル？おかもと：……。西堀：言っちゃえよ！これ読んでる人はみんなそういうの知りたいんだからさ！おかもと：いじめってほどじゃないですけど……（と言って2人に耳打ち）。西堀・滝沢：わはははは！（笑）おかもと：これ絶対に言わないでくださいね！
（笑）おかもと：これ絶対に言わないでくださいね！西堀：他人の連載はラクでいいなあ！おかもと：初回から汚さないで！サバイバル術を聞きたいんです！
サバイバル術を聞きたいんです！——では、おかもとさんが他の芸人さんより優れている部分はどこだと思いますか？滝沢：……ある？（笑）おかもと：あるって！絶対ひとつはある！西堀：ああ、度胸はあるよね。あんまりビビってない。
あんまりビビってない。あと、グラビアの真似とか面白いですよ。事務所ごとのポージングの違いとか。おかもと：（嬉しそうに）やりましょうか！例えば、アヴィラさんだったら四つん這いでお尻のアップで、こう（と言ってポーズをとる）。イエローキャブさんだったら巨乳が自慢だから、足を開いてしゃがんで、腕を頭の上で組んでこのポーズ。滝沢：おー！あるある！西堀：小池栄子がそのポーズしてるのが目に浮かぶよね。これもっとやっていきなよ！
これもっとやっていきなよ！人より劣ってる部分を見せるのは武器になる ——では、おかもとさんに足りない部分は何だと思いますか？西堀：たくさんあるけど、まずはデリカシーがない。昨日も移動中の新幹線で、おかもとに何か質問されたから答えていたのに、こいつ気付いたらiPhoneでゲームやってたんですよ！おかもと：「PopStar！」っていうアプリが面白いんです！西堀：そういう問題じゃねえよ！（笑）あと、話しててもすぐに論点がズレるよね。それに、あまりガツガツしてない。滝沢：だから枕営業もしないし。おかもと：もうその話はいいですよ！西堀：こいつは中途半端に何でもできるし、空気読んじゃうんです。だから、もっと吹っ切った方がいいよ。おかもと：本当に中途半端なんです。私は全部グレーなので。いずれ白黒つけたいなとは思ってるんです。もしくは、濃いグレーにするか。
もしくは、濃いグレーにするか。『全方位型お笑いマガジン コメ旬』Vol.4 このインタビューは、お笑い評論家・ラリー遠田が編集長をつとめる『全方位型お笑いマガジン コメ旬』Vol.4（キネマ旬報社・刊）に掲載されています。話題のお笑い芸人インタビューがてんこ盛り！Amazonで詳細を見る
「最終章」なんて言わないで “続編”が恋しくなる『ダークナイト ライジング』 この夏おすすめの映画をジャンル別に紹介する「MOVIE ENTER 夏映画2012」特集。今回は、ドラマのサイトーが、アクション編として『ダークナイト ライジング』（7月27日先行上映、28日ロードショー）をご紹介します。『バットマン ビギンズ』『ダークナイト』と続く、クリストファー・ノーラン監督のダークナイトシリーズ最終章が、ついに公開されます。前作までをDVDで鑑賞してから、試写に臨んだのですが、期待通りの迫力に圧倒されました。
前作までをDVDで鑑賞してから、試写に臨んだのですが、期待通りの迫力に圧倒されました。『ダークナイト ライジング』 ジョーカーが巻き起こした危機が去ってから8年後のゴッサムシティーは“デント法“によって組織犯罪は沈静化に向かっていました。街には表向きの平和が訪れ、ブルース・ウェイン（バットマン）は人々の前に姿を見せることなく暮らしていましたが、街の地下では、庸兵ベインによって、“ある計画”が進行していました——。（作品情報詳細へ）
（作品情報詳細へ）Hot! point 1：ベインが恐ろしすぎる トム・ハーディ演じる悪役ベインは、簡単に人間の首をへし折る強靭な肉体と、壮大な計画を組み立て、実践する頭脳を併せ持っています。ビジュアルも、口の周りにいくつもチューブを差し込んでいて異様。声もかなりの威圧感があります。恐ろしいけど見ていたい魅力的なキャラクターに仕上がっていました。
恐ろしいけど見ていたい魅力的なキャラクターに仕上がっていました。アン・ハサウェイ演じるキャットウーマンも、草食動物のようなかわいらしい顔立ちと、セクシーな全身スーツとのギャップが刺激的。もっと二人のシーンを見ていたかったです。
もっと二人のシーンを見ていたかったです。Hot! point 2：2時間44分27秒、飽きさせないストーリー 舞台は、前作『ダークナイト』で描かれたジョーカーの凶行から、8年後のゴッサムシティです。ゴードン本部長が、ハービー・デントの葬儀でスピーチする場面から始まります。上記のストーリーを読んで、なんのこっちゃ分からない方は、映画館に足を運ぶ前に、再上映やDVD等で見直しておくことを強くオススメします。『バットマン ビギンズ』から引き継がれたストーリーも、後で効いてきます。
『バットマン ビギンズ』から引き継がれたストーリーも、後で効いてきます。「ゴッサム」って何なの？何で「街」のために、命を賭けて戦っているの？など、ストーリーの前提を押さえておけば、極上のエンタテインメントが堪能できますよ。
など、ストーリーの前提を押さえておけば、極上のエンタテインメントが堪能できますよ。Hot! point 3：IMAXで見たいド迫力の映像 アクションシーンでは、通常のフィルムよりもはるかに大きなサイズで映像を記録する「IMAXカメラ」を使用しているそうです。ベインの登場シーンや、バットマンが新しい乗り物で街を移動するシーン、予告編にも登場しているアメフトのスタジアムでの破壊シーンなど、鳥肌を禁じ得ない映像が、1時間以上も繰り出されます。私は通常のスクリーンで見たのですが、ぜひIMAXの劇場で、改めてフルスペックで楽しみたいと思っています。
私は通常のスクリーンで見たのですが、ぜひIMAXの劇場で、改めてフルスペックで楽しみたいと思っています。米国では、本作品の上映中に痛ましい事件が起きてしまいましたが、不当な行為に屈せず、より多くの人に、この作品が届くことを願ってやみません。
米国では、本作品の上映中に痛ましい事件が起きてしまいましたが、不当な行為に屈せず、より多くの人に、この作品が届くことを願ってやみません。2012年7月27日（金）先行上映。7月28日（土）全国ロードショー。
ドラマのサイトーの評価 作品の Hot! ワード「ゴッサム」 “続編”が恋しくなります。
ドラマのサイトーの評価 作品の Hot! ワード「ゴッサム」 “続編”が恋しくなります。【Hot! 度】：★★★★★ 一覧を見る ・『ダークナイト ライジング』 - 作品情報 ・「MOVIE ENTER 夏映画2012」特集
林家三平＆国分佐智子出演『カーズ2』CMのラブラブなメイキング映像を先行公開 7月に公開され、大ヒットを記録した映画『カーズ2』。本作のブルーレイ発売に合わせて、11月26日より全国で放映されている林家三平と国分佐智子が出演しているCMはご覧になっただろうか。
本作のブルーレイ発売に合わせて、11月26日より全国で放映されている林家三平と国分佐智子が出演しているCMはご覧になっただろうか。現在、放映中のCM「おうちで“あったカーズ”」篇は、サンタクロースの格好に扮した林家が「クリスマスは『カーズ2』であったカーズ」とギャグを見せるも、国分と子供はすでに本作を観ている、という内容になっている。最後には「面白すぎてどうもすみません」と3人が笑顔で額にゲンコツをかざすポーズを披露。新婚ホヤホヤで幸せいっぱいの二人が“クリスマスはおうちで、あったカーズ！”というテーマで息の合った演技を見せたCMは、どこか暖かい雰囲気が伝わってくる仕上がりとなっている。
”というテーマで息の合った演技を見せたCMは、どこか暖かい雰囲気が伝わってくる仕上がりとなっている。今回、CMの裏側に潜入し、幸せいっぱいの二人のメイキング映像が公開された。
今回、CMの裏側に潜入し、幸せいっぱいの二人のメイキング映像が公開された。三平が「結婚指輪をしていてもいいですか？」と監督に照れながら笑顔で話す姿も。「カミさんがいろいろ言ってくれるんです、神の声で」と女優でもある国分佐智子からアドバイスを受けていたことを明かしている。
「カミさんがいろいろ言ってくれるんです、神の声で」と女優でもある国分佐智子からアドバイスを受けていたことを明かしている。撮影後のインタビューでは、『カーズ』、『カーズ2』でメーターの声優を務めた山口智充と電話をしていて「最初のアクションシーンからすごい見どころ」と言われたことを明かした。また、車好きで国内のA級ライセンスを所持している三平は、カードを披露し、車が主役の本作のCMに出演できた喜びも語った。
また、車好きで国内のA級ライセンスを所持している三平は、カードを披露し、車が主役の本作のCMに出演できた喜びも語った。本作は、アニメーション史上No.1の全世界興行収入を達成した『トイ・ストーリー3』のディズニー／ピクサーが、25周年記念として製作した作品。天才レーサーのマックィーンが新たに挑むのは、世界を舞台に史上最強のレーサーを決めるワールド・グランプリだった。大親友のおんぼろレッカー車、メーターも一緒に世界へ旅立った。日本、イタリア、フランス、イギリスへと舞台を移るに従い、彼らは世界支配を企む巨大な陰謀に巻き込まれていく。
日本、イタリア、フランス、イギリスへと舞台を移るに従い、彼らは世界支配を企む巨大な陰謀に巻き込まれていく。ワールド・グランプリの裏にうごめく世界を揺るがす邪悪な陰謀とは何なのか。そして、マックィーンとメーターは世界を救うことが出来るのだろうか。
そして、マックィーンとメーターは世界を救うことが出来るのだろうか。子供はもちろん、大人も楽しめる本作。ブルーレイは、ボーナス・コンテンツも豊富に収録されており、見どころ満載となっている。寒い冬は、家で家族や友達と本作を楽しもう。
寒い冬は、家で家族や友達と本作を楽しもう。『カーズ2』ブルーレイは、12月2日（金）より発売。DVDのみは、2012年1月18日（水）より発売される。また、ブルーレイ3D、ブルーレイ、DVD同時レンタル開始、オン・デマンドで同日配信が開始される。
また、ブルーレイ3D、ブルーレイ、DVD同時レンタル開始、オン・デマンドで同日配信が開始される。・映画『カーズ2』 - 作品情報
・映画『カーズ2』 - 作品情報【関連記事】 ・『カーズ2』のジョン・ラセター監督がハリウッド殿堂入り ・【MOVIE ENTER 限定映像】『カーズ2』の日本を舞台にした名シーンを特別公開 ・【編集部的映画批評】賛否両論！意見が真っ二つに割れる映画『カーズ2』
意見が真っ二つに割れる映画『カーズ2』・Perfumeが『カーズ2』について、セクシー美脚をのばしながら女子トーク
・Perfumeが『カーズ2』について、セクシー美脚をのばしながら女子トーク・Perfumeの“浴衣姿”にジローラモも釘付け！のっちは、ぐっさんが好き？
【MOVIE ENTER おすすめ特集】 ・『リアル・スティール』特集 - それは、親子の絆が生み出す、“本当の強さ”。
【MOVIE ENTER おすすめ特集】 ・『リアル・スティール』特集 - それは、親子の絆が生み出す、“本当の強さ”。・『クリミナル・マインド／FBI vs.異常犯罪 シーズン5』特集 - “FBI行動分析課”に学ぶビジネス術
2200万再生を記録した“恐怖すぎる”予告映像の日本版登場 あなたは、必ずエンカウンター（遭遇）する！ 6月1日より公開となる映画『グレイヴ・エンカウンターズ』の“怖すぎる”予告映像の日本版が完成し、公開された。本作は、2011年4月にニューヨークのトライベッカ映画祭で上映され、ホラーファンの話題を独占。アメリカで公開された予告編は、前代未聞のアクセス数を更新し続けている。
アメリカで公開された予告編は、前代未聞のアクセス数を更新し続けている。本作は、『パラノーマル・アクティビティ」と同じモキュメンタリー・スタイルの作品。実在する超常現象を追跡するリアリティ番組「グレイヴ・エンカウンターズ」のプロデューサー、ランス・プレストンと調査隊は、1960年に閉鎖され、現在は廃墟と化しているコリンウッド精神科病院にやって来た。そこには、1895年から65年間にわたり、8万人もの重度の精神障害者が入院し、過去に多くの患者が命を落としていた。そして、閉鎖後の1963年に幽霊の目撃証言が報告されて以降、今もなお、多数の同様の証言が寄せられている。
そして、閉鎖後の1963年に幽霊の目撃証言が報告されて以降、今もなお、多数の同様の証言が寄せられている。ランスたち、超常現象などは全く信じておらず、番組出演者である霊能者のヒューストンもニセモノで、番組はただのヤラセ番組だった。視聴者を怖がらせる、もっともらしい映像が撮れればそれで良かった彼らは、そこで一夜を過ごすことにする。いつもの段取りを踏んだ演出をしていると、やがて事態は急転する。次々に起こる本物の超常現象としか思えない出来事に、半信半疑だった彼らも恐怖に取り憑かれていく。果たして、彼らは無事に病院を抜け出すことができるのだろうか。
果たして、彼らは無事に病院を抜け出すことができるのだろうか。今回、公開された日本版予告映像がこちら。
今回、公開された日本版予告映像がこちら。日本テレビ「スッキリ！！」の阿部祐二リポーターがナレーションを担当。本作の主人公らがテレビ番組の取材班であることから、体当たり取材が印象深い阿部が起用される形となった。収録時、廃墟などへ潜入取材の経験を生かした臨場感溢れるナレーションに「さすが、勘がいいね」と、監督から感心されたそう。
収録時、廃墟などへ潜入取材の経験を生かした臨場感溢れるナレーションに「さすが、勘がいいね」と、監督から感心されたそう。この動画は、4月14日より、映画館で上映がスタートする。
この動画は、4月14日より、映画館で上映がスタートする。恐怖体験は1度だけという阿部は、「心霊スポットでの取材では、スタッフが全身じんましんになったり、急に具合が悪くなったりすることはよくある」と、本作に共感。本作について「取材では、こんなことが起きたらこういう風に撮ろうとか、ある程度想定して撮影に入るけど、この映画ではそれを超えることが起こるんだから……。ついつい取材者の目で見ちゃいますね（笑）。お化け屋敷は怖くないけど、この映画は怖い！どんどん追い込まれていきますよ！」と、その恐怖に太鼓判を押した。
」と、その恐怖に太鼓判を押した。アメリカでの公開を前に、YouTubeで予告映像が公開されると、その再生回数が1,400万回を突破。ネット上での話題は、日本にも飛び火し、2,200万回を記録した。現在も毎日1万単位でその数は増え続けているという。日本版予告映像が公開されることで、さらに話題を呼びそうだ。
日本版予告映像が公開されることで、さらに話題を呼びそうだ。映画『グレイヴ・エンカウンターズ』は、6月1日（金）より、TOHOシネマズ 六本木ヒルズ、シネマサンシャイン池袋ほか全国ロードショー。
映画『グレイヴ・エンカウンターズ』は、6月1日（金）より、TOHOシネマズ 六本木ヒルズ、シネマサンシャイン池袋ほか全国ロードショー。・映画『グレイヴ・エンカウンターズ』 - 公式サイト 【MOVIE ENTERおすすめ特集】
・『僕等がいた』特集 - 生田斗真、吉高由里子が紡ぐ純愛ストーリー
・『インモータルズ-神々の戦い-』特集 - 『300』スタッフが放つ、空前の映像革命
・『Black＆White／ブラック＆ホワイト』特集 - 美女をめぐる史上最大の“職権乱用”バトルが勃発！
・『ジョン・カーター』特集 - 世紀のディズニー・スペクタクル巨編、誕生！
美女たちがドレスの競演をした東京国際映画祭！スケスケのシースルー衣装を着たセクシー女優も 22日、第24回東京国際映画祭が開幕し、恒例のオープニングイベントである“グリーンカーペット”が催された。ジャッキー・チェンやミラ・ジョヴォヴィッチらの海外スターや岡田将生、仲里依紗、夏菜などの日本の人気タレントたち、総勢400名以上も集まり、イベントは大いに盛り上がった。
ジャッキー・チェンやミラ・ジョヴォヴィッチらの海外スターや岡田将生、仲里依紗、夏菜などの日本の人気タレントたち、総勢400名以上も集まり、イベントは大いに盛り上がった。・美女たちの艶やかなドレス姿の写真一覧 東京国際映画祭のグリーンカーペットは、今年で4年目。六本木けやき坂通りから六本木ヒルズアリーナまでの間に緑のカーペットが敷かれる。本映画祭は、地球環境保全の活動にも取り組んでいて、通常のイベントで行われるレッドカーペットを、緑のカーペットにすることで、エコロジーの意識を高めようとした。また、このカーペット自体もペットボトルを再生して作られたものである。
また、このカーペット自体もペットボトルを再生して作られたものである。そんなカーペットの上に、最初に足を乗せたのは、ジャッキー・チェン、江角マキコ、中川翔子らの映画『1911』チーム。「日本を大好き」と語るジャッキーは、沿道に集まるファンたちに丁寧にサインをしていた。日本で馴染みの深いスターだけあって大人気。ファンたちがけやき坂で熱狂する声がアリーナまで届く程だった。
ファンたちがけやき坂で熱狂する声がアリーナまで届く程だった。本作の日本語吹き替え版を担当する中川翔子は「しゃべる度に魂が抜けていきます。」と憧れのジャッキーを目の前に緊張気味。コメントもいつもより早口で、大興奮の様子だった。
次に登場したのは『がんばっぺ フラガール！ 〜フクシマに生きる。彼女たちのいま〜』の出演者たち。肌寒い気温を忘れてしまう様な熱い踊りで会場を温めた。本作は、東日本大震災で大きな被害を受けた福島県いわき市のスパリゾートハワイアンズのフラガールたちにスポットを当てたドキュメンタリー作品。熱い踊りから復興へ向けての力強さを感じることができた。
熱い踊りから復興へ向けての力強さを感じることができた。その後も司会の久保純子、『アントキノイノチ』の榮倉奈々『ハラがコレなんで』の仲里依紗など、続々と思い思いのドレスを身にまとった女性たちが登場し、華やかな衣装の競演が続いた。また、『サラリーマンNEO 劇場版（笑）』のチームや『三銃士/王妃の首飾りとダ・ヴィンチの飛行船』の吹き替えを担当することになったTV番組「ピカルの定理」チームなど、映画や番組の衣装で登場するチームもいた。また『備えあれば』のチャン・シンユーの様なスケスケのセクシードレスを着た女優もいるなど、バラエティに富んでいた。
また『備えあれば』のチャン・シンユーの様なスケスケのセクシードレスを着た女優もいるなど、バラエティに富んでいた。そして、最後に控えしは、『三銃士』の本隊。ローガン・ラーマン、ミラ・ジョヴォヴィッチ、ガブリエラ・ワイルドらが登場すると、沿道から本日一番の歓声があがった。ローガンの甘いマスク、女性らしい仕草を熟知しているミラの斜め構える立ち方、ガブリエラの鮮やかな青のドレスに観客たちは釘付けになった。
ローガンの甘いマスク、女性らしい仕草を熟知しているミラの斜め構える立ち方、ガブリエラの鮮やかな青のドレスに観客たちは釘付けになった。この日は、雲行きが思わしくなく、グリーンカーペットの規模を縮小して行うことも検討されたが、イベントが近づくにつれて雨足も弱まり予定通り実行することができた。ジャッキーが、アリーナのステージに登壇した際に「僕が来た途端、雨がやみました（笑）」と冗談を言っていたが、スターたち、そして、彼らに声援を送るファンたちの熱気で雨雲がどこかに吹き飛ばされたのかも知れない。
ジャッキーが、アリーナのステージに登壇した際に「僕が来た途端、雨がやみました（笑）」と冗談を言っていたが、スターたち、そして、彼らに声援を送るファンたちの熱気で雨雲がどこかに吹き飛ばされたのかも知れない。第24回東京国際映画祭は、本日22日から30日までの9日間、六本木ヒルズを中心に行われる。お気に入りの一本を見つけるため、そして、大好きなスターたちに会うために会場に足を運んでみよう。会期中の情報は、ムービーエンターでも追っていくので特集サイトをチェックして欲しい。
会期中の情報は、ムービーエンターでも追っていくので特集サイトをチェックして欲しい。■第24回東京国際映画祭特集 ・女子大生が体を張って、東京国際映画祭を告知 ・東京国際映画祭の作品選定ディレクターが教える“裏技”的な楽しみ方 ・基礎から勉強しよう！ 初心者でもわかる「東京国際映画祭」ガイド
「恋の吊り橋理論」を試すなら、史上最叫の3Dアトラクション・ホラー『ファイナル・デッドブリッジ』をチェック 秋は大人の恋の季節。秋の夜長は有効に使いたいものだ。まだ恋の気配がないというならば、手っ取り早く「恋の吊り橋理論」を活用してみるのはいかがだろうか。揺れる吊り橋を渡ったカップルは、恐怖のドキドキが、自己知覚により恋愛のドキドキと勘違いされ、恋に落ちやすいという有名な学説だ。その効果を存分に体感できそうな3Dアトラクション・ホラー映画『ファイナル・デッドブリッジ』が10月1日から公開される。ただ作品では、吊り橋が揺れるどころか、大崩落してしまうのだから、たまったものではない。
ただ作品では、吊り橋が揺れるどころか、大崩落してしまうのだから、たまったものではない。『ファイナル・デッドブリッジ』は、人気ホラーシリーズ『ファイナル・デスティネーション』の最新作。今回は、吊り橋の崩落事故で死ぬ運命にあった主人公たちが、一度は事故を予知して生き延びるが、「死神は、あざむけない」とばかりに、次々と凄惨な死に見舞われていく。3D映画で初めてR18指定された話題作だ。先行公開中の予告編動画では、全身に鍼（はり）を打った男性がそのままベッドから転げ落ちそうになっていたり、新体操の平均台で演技をする女性の足元に天井の空調から落ちてきたネジが直立していたりと恐怖シーンを連発。さらには、レーシックの手術を受ける女性が目を開けたままレーザーを放射する機械の故障に見舞われるなど、ショッキング過ぎる映像も紹介されている。だがこれは、ドミノ倒しのように展開する壮絶な「事故の死」のほんの一部に過ぎない。
だがこれは、ドミノ倒しのように展開する壮絶な「事故の死」のほんの一部に過ぎない。本編では、そんな恐怖映像が3Dで迫ってくるのだから、「吊り橋理論」を体感するには絶好の作品と言えそうだ。本作を鑑賞したモデルの菜々緒は「友達以上になりたい方と一緒に行くと接近できると思う。キッカケには絶対なるはず」と太鼓判を押していた。ただ、あまりの恐怖に醜態をさらしてしまうのだけは、逆効果になってしまうので注意しよう。
ただ、あまりの恐怖に醜態をさらしてしまうのだけは、逆効果になってしまうので注意しよう。映画『ファイナル・デッドブリッジ』は、10月1日（土）シネマート新宿、梅田ブルク7ほか3D／2D／IMAXロードショー。
映画『ファイナル・デッドブリッジ』は、10月1日（土）シネマート新宿、梅田ブルク7ほか3D／2D／IMAXロードショー。・『ファイナル・デッドブリッジ』公式サイト・『ファイナル・デッドブリッジ』特集
『TIME/タイム』が3億5000万円で初登場1位、篠田麻里子の宝石と奇跡の同額 「余命の時間」が通貨となる世界の物語を描いた映画『TIME/タイム』が、2月17日に全国427スクリーンで一斉公開。初日から3日間で約3億5000万円を稼ぎ出し、初登場第1位を記録した。観客動員数は早くも26万人を突破している。
観客動員数は早くも26万人を突破している。既に全世界では興行収入は1億4000万ドルを超える大ヒットを記録。日本でもこれまでの映画にない世界観や設定で興味を喚起できたのか、公開初日から10から30代の若い世代の高い集客につながっている。また、ヒロイン役の日本語吹替え版声優に、AKB48の篠田麻里子を起用したことでも話題を呼んでいる。
また、ヒロイン役の日本語吹替え版声優に、AKB48の篠田麻里子を起用したことでも話題を呼んでいる。・AKB48篠田麻里子「危険な恋に憧れる」
・AKB48篠田麻里子「危険な恋に憧れる」3億5000万円という初日3日間の興行収入は、偶然にも2月8日に行われたジャパン・プレミアの際に篠田麻里子が身に付いていた超高額ジュエリーの総額と同じ。このスタートを予言したかのようである。
このスタートを予言したかのようである。このまま動員数をのばして、15億円を突破できるのか。今後の興行収入の行方が気になるところである。
・『TIME/タイム』 - 作品情報
【MOVIE ENTER おすすめ記事】 ・“闇の世界”の美しき処刑人、12年の眠りから遂に覚醒 ・大島優子「どういう気持だったか、察して頂けるとありがたい」 ・AKB48派生ユニット『渡り廊下走り隊』、再び監禁 ・【いちおう妖ヶ劇場】第7話：ダメな奴には真剣に神拳をくらわせるぞの巻
【MOVIE ENTER おすすめ記事】 ・“闇の世界”の美しき処刑人、12年の眠りから遂に覚醒 ・大島優子「どういう気持だったか、察して頂けるとありがたい」 ・AKB48派生ユニット『渡り廊下走り隊』、再び監禁 ・【いちおう妖ヶ劇場】第7話：ダメな奴には真剣に神拳をくらわせるぞの巻三池監督が映画『一命』について「満島ひかりがいろんな意味で限界までやっている」15日から公開が始まった映画『一命』。市川海老蔵と瑛太が、“切腹“という行為を通して武家社会という権力に立ち向かった寛永時代の浪人を熱演している。そんなまっすぐな生き様のふたりを通して、世の中の不条理を問う本作は、時代劇初の3Dということでも話題を呼んでいる。
そんなまっすぐな生き様のふたりを通して、世の中の不条理を問う本作は、時代劇初の3Dということでも話題を呼んでいる。本作で監督を務めたのは、『十三人の刺客』『クローズZERO』で、その才を見せつけた鬼才・三池崇監督。どんな技を持ってして、本作を仕上げたのか、まだ劇場に足を運んでいない人は気になるところ。しかし、そんな方のために、三池監督自身が、次の動画で映画の見どころを紹介している。
しかし、そんな方のために、三池監督自身が、次の動画で映画の見どころを紹介している。三池監督は、動画の中で、満島ひかりさんが“いろんな意味”で限界までやっていると話しているが、その注目のシーンは、どの様なものなのだろうか。「出産」に近いというのも何か気になる。
「出産」に近いというのも何か気になる。真剣に男としての“信念”について映画を楽しむのも良いが、こちらの別な意味での男としての“本能”で楽しむもの、良いのかも知れない。
真剣に男としての“信念”について映画を楽しむのも良いが、こちらの別な意味での男としての“本能”で楽しむもの、良いのかも知れない。映画『一命』は、絶賛公開中・『一命』 - 作品情報【MOVIE ENTERおすすめ記事】
映画『一命』は、絶賛公開中・『一命』 - 作品情報【MOVIE ENTERおすすめ記事】・東京国際映画祭の作品選定ディレクターが教える“裏技”的な楽しみ方・ミラ・ジョヴォヴィチなど美女の情報をまとめて紹介・“和製キャプテン・アメリカ”の誕生を追う
・標的は吉高由里子、嵐・二宮が一般人を巻き込み地下鉄で大バトル
“美魔女”小雪に椎名桔平が子育て指導 グリム童話誕生200周年を迎える今年、子どもから大人まで幅広く愛されている名作「白雪姫」をもとに、これまでのイメージを一新させ、“戦う白雪姫”を描いたアクション・アドベンチャー超大作『スノーホワイト』が6月15日より公開。公開を1ヵ月後に控え、16日には女王ラヴェンナ役の日本語吹替え版声優を担当する小雪と、ハンターのエリック役の椎名桔平がアフレコ収録現場で会見を行った。
公開を1ヵ月後に控え、16日には女王ラヴェンナ役の日本語吹替え版声優を担当する小雪と、ハンターのエリック役の椎名桔平がアフレコ収録現場で会見を行った。——一言ずつご挨拶をお願いいたします。
——一言ずつご挨拶をお願いいたします。小雪：こんにちは。実写映画のアフレコは初めてだったので、今回は本当に楽しみにしていました。
実写映画のアフレコは初めてだったので、今回は本当に楽しみにしていました。椎名桔平：僕は実写の洋画のアフレコが初めてで、人が演じたもののアフレコは難しいですね。基本は自分の呼吸で演じますが、監督の的確な指示があったおかげでやりやすかったです。
基本は自分の呼吸で演じますが、監督の的確な指示があったおかげでやりやすかったです。——今回、吹替えをしてみての感想と難しかった点などありましたら教えてください。小雪：自分も同じ俳優という仕事をしているので、どういう思いで芝居をされているかが分かるので合わせようと思うのですが、言語が英語と日本語で違う所が難しいですね。英語は的確に物事を伝える言語ですし、日本語は後ろにどんどん補足できる言語ですから、どう伝えていけばよいかすごく考えました。でも、難しいことに出会えるのは勉強になりますので、良かったと思います。
でも、難しいことに出会えるのは勉強になりますので、良かったと思います。椎名：小雪さんが仰ったように、英語と日本語の違いは感じます。同じ尺で言わないといけないというのは、普段の芝居では考えないことなので難しいですね。
同じ尺で言わないといけないというのは、普段の芝居では考えないことなので難しいですね。——本作は誰もが知っている「白雪姫」が題材となっていますが、役を演じる上で、注意したことや参考にしたことはございますか？小雪：シャーリーズ・セロンが楽しんで演じているのをすごく感じるので、そのイメージを変えないで伝えようと思いました。今までと違う解釈のストーリーで女王の人生や、椎名さん演じるハンターの描写も詳しく出てくるので、おもしろいです！
今までと違う解釈のストーリーで女王の人生や、椎名さん演じるハンターの描写も詳しく出てくるので、おもしろいです！椎名：童話の中で、ハンターのキャラクターはあまり印象にないのですが（笑）、姫を救う役というのが好きなので、楽しく演じました。
椎名：童話の中で、ハンターのキャラクターはあまり印象にないのですが（笑）、姫を救う役というのが好きなので、楽しく演じました。——今回、吹替えでの共演になりますが、お互いの印象をお聞かせください。
——今回、吹替えでの共演になりますが、お互いの印象をお聞かせください。小雪：ずっと前にテレビドラマで共演してから今回久しぶりに会って、ベビートークで盛り上がりました。椎名：そうなんです。僕からは子育てのアドバイスもしましたよ！
僕からは子育てのアドバイスもしましたよ！——悪の女王役ということで、家族など周りの反応はいかがでしたか？小雪：夫が「今までにやったことのない役だからおもしろいんじゃない？」と言ってくれました。怖いだけでなく喜怒哀楽のある役なので、楽しんで演じています。
怖いだけでなく喜怒哀楽のある役なので、楽しんで演じています。——小雪さんは名前に「雪」が入っているので、縁を感じたりしましたか。小雪：確かに…縁があるのかもしれないですね！美術や衣装も綺麗で、芸術的な面でも楽しめる映画です。
美術や衣装も綺麗で、芸術的な面でも楽しめる映画です。——「鏡よ、鏡…」のセリフは世界的に有名ですが、言ってみてどんなご気分ですか？いつかお子さんに童話「白雪姫」を読みきかせをしてあげることもあるかと思いますが、演技に力が入りそうですね。
いつかお子さんに童話「白雪姫」を読みきかせをしてあげることもあるかと思いますが、演技に力が入りそうですね。小雪：小さいころに私も読みきかせをしてもらった物語なので、アフレコをしてみて、本当に不思議です。ずっと語り継がれている物語というのは、すごいですよね。
ずっと語り継がれている物語というのは、すごいですよね。うちは夫婦そろって俳優なので、絵本の読みきかせは、一般の人より確実に上手いと思います（笑）。
うちは夫婦そろって俳優なので、絵本の読みきかせは、一般の人より確実に上手いと思います（笑）。・映画『スノーホワイト』公式サイト
・映画『スノーホワイト』公式サイト■関連記事・“美魔女”に触発、『スノーホワイト』主題歌がデジタル発売・世界で最も美しく、最もセクシーな“美魔女”が来日決定・“この世で一番美しい”美魔女と“戦う白雪姫”が対決
ナイナイ岡村、自分は破談するも「お見合い番組」で恋を応援 テレビ東京系の「ちょこっとイイコト〜岡村ほんこん しあわせプロジェクト」で、ナインティナインの岡村の「結婚プロジェクト 」企画が放送されたが、結果、破談となったことは記憶に新しい。だが、本日27日の夜に放送される「超もてもてナインティナインSP」というお見合い企画の番組で、岡村は自分のことを棚にあげて他人の恋を応援する。
だが、本日27日の夜に放送される「超もてもてナインティナインSP」というお見合い企画の番組で、岡村は自分のことを棚にあげて他人の恋を応援する。2008年、2009年度に新語・流行語大賞にノミネートされた「婚活」。「婚カツ!」というドラマが放送されたり、山梨県を舞台にした『婚活サポーターガールズ！』という映画が上映されたりと様々なメディアで「婚活」が取り上げられている。
』という映画が上映されたりと様々なメディアで「婚活」が取り上げられている。「超もてもてナインティナインSP」は、そんな時代を反映するかのごとく日本全国から“本気で結婚したい”女性が集結し、リアルな婚活イベントを開催する。「もてもてナインティナイン！」は、2011年11月1日にスタートした恋愛応援バラエティ。今回は、深刻な嫁不足に悩む佐賀県太良町の男性たちを応援する企画を立ち上げ、2時間スペシャルで送る。
今回は、深刻な嫁不足に悩む佐賀県太良町の男性たちを応援する企画を立ち上げ、2時間スペシャルで送る。お見合いの内容は、日本全国から太良町に集まった女性が、限られた持ち時間で男性全員と1対1で会話ができる「お見合い回転寿司」、その後男性陣はそれぞれの自宅で待機し、参加女性が1番気になる男性の家を1軒だけ選んで訪問する「自宅拝見」、47人の参加者が意中の相手と自由に話ができる「フリータイム」を経て、運命の「告白タイム」だ。
お見合いの内容は、日本全国から太良町に集まった女性が、限られた持ち時間で男性全員と1対1で会話ができる「お見合い回転寿司」、その後男性陣はそれぞれの自宅で待機し、参加女性が1番気になる男性の家を1軒だけ選んで訪問する「自宅拝見」、47人の参加者が意中の相手と自由に話ができる「フリータイム」を経て、運命の「告白タイム」だ。参加者、男性19人、女性28人の中には、前回沖永良部でのリベンジを誓う21歳美人女性の姿も。最年長者は、73歳の男性。最年少者は、24歳の超イケメン！レストランの跡取り息子。男女47人による真剣バトルの行方は——。
男女47人による真剣バトルの行方は——。この拡大版の司会をすることで岡村の結婚願望は復活するのだろうか。
この拡大版の司会をすることで岡村の結婚願望は復活するのだろうか。「超もてもてナインティナインSP」は本日3月27日(火)の19時よりTBS系にて放送。
【MOVIE ENTER おすすめ記事】
【MOVIE ENTER おすすめ記事】・魅力満載なスマホ向け放送局「NOTTV（ノッティーヴィー）」はじまる！
・“アベンジャーズ現象”日本上陸、早朝の六本木ヒルズに長蛇の列が出現
・怖いよ〜！ ティータイムに貞子が襲ってくる
・DAIGO、33歳でウルトラマンにオファーされたのは想定外
【DVDエンター！】倉科カナが“セイシをかけた”日韓バトルに挑む 昨年ドラマ「名前をなくした女神」（4〜6月）で“ララちゃんママ”こと意地悪なヤンママを演じ、新境地を開拓。その後も続けて「それでも、生きてゆく」（7〜9月）や「私が恋愛できない理由」（10〜12月）に出演するなど今、注目の女優・倉科カナ（24）。その彼女が長編映画初主演を務め、昨年6月より香川で先行上映された映画『花子の日記』が2月15日、DVDとなって発売されました。
その彼女が長編映画初主演を務め、昨年6月より香川で先行上映された映画『花子の日記』が2月15日、DVDとなって発売されました。花子の日記 瀬戸内海の小豊島（おでいしま）で長年最高の肉牛を育てる研究に没頭する吾朗は、念願叶って5年に1度の肉牛大会で肉牛部門と種牛部門の両方でダブル受賞を果たす。家庭をかえりみない父親が大嫌いな美大生の花子が島に戻るが、吾朗の牛に興味を示す謎の韓国人も現れ……。
家庭をかえりみない父親が大嫌いな美大生の花子が島に戻るが、吾朗の牛に興味を示す謎の韓国人も現れ……。人口よりも牛の数が多い島 物語の舞台は、都内のコンビニの店舗数よりも、さぬきうどん屋の数が多いといわれている香川県の瀬戸内海に実在する、人口18名に対して肉牛500頭と、人口よりも牛の数が多い小さな島・小豊島。そんな穏やかな離島で、倉科カナ演じる花子の父・吾郎（永島敏行）が育てた世界に誇る最高ブランド和牛の精子を、何も知らずに送り込まれた韓国人親子が盗み出そうとすることから、騒動が巻き起こります。
そんな穏やかな離島で、倉科カナ演じる花子の父・吾郎（永島敏行）が育てた世界に誇る最高ブランド和牛の精子を、何も知らずに送り込まれた韓国人親子が盗み出そうとすることから、騒動が巻き起こります。オール香川ロケで撮影された本作は、2010 さぬき映画祭優秀企画賞＆準グランプリを受賞したご当地ムービーです。
オール香川ロケで撮影された本作は、2010 さぬき映画祭優秀企画賞＆準グランプリを受賞したご当地ムービーです。清楚な倉科カナがイメージを一新 倉科カナ演じる一人娘の花子は、最高の肉牛を作り出すために、母・タクヨ（水野美紀）ら家庭をかえりみずに長年、研究に没頭し、飼っているメス牛と同じ名前をつけた父親・吾郎（永島敏行）が大嫌い。父の元を離れて東京の美大に通い、日韓交流サイトを通じて、メイド喫茶で働く日本大好きな韓国人女性キムスメ（SORA）らと交流を育みます。
父の元を離れて東京の美大に通い、日韓交流サイトを通じて、メイド喫茶で働く日本大好きな韓国人女性キムスメ（SORA）らと交流を育みます。蝉の声が響く夏の陽射しの中、ノースリーブやTシャツ姿でリュックを背負いながら走り回る倉科カナの姿は、一服の清涼剤。唯一、大きな瞳に負けない眉毛の太さが気になりますが、頑固親父や草食彼氏を相手に啖呵を切る威勢の良さは、これまでのお嬢様的な役柄のイメージとはまた違う、新たな魅力を見せています。
唯一、大きな瞳に負けない眉毛の太さが気になりますが、頑固親父や草食彼氏を相手に啖呵を切る威勢の良さは、これまでのお嬢様的な役柄のイメージとはまた違う、新たな魅力を見せています。“セイシ”をかけた日韓父娘対決 成り行きで吾郎の“精子探し”を手伝うことになった花子ですが、お互いを想い合うキム（金守珍）とキムスメの韓国人父娘の姿を前に、花子と吾郎はすれ違ってばかり。「牛も人間も一緒、かまってあげて」と語るキムスメの言葉に、吾郎が取った行動とは…？韓国マフィアも参戦し、日韓父娘の“セイシをかけた闘い”の行方は如何に！
韓国マフィアも参戦し、日韓父娘の“セイシをかけた闘い”の行方は如何に！DVDでは人気雑誌「Hanako」さながらに、花子と巡る、香川県・高松市のロケ地まんぷくツア—をご紹介。「みんなの日記」と題した主要キャストへのインタビューで、流暢に日本語を話すキム＆キムスメの韓国人父娘の特典映像にも驚きです。
「みんなの日記」と題した主要キャストへのインタビューで、流暢に日本語を話すキム＆キムスメの韓国人父娘の特典映像にも驚きです。・花子の日記 - 作品情報 花子の日記 [DVD]posted with amazlet at 12.02.19ポニーキャニオン (2012-02-15) 売り上げランキング: 6370 Amazon.co.jp で詳細を見る
劇場版『TIGER & BUNNY』特別企画“KING OF MOVIE HERO”は誰だ？ 桂 正和のキャラクター原案・ヒーローデザインにより昨年4月から9月に掛けて放送され、大ヒットを記録したテレビアニメ「TIGER ＆ BUNNY」。9月22日からは2作制作の第一弾『劇場版 TIGER & BUNNY -The Beginning-』が全国ロードショーされることが決定。公開に先駆けて、明日5日からはファンの声が届けられる特別企画がスタートする。
公開に先駆けて、明日5日からはファンの声が届けられる特別企画がスタートする。「TIGER & BUNNY」は、“NEXT”と呼ばれる特殊能力者達が、スポンサーロゴを背負って街の平和を守る異色のスーパーヒーロー達の活躍を描いた作品。テレビシリーズではlivedoorも折紙サイクロンのスポンサーを務めた。
テレビシリーズではlivedoorも折紙サイクロンのスポンサーを務めた。劇場版第一弾「The Beginning」はテレビシリーズのビハインドストーリーを盛り込んだHYBRID EPISODE（ハイブリッドエピソード）として制作されれ、第二弾は2013年を予定している。
劇場版第一弾「The Beginning」はテレビシリーズのビハインドストーリーを盛り込んだHYBRID EPISODE（ハイブリッドエピソード）として制作されれ、第二弾は2013年を予定している。6月5日（火）に開設する特設ページでは、前売券に記載されているシリアル番号を投票ページで入力すると、劇場版での活躍を期待するヒーローを１人選んで投票することが可能。ファン投票により選ばれたヒーローは“KING OF MOVIE HERO”として、劇場版のラストを飾ることができる。ヒーローにとっては最高の栄誉となるこの「WEEKLY HERO COUNTDOWN」は、週替わりで順位を発表。ただし、入賞できるヒーローは5名のみとなり、5位は約15秒〜1位は約3分と、上位入賞者ほどスクリーンへの登場時間が長くなる。見事“KING OF MOVIE HERO”に輝いたヒーローには、特別企画も!?
見事“KING OF MOVIE HERO”に輝いたヒーローには、特別企画も!?投票用特設サイトのアドレスは、明日6月5日に公式サイトにて発表。9月の劇場公開に向けて、ファン必見のイベントとなる。
9月の劇場公開に向けて、ファン必見のイベントとなる。劇場版TIGER & BUNNY -The Beginning- 舞台となるのは、巨大都市「シュテルンビルト」。この街には様々な人種、民族が集い、その中には「NEXT」と呼ばれる能力者も存在した。かつては偏見と迫害の時期もあったNEXTだが、現在は平和に市民と共存している。そのために大きな役割を果たしているのが、NEXT能力を使い、街の平和を守るスーパーヒーロー。ヒーローたちはただ平和を守っているだけではない。彼らにも生活があり、スポーツ選手のように、企業のヒーロー事業部に属し、スポンサー企業のロゴを背負って、事件解決や人命救助に奔走する。その様子は人気TV番組「HERO TV」で中継され、働きに応じて加算されるヒーローポイントで決まる年間ランキングを競っている。
その様子は人気TV番組「HERO TV」で中継され、働きに応じて加算されるヒーローポイントで決まる年間ランキングを競っている。現在シュテルンビルトで働くヒーローは個性豊かな7人。そのうちの一人、ピークを過ぎたベテランヒーロー、ワイルドタイガー（鏑木・T・虎徹）は、市民の安全のためには器物損壊も厭わない不器用な熱血漢。しかし人気は下降気味で崖っぷちに立たされている状況。そんなワイルドタイガーが会社から命じられたのは、新人ヒーローのバーナビー・ブルックスJr. とコンビを組むことだった。ヒーローとして能力は高いが、生意気なバーナビーと頑固者の虎徹のコンビは果たしてうまくいくのか…。
ヒーローとして能力は高いが、生意気なバーナビーと頑固者の虎徹のコンビは果たしてうまくいくのか…。劇場版 TIGER & BUNNY -The Beginning- - 公式サイト
インタビュー：木下優樹菜「“本当の強さ”とは、ブレない何かを貫き通している人」 ヒュー・ジャックマンの主演により、ロボット格闘技の世界を舞台に、人生に挫折した男の再起のドラマと、父と息子とのかけがえのない絆を描いた、感動のアクション・エンターテイメント巨編『リアル・スティール』。12月9日の全国ロードショーを前に、タレントやモデルとして活躍し、その気さくで親しみやすいキャラクターで同性からも絶大な支持を集める彼女が、本作をいち早く鑑賞。昨年8月に、お笑いコンビFUJIWARAの藤本と入籍した彼女にとって、理想の父と子の姿とは？親子の絆、そして“リアル・スティール＝本当の強さ”とは何かを聞いた。
親子の絆、そして“リアル・スティール＝本当の強さ”とは何かを聞いた。——『リアル・スティール』をご覧になって、率直な感想として如何でしたか。木下優樹菜（以降、木下）：父親のチャーリーは、息子のマックスがまだ小さい時に離れ離れになって、最初は「父親って何だろう？」という感じだったじゃないですか。だけど、ロボットのATOMと出会ってから、一緒の時間を過ごすにつれて、親子の絆がどんどん深く、強くなっていったのがすごく素敵だなと思いましたね。
だけど、ロボットのATOMと出会ってから、一緒の時間を過ごすにつれて、親子の絆がどんどん深く、強くなっていったのがすごく素敵だなと思いましたね。——お正月映画の中で唯一の泣ける感動大作として話題の本作ですが、木下さんは泣きました？木下：そうですね、涙ぐみました。
木下：そうですね、涙ぐみました。——印象に残っているシーンはありますか？木下：本当に些細なシーンなんですけど、ATOMって人の動きを真似するじゃないですか。チャーリーとマックスがトレーラーで旅をしていた途中に、芝生の上でマックスとATOMが一緒に踊るシーンがすごく好きで、可愛かったですね。
チャーリーとマックスがトレーラーで旅をしていた途中に、芝生の上でマックスとATOMが一緒に踊るシーンがすごく好きで、可愛かったですね。——10月末に行われた本作の試写会イベントには、ゲストとしてご主人の藤本さんが参加されましたが、映画の感想について話しましたか？木下：まず「ベイリーが格好いいね。私には、そんな大きな器は無い！」って話しました。チャーリーはあれだけ夢を追いかけて、好き勝手やって。もし仮にあなたがそういう人だったら、私はもうベイリーみたいに待たないし、久し振りに帰って来たと思えば「お金が無い」だの、「ふざけるな！」って、なっちゃうので（笑）。あとは「男の子って可愛いね」とか「こういう親子関係って良いよね」とか。「最初はお互いに反発し合ってたけど、だんだん親子の絆を取り戻していく所が、すごく良いね」って話してました。
「最初はお互いに反発し合ってたけど、だんだん親子の絆を取り戻していく所が、すごく良いね」って話してました。・“親子の絆は、無償の愛”FUJIWARA 藤本が木下優樹菜との夫婦生活を明かす
・“親子の絆は、無償の愛”FUJIWARA 藤本が木下優樹菜との夫婦生活を明かす——女性の立場から見て、ヒュー・ジャックマンが演じた父親のチャーリーの印象は如何でしたか？木下：最初は全然、父親らしくなかったじゃないですか。だけど、ATOMと出会ってから徐々にお父さんらしくなってきて。でも、まだ完全には距離感が埋まっていないのが、逆にいいなと思いましたね。マックスにとって、友達みたいに接することが出来るお父さんは、すごくいいなと思いました。
【週末映画まとめ読み】“全身整形”エリカ様が大胆ランジェリー姿を公開 今週1週間に起こった出来事を振り返る「週末映画まとめ読み」。先週末の動員ランキングは、2月17日に公開されたジャスティン・ティンバーレイク＆アマンダ・セイフライド主演の『TIME／タイム』が公開10日間で66万人を動員し、2週連続の1位を獲得。4位には『トワイライト・サーガ／ブレイキング・ドーン Part 1』が初登場。その他にも、美人女優ケイト・ベッキンセール主演の人気アクション・シリーズ第4弾『アンダーワールド 覚醒』や、シェイクスピア原作の最後の悲劇「コリオレイナス」を現代に置き換え大胆に解釈した『英雄の証明』などが公開されました。
その他にも、美人女優ケイト・ベッキンセール主演の人気アクション・シリーズ第4弾『アンダーワールド 覚醒』や、シェイクスピア原作の最後の悲劇「コリオレイナス」を現代に置き換え大胆に解釈した『英雄の証明』などが公開されました。・『TIME/タイム』興行収入8億円を突破、2週目も8割動員驚異のキープ力・【編集部的映画批評】孤独な英雄の苦悩、リーダーに求められる資質とは・『アンダーワールド 覚醒』特集ページ・今週の映画動員ランキング
・『TIME/タイム』興行収入8億円を突破、2週目も8割動員驚異のキープ力・【編集部的映画批評】孤独な英雄の苦悩、リーダーに求められる資質とは・『アンダーワールド 覚醒』特集ページ・今週の映画動員ランキング2月27日（現地時間26日）には注目の「第84回アカデミー賞」授賞式が行われ、白黒のサイレント映画『アーティスト』が作品賞、主演男優賞、監督賞など主要部門を独占し、3月1日より公開された巨匠マーティン・スコセッシ監督による『ヒューゴの不思議な発明』が撮影賞などの技術賞を総ナメ。それぞれ最多タイとなる5部門を受賞しましたが、“映画愛”対決は『アーティスト』に軍配が上がりました。また、主演女優賞は自身3度目のオスカー受賞となるメリル・ストリープ（『マーガレット・サッチャー 鉄の女の涙』）が実に29年ぶりに獲得。来週6日には、そのメリルが来日を果たし、ジャパンプレミアが開催されます。
来週6日には、そのメリルが来日を果たし、ジャパンプレミアが開催されます。・「第84回アカデミー賞」特集ページ・【速報】「第84回アカデミー賞」、注目の“映画愛”対決は『アーティスト』が制す・3D全盛の時代に、白黒のサイレント映画『アーティスト』が評価される理由・“世界が敬愛する映画人”スコセッシ監督の最高傑作、技術賞を総ナメ・“鉄の女”メリル・ストリープが29年ぶり、3度目のオスカー受賞・助演女優賞は『ヘルプ 〜心がつなぐストーリー〜』のオクタヴィア・スペンサー・クリストファー・プラマー、『人生はビギナーズ』で助演男優賞・『アーティスト』のミシェル・アザナヴィシウスが監督賞を受賞・アカデミー賞プレゼンターが認める人気スタイリスト、ティファニーのディスプレイを手掛ける
そして3月2日には、昨年10月に劇場公開された『スクリーム4：ファスト・ジェネレーション』がブルーレイ＆DVDとなって発売。2月29日には発売記念イベントが開催され、タレントの福田萌が自身の恐怖体験を告白しました。また、1月27日に劇場公開されたばかりのAKB48第2弾ドキュメンタリー映画『DOCUMENTARY of AKB48 Show must go on 少女たちは傷つきながら、夢を見る』が、早くも4月20日にDVD化されることも決定しています。
また、1月27日に劇場公開されたばかりのAKB48第2弾ドキュメンタリー映画『DOCUMENTARY of AKB48 Show must go on 少女たちは傷つきながら、夢を見る』が、早くも4月20日にDVD化されることも決定しています。・『スクリーム4：ネクスト・ジェネレーション』特集ページ・シリーズ最恐＆最高の新たな「絶叫」を生む『スクリーム4』の真犯人は誰だ!?・福田萌、ジャガイモ型ゴーストに襲われた恐怖体験を告白・次世代ジェットコースター・ショッカー・ミステリー！『スクリーム4』がブルーレイ＆DVDになって登場・20万人以上を動員、AKB48第2弾ドキュメンタリー映画が早くもDVD化
YouTubeのMOVIE ENTER 公式チャンネルでは、今週3作品の動画をアップしました。『ヘルタースケルター』（7月14日公開）の特報映像では、約5年ぶりに映画復帰となる主演の沢尻エリカが大胆なランジェリー姿を公開。3月12日発売の「VOGUE girl No.3」では、同誌とのコラボレーション企画として、沢尻エリカと水原希子が劇中のモデル役として表紙を飾ります。
3月12日発売の「VOGUE girl No.3」では、同誌とのコラボレーション企画として、沢尻エリカと水原希子が劇中のモデル役として表紙を飾ります。また、“21世紀のアクションスター”ジェイソン・ステイサムがCG無しの体当たりアクションに挑戦する『キラー・エリート』（5月12日公開）と、“ハリウッドの野獣系スター”テイラー・ロートナーがスタント無しのアクションを軽々とこなす『ミッシング ID』（6月1日公開）の予告編映像も必見です。
また、“21世紀のアクションスター”ジェイソン・ステイサムがCG無しの体当たりアクションに挑戦する『キラー・エリート』（5月12日公開）と、“ハリウッドの野獣系スター”テイラー・ロートナーがスタント無しのアクションを軽々とこなす『ミッシング ID』（6月1日公開）の予告編映像も必見です。・沢尻エリカがしっちゃかめっちゃか、掟破りの特報映像が公開・野獣系ハリウッドスター、スタントなしでアクションシーンに挑む・衝撃の実話、世界最強の特殊部隊と世界最高の暗殺者が対決・沢尻エリカと水原希子、「VOGUE girl」で映画と現実の境界を超えたコラボ・MOVIE ENTER 公式チャンネル
映画の日に公開された『ヒューゴの不思議な発明』に続き、3月2日にはアカデミー賞で6部門にノミネートされた巨匠スティーヴン・スピルバーグ監督の『戦火の馬』が公開。2月
2月28日には、鳥越俊太郎と妊娠発表後初の登壇となる矢沢心を招いたジャパンプレミアが行われました。その他、「いちおう妖ヶ劇場」や「オトナ女子映画部」などの連載コラムもお見逃し無く。
その他、「いちおう妖ヶ劇場」や「オトナ女子映画部」などの連載コラムもお見逃し無く。・鳥越俊太郎、妊娠発表した矢沢心に「子どもは希望」・【いちおう妖ヶ劇場】第8話：本の中に、ほんの少し行って現実逃避の巻・【オトナ女子映画部】20代“モテる女”vs.アラフォー“選ばれる女”『ウソツキは結婚の始まり』・映画情報・「MOVIE ENTER」提供記事一覧日別映画ニュースまとめ：27日（月）｜28日（火）｜29日（水）｜1日（木）｜2日（金）
・鳥越俊太郎、妊娠発表した矢沢心に「子どもは希望」・【いちおう妖ヶ劇場】第8話：本の中に、ほんの少し行って現実逃避の巻・【オトナ女子映画部】20代“モテる女”vs.アラフォー“選ばれる女”『ウソツキは結婚の始まり』・映画情報・「MOVIE ENTER」提供記事一覧日別映画ニュースまとめ：27日（月）｜28日（火）｜29日（水）｜1日（木）｜2日（金）【編集部的映画批評】冴えない中年がチョイ悪オヤジに変身、人の数だけ異なる“幸せ”の形 「第84回アカデミー賞」にもノミネートされた『ものすごくうるさくて、ありえないほど近い』（2月18日公開）では、9.11の米同時多発テロにより愛する妻（サンドラ・ブロック）と息子を遺してこの世を去る父親を演じた名優トム・ハンクス。その彼が、製作・監督・脚本・主演のすべてを手掛け、ジュリア・ロバーツとの豪華共演を果たした心温まる物語『幸せの教室』が11日に公開となりました。
その彼が、製作・監督・脚本・主演のすべてを手掛け、ジュリア・ロバーツとの豪華共演を果たした心温まる物語『幸せの教室』が11日に公開となりました。『幸せの教室』 仕事が生きがいのラリーは、ある日突然学歴を理由にリストラされてしまう。そこで、再就職のため短期大学で知識を得ることにするが、学校で出会った教師メルセデスは、威圧的で無愛想な教師だった。しかし、そんな最悪の出会いがふたりを大きく変えていく。
しかし、そんな最悪の出会いがふたりを大きく変えていく。リストラされた学生／トム・ハンクス 本作でトム・ハンクスが演じるのは、バツイチながらもスーパーでの仕事に生き甲斐を覚える50代男性ラリー・クラウン。彼は、ある日突然に長年務めたスーパーからリストラを告げられます。理由は、大学を卒業していない彼に、これ以上の昇進は不可能だからという、理不尽なものでした。落ち込みながらも気持ちを切り替えて再就職先を探しますが、なかなか思うようには見付からず、隣人の薦めもあって短期大学でスピーチと経済学を学ぶことに。そこで出会うのが、スピーチの教師メルセデス・テイノーでした。
そこで出会うのが、スピーチの教師メルセデス・テイノーでした。情熱を失った教師／ジュリア・ロバーツ ジュリア・ロバーツ演じる教師メルセデスは、売れない作家である夫との結婚生活の破綻から、いつしか仕事への情熱までも失ってしまいます。受講者が10人に満たないと平気で授業をキャンセルしようとしたり、生徒たちの無邪気なジョークにも仏頂面を返したりと、教職に就きながらも“幸せ”とは言い難い状況にあります。世間一般の価値観で判断すれば、バツイチで失業中のラリーよりも、夫のいる教職者のメルセデスの方が“幸せ”と思われるかもしれませんが、二人の表情を見ればどちらが“幸せ”かは一目瞭然。最初は散々たる内容だった授業も、勉強熱心なラリーがムードメーカーとなって、教室の雰囲気は徐々に良い方向へと変わり始め、その影響はクラスメートだけでなく、やがては教師であるメルセデスをも変えていきます。
最初は散々たる内容だった授業も、勉強熱心なラリーがムードメーカーとなって、教室の雰囲気は徐々に良い方向へと変わり始め、その影響はクラスメートだけでなく、やがては教師であるメルセデスをも変えていきます。人の数だけ異なる、自分にとっての“幸せ” 入学当時はシャツをINする“冴えない中年”丸出しのラリーでしたが、スクーター（1983年YAMAHA リヴァ180）登校や経済学の授業で知り合ったクラスメートのタリア（ググ・バサ＝ロー）の改造計画によって、見る見る内に“チョイ悪オヤジ”へと華麗な変身を遂げていきます。親子ほど年の離れた学生達の輪の中に一人飛び込み、同じ目線で若者の文化を教わったり、時には自宅に彼らを招待するラリーの姿。自分の知らないことに対して常に正直であり、貪欲に何かを学習しようとする柔軟な姿勢は、年齢に関係無く大切なことだと強く感じさせると共に、自分がその気になりさえすれば、いくつになっても人は変われるのだという自信を観る者に与えてくれることでしょう。
自分の知らないことに対して常に正直であり、貪欲に何かを学習しようとする柔軟な姿勢は、年齢に関係無く大切なことだと強く感じさせると共に、自分がその気になりさえすれば、いくつになっても人は変われるのだという自信を観る者に与えてくれることでしょう。学業の傍らで、以前に海軍でコックを務めていた能力を活かして、レストランでコックのアルバイトをして生計を立てたりと、環境の変化にも柔軟に適応して、日常の中から自分の生き甲斐を見出していく能力もまたラリーの持ち味の一つと言えます。
学業の傍らで、以前に海軍でコックを務めていた能力を活かして、レストランでコックのアルバイトをして生計を立てたりと、環境の変化にも柔軟に適応して、日常の中から自分の生き甲斐を見出していく能力もまたラリーの持ち味の一つと言えます。原題は、トム・ハンクスの役名である『ラリー・クラウン』でしたが、『幸せの教室』という邦題は、まさに本作を象徴するに相応しいタイトル。日常に生き甲斐を見出せない人や、人から見た自分の姿に不安を感じる人なども、ラリーやメルセデス、そして彼らを取り巻くクラスメート達の姿を通じて、人の数だけ異なる自分にとっての“幸せ”の形に気付かされ、明日が好きになるでしょう。友人や家族などに囲まれて過ごす学校や職場、家庭など、“幸せの教室”は、あなたのそばに。
友人や家族などに囲まれて過ごす学校や職場、家庭など、“幸せの教室”は、あなたのそばに。・幸せの教室 - 作品情報 映画は芸術ハラの所見評価 メッセージ性：★★★★★ 映像美：★★★ サウンドトラック：★★ 映画は芸術ハラの「編集部的映画批評」一覧
“今年の顔”剛力彩芽「きものの魅力をたくさんの方に」 2008年よりファッション雑誌「Seventeen」の専属モデルとして活躍後、今年1月フジテレビの月９ドラマ「大切なことはすべて君が教えてくれた」で本格的に女優デビューを果たし、日経トレンディが発表した“今年の顔”にも選ばれた今、注目の女優・剛力彩芽（ごうりき あやめ／19）。1月7日より全国公開となる映画『カルテット！〜Quartet!〜』にも出演する彼女がスペシャルサポーターを務める、国内最大級のきものの祭典「きものクイーンコンテスト2012」が2月18日、浅草公会堂にて開催される。
〜Quartet!〜』にも出演する彼女がスペシャルサポーターを務める、国内最大級のきものの祭典「きものクイーンコンテスト2012」が2月18日、浅草公会堂にて開催される。「きものクイーンコンテスト2012」では約500名のきもの美人たちが下町情緒あふれる浅草に集まり、きものの素晴らしさ、女性らしさ、和の美しさを競い合う。当日は、審査基準をクリアした方の中から、きものクイーン１名、準クイーン２名をはじめとした各賞が選出され、表彰される。
当日は、審査基準をクリアした方の中から、きものクイーン１名、準クイーン２名をはじめとした各賞が選出され、表彰される。剛力彩芽はゲスト審査員として参加し、特別ゲストとして菊川怜が華を添える。当日は、きものファッションショーや、和文化の素晴らしさに触れるパフォーマンスなど、様々な企画が盛りだくさんに繰り広げられる予定。選ばれたきものクイーンにはハワイ・ペア旅行が、準クイーンにはグアム・ペア旅行が副賞として用意される他、きものから始まる日本文化を学ぶことの楽しさ、奥深さを伝えるナビゲーターとして、きもの姿で各メディアへ露出し、活躍の場が与えられる。
選ばれたきものクイーンにはハワイ・ペア旅行が、準クイーンにはグアム・ペア旅行が副賞として用意される他、きものから始まる日本文化を学ぶことの楽しさ、奥深さを伝えるナビゲーターとして、きもの姿で各メディアへ露出し、活躍の場が与えられる。応募締め切りは、2012年1月25日まで。詳しくは、公式サイトにて。
剛力彩芽 コメント 私自身、きものが大好きなので、今回、この「きものクイーンコンテスト」のスペシャルサポーターに選ばれ、すごく嬉しく思っています。きものは日本の伝統文化なので、その伝統を多くの人に伝えていけるお手伝いが出来たらと思います。きものを着ることによって、気持ちも引き締まるし、年齢に関係なく幅広い層の方に愛され、伝統を守りつつその世代にあった着方や魅力があるので、それを多くの人にも触れてもらう機会になったらと思います。私も今年、晴れ着撮影でスタートし、お仕事を通じてもっとたくさんのきものを着る機会を頂きました。きものの魅力をたくさんの方に知って頂ける機会として、このきものクイーンコンテストに多くの方に参加頂き、一緒にきものの魅力を知って頂けたら嬉しいです。
きものの魅力をたくさんの方に知って頂ける機会として、このきものクイーンコンテストに多くの方に参加頂き、一緒にきものの魅力を知って頂けたら嬉しいです。・きものクイーンコンテスト2012 - 公式サイト
・カルテット - 作品情報
『タイタニック 3D』超プレミア試写会、応募殺到でサーバーがパンク タイタニック号の悲劇から100年の節目を迎える2012年、『タイタニック』の感動がよみがえる！2月14日に世界同時開催される映画『タイタニック 3D』のバレンタインデー3Dプレビューの申し込みが、1月31日より世界各国で開始された。申し込み開始と同時に、4月の公開を待ち切れないファンがサイトに殺到。インターネットのサーバーがパンクするという事態に発展し、サイトオープンから間もなく満席となった。
インターネットのサーバーがパンクするという事態に発展し、サイトオープンから間もなく満席となった。本作は、1997年に公開された『タイタニック』をジェームズ・キャメロン監督自らが最新技術を駆使し、最高品質の3D化に取り組んだ作品。主演にレオナルド・ディカプリオを迎え、ヒロイン役のケイト・ウィンスレットとともに、見るものを陶酔の境地へと誘うラブ・ストーリーを描いた。タイタニック号のほぼ原寸大のセットを建造して撮影された極限のパニックとサバイバルは、別次元の臨場感を獲得し、アカデミー賞11部門を受賞。日本でも1年という超ロングラン上映を達成した。
日本でも1年という超ロングラン上映を達成した。初公開から15年が経った今でも映画ファンの心に深く刻み込まれた本作が、再び大きな盛り上がりを見せている。
初公開から15年が経った今でも映画ファンの心に深く刻み込まれた本作が、再び大きな盛り上がりを見せている。世界各国で争奪戦となった超プレミア試写会は、日本でもバレンタインデーの2月14日に開催。時差の関係で、事実上、世界最速試写会となる予定だ。日本での試写会は、抽選制となっており、公式サイト内で応募を受け付けている。
日本での試写会は、抽選制となっており、公式サイト内で応募を受け付けている。映画『タイタニック 3D』は、4月7日（土）より、TOHOシネマズ スカラ座ほか全国ロードショー。・映画『タイタニック』 - 公式サイト ・『タイタニック』バレンタインデー世界最速3Dプレビュー 【MOVIE ENTERおすすめ記事】
・インタビュー：林遣都＆桐谷美玲「とにかく、みんなを愛しています」・綾波レイ&アスカが人気キャラクターとコラボ・ダース・ベイダーが全国に出没！次は大阪・通天閣に進軍予定・食欲そそる、ドラマ「深夜食堂」第2部の絶品メニュー・【いちおう妖ヶ劇場】第6話：バレンタインチョコなんて、ちょこっとも欲しくないの巻
2011年“親子の絆”を感じた映画 クリスマスも終わり、今年も残す所あとわずかとなりましたが、2011年を象徴した漢字といえば“絆”。震災からの復興に向けて強く感じた一年でしたが、平穏な日常に身を置いているとつい忘れがちかちなもの。年末年始に控える帰省は、“親子の絆”を感じる大切なひと時になるのではないでしょうか。
年末年始に控える帰省は、“親子の絆”を感じる大切なひと時になるのではないでしょうか。今年も様々な映画が公開され、人々に感動や希望を与えてきましたが、その中から特に“親子の絆”を感じるオススメ作品をピックアップ。先週よりネットリサーチを開始した所、現時点で300弱の投票が寄せられ、1位『リアルスティール』、2位『八日目の蝉』、3位『うさぎドロップ』、4位『毎日かあさん』、5位『SUPER ８／スーパーエイト』、6位『ツリー・オブ・ライブ』との結果になっています。
先週よりネットリサーチを開始した所、現時点で300弱の投票が寄せられ、1位『リアルスティール』、2位『八日目の蝉』、3位『うさぎドロップ』、4位『毎日かあさん』、5位『SUPER ８／スーパーエイト』、6位『ツリー・オブ・ライブ』との結果になっています。見事1位に選ばれた『リアル・スティール』は、ヒュー・ジャックマン演じる、かつて自分の夢のために家族を捨てた父親チャーリーが、息子マックスとの失われた“親子の絆”を取り戻していく物語。2020年のロボット格闘技を舞台に、拾われた時代遅れの旧式ロボットATOMが、高性能で最新鋭の強敵たちを相手に何度倒されても立ち上がり、ゴミ捨て場から光の差す場所へと父子と共に勝ち上がっていく姿が、観る者に感動を与える作品となっています。
2020年のロボット格闘技を舞台に、拾われた時代遅れの旧式ロボットATOMが、高性能で最新鋭の強敵たちを相手に何度倒されても立ち上がり、ゴミ捨て場から光の差す場所へと父子と共に勝ち上がっていく姿が、観る者に感動を与える作品となっています。タイトルの「リアル・スティール」とは“本当の強さ”を意味する言葉。本作を鑑賞した木下優樹菜さんは「自分も結構強がりなので弱いんですけど、ブレない何かを持っている人は強いなと思います。力とか気が強いじゃなくて、自分の中で何か貫き通している、一本の筋みたいなものを持っている人は強いなと思います。」と“本当の強さ”について語っています。
」と“本当の強さ”について語っています。公式サイトには、各界からの絶賛コメントや試写会からの感動コメントが多数寄せられていますが、あなたも“親子の絆”や“本当の強さ”について考えてみては如何でしょうか。劇場公開中の『リアル・スティール』をはじめ、『うさぎドロップ』（2012年2月2日発売）と『ツリー・オブ・ライフ』（2012年3月7日発売）以外の作品はすでにブルーレイ＆DVDが発売中なので、年末年始にチェックすることをオススメします。・映画『リアル・スティール』特集ページ - MOVIE ENTER
小栗旬は“使えない若者”、映画『キツツキと雨』の特報映像公開 2012年2月11日より公開となる映画『キツツキと雨』の特報映像が公開された。役所広司、小栗旬が初共演するとあって、公開前から話題となっている本作は、22日より開催される第24回東京国際映画祭のコンペティション部門への出品も決定。日本映画としては、唯一の出品作となる。本作の物語の舞台となるのは、のどかな小さな山村。そこで暮らす木こりの克彦（役所広司）は、突然やってきたゾンビ映画の撮影隊の手伝いを無理矢理することになった。強引な撮影スタッフと使えない若いスタッフに振り回されて爆発寸前。使えない若いスタッフとされてしまった新人監督の幸一（小栗旬）は、生来の気の弱さで現場をまとめきれずにパニック寸前になっていた。初めは距離を置いていた2人だったが、克彦は撮影を通して映画の面白さに気づき、幸一は克彦と接することで本来の自分らしさを取り戻していく。そして、2人の交流は、いつしか村と撮影隊の奇妙なコラボレーションを生み出していく。監督を務めるのは、『南極料理人』で藤本賞新人賞、新藤兼人賞金賞などを受賞し、若手監督として日本映画界が注目する沖田修一。初共演となる役所と小栗とともに、高良健吾、臼田あさみ、伊武雅刀、山崎努などの豪華キャストが勢揃い。そんな彼らが、下を向きがちな時に「絶対に良いことがある！」と元気が湧いてくるような温かい作品を創り上げた。
」と元気が湧いてくるような温かい作品を創り上げた。今回、公開された特報映像はこちら。クスクスと笑えて、どこかほっとするような温かい雰囲気が伝わってくる。役所演じる素朴で無骨な木こりの克彦、小栗演じるプレッシャーに耐える新人監督の幸一の関係がどのように変化していくのかが楽しみだ。寒い冬に心温まるほんわかとした本作はいかがですか？2012年2月11日（土）より全国ロードショー。・映画『キツツキと雨』 - 公式サイト
【MOVIE ENTERおすすめニュース】 ・【DVDエンター！】標的は吉高由里子、嵐・二宮が一般人を巻き込み地下鉄で大バトル ・インタビュー：三池崇史監督「市川海老蔵は大物、三船敏郎さん以来の衝撃」 ・東京国際映画祭の作品選定ディレクターが教える“裏技”的な楽しみ方
】標的は吉高由里子、嵐・二宮が一般人を巻き込み地下鉄で大バトル ・インタビュー：三池崇史監督「市川海老蔵は大物、三船敏郎さん以来の衝撃」 ・東京国際映画祭の作品選定ディレクターが教える“裏技”的な楽しみ方・初の試み！史上最大規模の3Dカメラ×世界遺産での撮影
・ウィキ・ペディアにも負けない!? キャプテン・アメリカの戦力を徹底解剖！
『バック・トゥ・ザ・フューチャー』に登場するデロリアン、世界30台限定で販売 1985年に公開された映画『バック・トゥ・ザ・フューチャー』でタイムマシンとして登場し、デロリアンとして知られる名車、DMC-12を電気自動車にした“DMCEV”の仮予約受付が開始された。デジタル家電商品企画のレッドスターとアメリカのDeLorean Motor Companyが正規ディストリビューター契約を締結したことで、映画ファンにはたまらない電気自動車が実現する。
デジタル家電商品企画のレッドスターとアメリカのDeLorean Motor Companyが正規ディストリビューター契約を締結したことで、映画ファンにはたまらない電気自動車が実現する。初回生産台数は、世界で30台限定。限定台数に達し次第、締め切られる。
限定台数に達し次第、締め切られる。今回の仮予約受付は、日本市場のマーケティング活動を主な目的としており、予約金等は一切不要。まだアメリカでは受付を開始しておらず、日本での受付が世界最速となる。
レッドスター・グループ代表の松川政裕氏は、「僕がふと、デロリアンの電気自動車版と市販を思いついたのは、2010年の6月だった。早速、米国のDMC本社と日本のDMC-Japanにアイデアを送った。返事はきたが、電気自動車という突拍子もないアイデアに戸惑っている様子だった。でも、粘り強い説得と世間の流れに皆やる気をだしてくれた。自分の思いつきのアイデアで、デロリアンEVが生まれ、世界中で販売されることに大変興奮しています」とコメントしている。
自分の思いつきのアイデアで、デロリアンEVが生まれ、世界中で販売されることに大変興奮しています」とコメントしている。『バック・トゥ・ザ・フューチャー2』に登場するスニーカー“NIKE MAG”が販売されるなど、夢でしかないと思われていたものが実現化されてきている。同作に登場する、宙に浮くスケートボード“ホバーボード”が商品化される日も近いかもしれない。
同作に登場する、宙に浮くスケートボード“ホバーボード”が商品化される日も近いかもしれない。デロリアンEVは、12月3日（土）より、オフィシャルホームページで仮予約をすることが出来る。価格は未定。2013年までに納車される。
2013年までに納車される。・“デロリアンEV”仮予約オフィシャルページ
【週末映画まとめ読み】沢尻エリカ、活動休止の原因とは？今週1週間に起こった出来事を振り返る「週末映画まとめ読み」。先週末の動員ランキングは、ローマ人役を完璧に演じきった阿部寛の姿が話題の『テルマエロマエ』が3週連続で首位をキープしました。石原さとみがホラー映画初主演となる『貞子3D』が2位、ジュリア・ロバーツとトム・ハンクス共演の『幸せの教室』が5位にそれぞれ初登場でランクイン。『幸せの教室』以外、ランクインしている作品は全て邦画という結果になりました。詳しいランキングはこちらでチェック！
詳しいランキングはこちらでチェック！先日、体調不良による活動休止を発表した沢尻エリカ。蜷川実花監督の最新作『ヘルタースケルター』で主演を務める彼女は、役にのめり込みすぎて心身ともに負荷がかかったという。活動休止の原因といわれる、りりこ役を演じる沢尻の姿が観られる予告映像が公開された。
同じく、世間の注目の的となったのが塩谷瞬。彼の二股騒動はニュースで多く取り上げられた。そんな中、現在公開中の映画『Black ＆ White/ブラック ＆ ホワイト』では“女版塩谷瞬”が登場する。劇場で観られるのはあとわずかかもしれないので、気になる方は劇場へ。
・沢尻エリカが過激なベッドシーンも！『ヘルタースケルター』予告編がついに解禁・二股をする気持ちもわかってしまう映画奥田英朗のベストセラー小説を映画化した『ガール』で主演を務める香里奈が、本作の公開記念イベントに出席。イベントの司会を務めたTBSの青木アナは、香里奈の“ある噂”にあやかろうとすると、香里奈から芸能リポーターばりの鋭い突っ込みが入りました。香里奈にまつわる“ある噂”とは何でしょうか。
香里奈にまつわる“ある噂”とは何でしょうか。共演者である麻生久美子の最新作『グッモーエビアン！』（12月公開）の特報映像とティザービジュアルが公開されました。W主演となる大泉洋とともにパンクバンドを結成し、激しいパフォーマンスを披露します。それに負けじと、北野武監督の最新作『アウトレイジ ビヨンド』（10月6日）のメイキング映像が公開。圧巻の口撃シーンは見どころのひとつですね。
圧巻の口撃シーンは見どころのひとつですね。・香里奈が青木裕子アナに突っ込み「何か発表とかありますか？」・麻生久美子&大泉洋、W主演映画でパンクバンド結成・北野武監督が全世界へ殴り込み、怒号が飛び交う口撃シーン
日本公開を控えた『アベンジャーズ』（8月23日公開）が、4月25日より世界各国で公開され、29カ国で歴代記録を更新するなど驚異的な大ヒットを記録しています。日本版オリジナルポスター画像も公開され、“アベンジャーズ現象”は勢いを増すばかりですね。
“ヒーローもの”といえば、最強の布陣でバットマンの完結編を描く『ダークナイト ライジング』（7月28日公開）。今回、キャットウーマンのコスチュームに身を包んだアン・ハサウェイの新ビジュアルが公開されました。ジムに通い、鍛え上げた“美しすぎる”完璧なボディに注目です。
ジムに通い、鍛え上げた“美しすぎる”完璧なボディに注目です。イタリアの人気セクシーモデル、エリザベッタ・カナリスもまた、完璧なボディを披露しています。『ディクテーター 身元不明でニューヨーク』（9月7日公開）のプロモーションに、サシャ演じるワディヤ共和国の独裁者アラジーン将軍とともに登場した彼女のビキニ姿は必見！
『ディクテーター 身元不明でニューヨーク』（9月7日公開）のプロモーションに、サシャ演じるワディヤ共和国の独裁者アラジーン将軍とともに登場した彼女のビキニ姿は必見！・最強映画『アベンジャーズ』、歴代最速で『アバター』『ハリポタ』越え・『アバター』を抜くか？“最強”ヒーローが勢揃いの日本版オリジナルポスター公開・アン・ハサウェイが完璧なボディ披露！“美しすぎる”キャットウーマンの新ビジュアル公開・“世界一過激なコメディアン”がビキニ美女とカンヌを“独裁”
“美しすぎる”キャットウーマンの新ビジュアル公開・“世界一過激なコメディアン”がビキニ美女とカンヌを“独裁”最新作の情報が続々と公開されています。『エイリアン』『グラディエーター』を手掛けた“生きる伝説”リドリー・スコット監督の最新作『プロメテウス』の公開日が8月24日に決定。鬼才ティム・バートン監督は、ディズニー史上最も奇妙なワンダーランド『フランケンウィニー』（12月15日公開）をモノクロ3Dで描きます。これまでのイメージを一新させた“戦う白雪姫”を描く『スノーホワイト』で日本語吹き替えを担当する小雪と椎名桔平が会見を行いました。すでに世界各国で公開されている『最強のふたり』の予告映像が公開。各国で快進撃を続ける本作は、日本でも記録を打ち出すことはできるのでしょうか。
各国で快進撃を続ける本作は、日本でも記録を打ち出すことはできるのでしょうか。・人類誕生の謎が明かされる！宇宙に飛び出した科学者が見たものとは・“モノクロ3D”で奇妙な世界を描く、ティム・バートン監督最新作の特報映像が公開・“美魔女”小雪に椎名桔平が子育て指導・フランス国民の3人に1人が泣いた、各国で話題の映画が日本へ上陸・水樹奈々の復讐に燃える“けものボイス”『劇場版BLOOD-C The Last Dark』の最新予告編が解禁19日より、ジョニー・デップとティム・バートン監督の最強タッグに
宇宙に飛び出した科学者が見たものとは・“モノクロ3D”で奇妙な世界を描く、ティム・バートン監督最新作の特報映像が公開・“美魔女”小雪に椎名桔平が子育て指導・フランス国民の3人に1人が泣いた、各国で話題の映画が日本へ上陸・水樹奈々の復讐に燃える“けものボイス”『劇場版BLOOD-C The Last Dark』の最新予告編が解禁19日より、ジョニー・デップとティム・バートン監督の最強タッグによる『ダーク・シャドウ』、韓国でロングランヒットを記録した『サニー 永遠の仲間たち』など話題作が続々と公開されます。また、『バッド・ティーチャー』では、キャメロン・ディアスが元彼ジャスティン・ティンバーレイクと共演とあって、こちらも注目ですね。
また、『バッド・ティーチャー』では、キャメロン・ディアスが元彼ジャスティン・ティンバーレイクと共演とあって、こちらも注目ですね。そのほか、漫画で映画を解説する「いちおう妖ヶ劇場」や「オトナ女子映画部」「編集部的映画批評」「DVDエンター！」の連載もチェックしてみてください。
」の連載もチェックしてみてください。・【編集部的映画批評】みんなで繋がれば怖くない、自己責任爽やかホラー
・【編集部的映画批評】みんなで繋がれば怖くない、自己責任爽やかホラー・【編集部的映画批評】冴えない中年がチョイ悪オヤジに変身、人の数だけ異なる“幸せ”の形
・【いちおう妖ヶ劇場】第12話：ミニサイズになって体内を“見に”行くぞの巻
・【DVDエンター！】“韓国のアンジェリナ・ジョリー”がタンクトップ姿で触手と格闘
・【オトナ女子映画部】檀れい演じる“痛カッコイイ女”に注目『ガール』
・【オトナ女子映画部】檀れい演じる“痛カッコイイ女”に注目『ガール』映画情報
映画情報・「MOVIE ENTER」提供記事一覧 日別映画ニュースまとめ：12日（土）｜13日（日）｜14日（月）｜15日（火）｜16日（水）｜17日（木）｜18日（金）
人気漫画「クローバー」の連続ドラマ化が決定 「ビー・バップ・ハイスクール」「BADBOYS」「ろくでなしブルース」に続け！週刊少年チャンピオンで連載中の平川哲弘の人気漫画「クローバー」が、4月クールにテレビ東京系で連続ドラマ化されることが決定した。主人公の美咲ハヤトは、ケンカがバカみたいに強く、バス釣りが趣味で、口や態度とは裏腹に友達想い。派手なコーンロウの髪型がトレードマークだ。小学生以来久しぶりに地元に帰ってきたハヤトは、県立桃浜高校に編入する。そこで幼なじみのトモキ、ケンジとの友情を復活させた。友達が少なく、バイクいじりが趣味で物事に冷めているトモキ。バイト三昧の生活を送っている口下手で不器用な性格のケンジ。そんな2人の助けを得て、ハヤトはケンカの強さからさまざまなトラブルに巻き込まれるも困難を乗り越えていく。
そんな2人の助けを得て、ハヤトはケンカの強さからさまざまなトラブルに巻き込まれるも困難を乗り越えていく。原作は、2007年4月から現在まで、週刊少年チャンピオンで連載されており、単行本は、1巻から24巻までで発売累計450万部を突破している。2月8日には、25巻が発売される予定だ。
2月8日には、25巻が発売される予定だ。主要キャスト及び番組概要は、2月中旬に発表される予定。ハヤト、トモキ、ケンジを演じるのは、はたして誰だろうか。
ハヤト、トモキ、ケンジを演じるのは、はたして誰だろうか。【MOVIE ENTERおすすめニュース】・「役者になるために生まれて来た」「普段は三枚目」沢尻エリカの素顔・ゲームパッケージを持って劇場へ！映画『ドラゴンエイジ』連動キャンペーンを実施・沢尻エリカがプロデュース、人気ブランドとコラボ商品発売
映画『ドラゴンエイジ』連動キャンペーンを実施・沢尻エリカがプロデュース、人気ブランドとコラボ商品発売・ケンドーコバヤシの邪念のせいで映画がヒットしない
・大泉洋がライオンを挑発「どうしたBOY？かかってこいよ」
片腕を奪われた少女を五体満足の女優が演じる方法とは 感動の実話を映画化した『ソウル・サーファー』が6月1日より公開される。タイトルの“ソウル・サーファー”とは、特別な才能を持ち、競技に勝つことを目的とせず波に乗る真の喜びを知るサーファーのこと。タイトルだけを聞くと、ただのサーフ・ムービーに思えるが、それだけでは終わらせない本作の魅力がある。
タイトルだけを聞くと、ただのサーフ・ムービーに思えるが、それだけでは終わらせない本作の魅力がある。本作の舞台となるのはハワイ。13歳の少女ベサニー・ハミルトンは、プロサーファーを目指し、毎日海で練習をしていた。ある日、サーフィンの練習中にサメに襲われ、一命は取り留めたものの肩の下から左腕を奪われてしまう。退院後、許可が下りると真っ先に海へ行き、サーフィンを再開。しかし、復帰後初の競技大会で思うような結果が出せず、サーフィンを諦めようとしていた。その時、再びサーフィンで頂点を目指すことを決心させる出来事が起こる。
その時、再びサーフィンで頂点を目指すことを決心させる出来事が起こる。主演を務めるのは『チャーリーとチョコレート工場』でヴァイオレット役を射止めたアナソフィア・ロブ。ドラマ『セックス・アンド・ザ・シティ』の主人公キャリーの過去を描くドラマ『ザ・キャリー・ダイアリーズ』の主役を演じることが決定している注目の女優だ。
ドラマ『セックス・アンド・ザ・シティ』の主人公キャリーの過去を描くドラマ『ザ・キャリー・ダイアリーズ』の主役を演じることが決定している注目の女優だ。サーフィンの経験がなかったアナソフィアは、本作のために1日4時間、サーフィンはもちろんのこと、水泳、ウェイトトレーニング、ストレッチなど徹底的なトレーニングを1カ月続け、サーフィンの技術を習得した。実際に、本作のモデルで現在もプロサーファーとして活躍するベサニー本人が指導。彼女の上達ぶりに「彼女は本当に飲み込みが早かった。サーフィンを習得するのに普通は何年もかかるのに、彼女は1カ月で本当によくやったわ」と、感心した。
サーフィンを習得するのに普通は何年もかかるのに、彼女は1カ月で本当によくやったわ」と、感心した。ベサニー本人とアナソフィアの身長差は15cm以上。それでも、ベサニーは自身の役のスタントとして本作に出演している。体のサイズがまるで違う2人の体を視覚的にマッチさせるために、様々なカメラ・トリックが必要とされた。ショーン・マクナマラ監督は「あそこまで巧みに合わせられたのは驚異だね。2人にはどこか通じ合う部分があったんだろう」とコメントしている。アナソフィアとベサニー本人が見せる本格的なサーフシーンに注目だ。
アナソフィアとベサニー本人が見せる本格的なサーフシーンに注目だ。リアルさを追求するため、その他にも様々な工夫がされた。ベサニーがサメに襲われる時に登場するサメは、全長4m26cmのイタチザメの複製を製作。これに合わせて、CG映像を使用し、事件の緊張感とリアルさを高めた。
これに合わせて、CG映像を使用し、事件の緊張感とリアルさを高めた。複製を目の当たりにしたベサニーは、その大きさに衝撃を受けるも「かっこ良いと思った。サメって本当に美しい生き物だから」と、自身の左腕を奪ったサメに対して意外なコメントをしている。
サメって本当に美しい生き物だから」と、自身の左腕を奪ったサメに対して意外なコメントをしている。そして、1番気になるのが、五体満足のアナソフィアの腕をベサニー特有の肩口から左腕がない状態にすることだ。左腕に緑色の袖をつけて撮影し、腕の切り口が露出しているショット全てにデジタル映像を挿入するという高い技術を要する方法で仕上げた。これは、映画『フォレスト・ガンプ／一期一会』で用いられた作業に似ているという。
これは、映画『フォレスト・ガンプ／一期一会』で用いられた作業に似ているという。本作にとってベサニーを支える家族や友人の存在は必要不可欠だと監督は言う。ベサニーの父親を演じるデニス・クエイドは「ベサニーの栄光のストーリーであると同時に、家族が苦境を乗り越えるストーリーであることに強く惹かれた」と、本作の魅力を語った。彼はオファーを受けた時「何が起ころうともこの映画には出る」と、監督に直接電話をしてしまうほど、本作の魅力に取り憑かれた一人だ。
彼はオファーを受けた時「何が起ころうともこの映画には出る」と、監督に直接電話をしてしまうほど、本作の魅力に取り憑かれた一人だ。実際に起きた事件に衝撃を受け、ベサニーの力強さ、生きることを諦めない気持ちに惹かれたキャストたちが、様々な技術を施したこだわりの映像と、ハワイのサーフィンの中心地であるオアフ島の北海岸とカウアイ島で撮影した美しい映像とともに本作の魅力とリアルさを一層際立たせている。
実際に起きた事件に衝撃を受け、ベサニーの力強さ、生きることを諦めない気持ちに惹かれたキャストたちが、様々な技術を施したこだわりの映像と、ハワイのサーフィンの中心地であるオアフ島の北海岸とカウアイ島で撮影した美しい映像とともに本作の魅力とリアルさを一層際立たせている。ベサニーは「誰かが希望を見出す手助けができるなら、私が腕を失った価値はあったと思う」と、語っている。わずか13歳の天才サーファーが、観る者に勇気を与える感動作がついに日本に上陸する。
わずか13歳の天才サーファーが、観る者に勇気を与える感動作がついに日本に上陸する。映画『ソウル・サーファー』は、6月9日（土）より公開。
・映画『ソウル・サーファー』 - 作品情報【MOVIE ENTERおすすめ記事】・美少女が高校時代を振り返る「恋愛より友達と遊ぶことに夢中」・【編集部的映画批評】おぞましい“先生を流産させる”映画の盛況の秘密とは・“日本版EMINEM”ヒップホップ界の頂点が問題作のイメージ楽曲で参戦・最強映画『アベンジャーズ』が『ダークナイト』『ハリポタ』越え・劇場版『TIGER & BUNNY』特別企画“KING OF MOVIE HERO”は誰だ？・MOVIE ENTERのTOPへ
【元気東北・岩手編】河童ってホントは何者なのか子供のように小柄で、頭頂部がハゲており、口がくちばしのように尖っている。相撲とキュウリが大好きで、体臭が魚のようにキツい……と言えば、誰の顔を思い浮かべるだろう？もし、その人物に肛門が3つあり、手に水かき、背中に甲羅があったなら、その正体は、伝説の妖怪「河童」だろう。
もし、その人物に肛門が3つあり、手に水かき、背中に甲羅があったなら、その正体は、伝説の妖怪「河童」だろう。「東北・映画で元気に復興」特集の第3回目は、河童伝説が残る岩手県遠野を舞台にした映画『河童のクゥと夏休み』の魅力を紹介しよう。
「東北・映画で元気に復興」特集の第3回目は、河童伝説が残る岩手県遠野を舞台にした映画『河童のクゥと夏休み』の魅力を紹介しよう。『河童のクゥと夏休み』夏休み前のある日、小学生の上原康一は学校帰りに不思議な石を拾った。持ち帰って水で洗うと、中から河童の子供が現れた。クゥと名付けられた河童は、康一たちと同じ言葉を話し、何百年ものあいだ地中に埋められていたのだという。最初は驚いた家族も、クゥを受け入れ、周囲に気づかれないよう注意しながら一緒に暮らし始める。そんなある日、康一はクゥを仲間のところに帰してあげようと、河童伝説の残る遠野へ旅立つ。そして、旅から戻った康一とクゥを待ち受けていたのは……。
そして、旅から戻った康一とクゥを待ち受けていたのは……。【元気のポイント】完全アウェーで奮闘する河童の姿河童は、上述のように特徴的な容姿をしており、企業のトレードマークに使用されるなど、愛されキャラではあるのだが、川に入った人間の足を引っ張って溺れさせ、肛門から尻子玉（魂のようなもの）を引き抜く等の恐ろしい行動も伝承されている。作品の中でも、武士が河童の親子に遭遇し、恐怖のあまり、父親の河童を刀で殺害してしまう。河童の親子は、ただ、住みかである沼の干拓を思いとどまるよう、相談したかっただけだったのに……。目の前で父親を殺された「クゥ」は、人間に対する恐怖心を数百年も持ち続ける。だが、康一たちと暮らすうちに少しずつ心を開き、明るさを取り戻していく。人間と河童の心のすれ違いと、そこから和解に向かうまでの過程がほほえましく描かれている。後半、再びクゥにとんでもない試練が降りかかるのだが、その試練を必死に乗り越えようとする姿に勇気づけられることがあるだろう。
後半、再びクゥにとんでもない試練が降りかかるのだが、その試練を必死に乗り越えようとする姿に勇気づけられることがあるだろう。【東北文化】遠野の「カッパ淵」、釜石の海遠野に河童の故郷というイメージが定着したのは、民俗学者の柳田國男が著書「遠野物語」の中で、河童の伝承を収集したことに由来するという。特に土淵町の「カッパ淵」の辺りでは、河童が多く住んでいて、人々を驚かし、いたずらをしたと伝えられている。澄んだ水が流れる淵の周辺は、豊かな自然を保っており、今にも河童が現れそうなほど。クゥと康一も、河童の仲間を探すため、現地を訪れるのだが、ついには見つけることができなかった。
クゥと康一も、河童の仲間を探すため、現地を訪れるのだが、ついには見つけることができなかった。帰り道、彼らは釜石を訪れる。そこでクゥは初めて「海」を知るのだ。先の震災で甚大な被害を受けた、釜石の美しい海、趣のある街並みが描かれており、一刻も早く、その風景を取り戻せるよう、支援を続けていかなければ、という思いを強くさせる。
先の震災で甚大な被害を受けた、釜石の美しい海、趣のある街並みが描かれており、一刻も早く、その風景を取り戻せるよう、支援を続けていかなければ、という思いを強くさせる。【まとめ】河童の正体は「キリシタン」？この作品は、決して、子供向けに作られた映画では無い。むしろ、子供にはショッキング過ぎるかもしれないと心配させられるシーンも数多く登場する。河童と人間という異形の者同士の心の交流が、人間の身勝手さ、いじめ、報道被害など、多くの問題を浮き彫りにするのだ。元タレントの上岡龍太郎氏は自著の中で「河童の正体は弾圧から身を隠し、暗闇の中で水浴びをしていたキリシタンである」と持論を展開しているが、クゥが受ける試練の数々を目の当たりにすると、俄然、説得力を増して聞こえてくる。
元タレントの上岡龍太郎氏は自著の中で「河童の正体は弾圧から身を隠し、暗闇の中で水浴びをしていたキリシタンである」と持論を展開しているが、クゥが受ける試練の数々を目の当たりにすると、俄然、説得力を増して聞こえてくる。東北も、いま想像を超える試練にさらされている。クゥに負けずに頑張ろう、東北。
・「東北・映画で元気に復興」特集 河童のクゥと夏休み 【通常版】 [DVD]posted with amazlet at 12.03.08アニプレックス (2008-05-28) 売り上げランキング: 10593 Amazon.co.jp で詳細を見る
大島優子、闇金に追われ転落『闇金ウシジマくん』 映画『闇金ウシジマくん』の公開日が8月25日に決定し、主要キャストにAKB48の大島優子の名前が発表された。「闇金ウシジマくん」は、累計500万部のベストセラーコミック。原作・真鍋昌平による“闇金”という禁断の題材をリアルに描いた漫画史上最大の問題作だ。2010年秋には実力派俳優・山田孝之主演でドラマ化。深夜枠ならではの過激な描写が話題となった。今回、大島が演じるのは、山田演じる闇金ウシジマに追いつめられ、破滅を辿るフリーター役。大島演じる鈴木未來（みこ）は母親の借金を肩代わりしたことで、ウシジマから取り立てを受け追いつめられていく。そんな未來が返済のために「ほんの少しだけなら」と選んだバイトは「出会いカフェ」。女の子たちが金のために時間を切り売りする“欲望の世界”。そこに足を踏み入れてしまった未來の運命は——。ウシジマに追いつめられ破滅をたどる未來は本作のキャラクターの中で一番闇金の恐さを実感する役どころ。昨年夏、出演が決まった大島は台本を読み込み「人が目を背けてしまうような題材に真っ正面から挑む姿勢がカッコいい」とタブーを恐れぬ作品の精神に共感し撮影に臨んだという。
昨年夏、出演が決まった大島は台本を読み込み「人が目を背けてしまうような題材に真っ正面から挑む姿勢がカッコいい」とタブーを恐れぬ作品の精神に共感し撮影に臨んだという。すでに撮影を終えた大島は本作についてこう語る。■大島優子コメント “未來”は光と闇の間でどちらにいってしまうのか、不安を感じるキャラクターでとても難しい役柄でしたが、素晴らしい役者さん達に囲まれ何とか演じきる事ができました。人間がガムシャラ且つ必死に生きようとする姿が描かれていて人が生き抜くためのヒントが見つかる作品だと思うので、ぜひ劇場で楽しんでみてください。
人間がガムシャラ且つ必死に生きようとする姿が描かれていて人が生き抜くためのヒントが見つかる作品だと思うので、ぜひ劇場で楽しんでみてください。他にも、林遣都が、一攫千金を狙う強欲な男役を演じたり、新井浩文、岡田義徳、ムロツヨシ、黒沢あすかなどの実力派俳優の出演が、決定している。
他にも、林遣都が、一攫千金を狙う強欲な男役を演じたり、新井浩文、岡田義徳、ムロツヨシ、黒沢あすかなどの実力派俳優の出演が、決定している。公開日は、佐藤健主演の『るろうに剣心』、高倉健主演の『あなたへ』など話題作がひしめく激戦の期間。どの作品が勝利するのか目が離せない。『闇金ウシジマくん』は、8月25日（土）新宿バルト9ほか全国ロードショー
『闇金ウシジマくん』は、8月25日（土）新宿バルト9ほか全国ロードショー【MOVIE ENTER おすすめ記事】 ・“闇の世界”の美しき処刑人、12年の眠りから遂に覚醒 ・大島優子「どういう気持だったか、察して頂けるとありがたい」 ・AKB48派生ユニット『渡り廊下走り隊』、再び監禁 ・【いちおう妖ヶ劇場】第7話：ダメな奴には真剣に神拳をくらわせるぞの巻
【MOVIE ENTER おすすめ記事】 ・“闇の世界”の美しき処刑人、12年の眠りから遂に覚醒 ・大島優子「どういう気持だったか、察して頂けるとありがたい」 ・AKB48派生ユニット『渡り廊下走り隊』、再び監禁 ・【いちおう妖ヶ劇場】第7話：ダメな奴には真剣に神拳をくらわせるぞの巻『ドラゴン・タトゥーの女』週末3日間で20万人以上を動員し、初登場1位を獲得 27日に授賞式が開催される「第84回アカデミー賞」で主演女優賞をはじめ5部門でノミネートされ、先月30日には監督のデヴィッド・フィンチャーと主演女優のルーニー・マーラが来日を果たした映画『ドラゴン・タトゥーの女』。遂に10日（金）よりTOHOシネマズ日劇ほか全国431スクリーンで日本公開となり、12日（日）までの3日間で動員227,524人、興行収入288,471,700円を上げ、週末興行1位を記録した。昨年、同時期1月15日に公開された、同じくフィンチャー監督の『ソーシャル・ネットワーク』（アカデミー賞8部門ノミネート、3部門受賞／330スクリーン、最終興行収入14億2千万円）との土・日比較では、『ソーシャル・ネットワーク』の161,290,600円に対し、『ドラゴン・タトゥーの女』は230,892,600円で143%の成績となり、スクリーン数の多さと、『ソーシャル・ネットワーク』より幅広い客層をつかんでいること、よりエンタテインメント性の高い作風から見て、最終興行収入20億を目指せるスタートとなった。
昨年、同時期1月15日に公開された、同じくフィンチャー監督の『ソーシャル・ネットワーク』（アカデミー賞8部門ノミネート、3部門受賞／330スクリーン、最終興行収入14億2千万円）との土・日比較では、『ソーシャル・ネットワーク』の161,290,600円に対し、『ドラゴン・タトゥーの女』は230,892,600円で143%の成績となり、スクリーン数の多さと、『ソーシャル・ネットワーク』より幅広い客層をつかんでいること、よりエンタテインメント性の高い作風から見て、最終興行収入20億を目指せるスタートとなった。・「第84回アカデミー賞」特集ページ ■関連記事 ・『ドラゴン・タトゥーの女』主演ルーニー・マーラが来日「誤解されていると感じる経験は、誰にでもある」 ・“無名の新人”ルーニー・マーラ、大女優と並びアカデミー主演女優賞にノミネート ・ルーニー・マーラ、可憐さでセクシーなドレスで『ドラゴン・タトゥーの女』プレミアに登場
ジャガーとトラが対決！ 「奇跡体験！アンビリバボー」も驚く、あり得ない体験 「奇跡体験！アンビリバボー」はビートたけしが案内役となって、世界中の希望あふれる幸福な奇跡、世の中の常識や科学では解明できない超常現象、そして思わずぞっとする怪奇現象などアンビリバボーな話を特集する番組。この人気番組が今、ある映画に注目している。
この人気番組が今、ある映画に注目している。それは6月8日から公開される『幸せへのキセキ』という映画。この作品は実話をもとにしているのだが「人生のどん底から新しい生活を切り開こうと引っ越しした新居が“動物園つきの家”だった」ということがあまりにもあり得ないということで、公開に先駆けた7日に「奇跡体験！アンビリバボー」にて原作者ベンジャミン・ミーの特集が放送されることが決まった。
アンビリバボー」にて原作者ベンジャミン・ミーの特集が放送されることが決まった。特集では、本作の英国のコラムニストで経験も知識も無く動物園の再建を成し遂げたベンジャミン・ミーの“奇跡体験”の軌跡に迫るという内容。ジャガーが逃げてトラの飼育エリアへと飛び込み猛獣2匹のにらみあいになった時ベンジャミンが取った行動とは？なぜ動物園を買うという大胆な行動を取ったのか？資金の問題、家族に訪れた悲劇など実際の映像と再現VTRで紹介される。
資金の問題、家族に訪れた悲劇など実際の映像と再現VTRで紹介される。ベンジャミンは、本作に対して「人から不可能だと言われても私は決してあきらめません。あきらめるということは、失敗と同じです。どんなことでも実行してみれば、たとえ不可能に思える時でも成功するチャンスはあります。私の物語にふれてくれた人が、何かを感じてくれて、その人たちを励ますことができれば、とても嬉しいです」と語っており、奇跡を起こしたヒントがこの番組からも垣間見えるかもしれない。
私の物語にふれてくれた人が、何かを感じてくれて、その人たちを励ますことができれば、とても嬉しいです」と語っており、奇跡を起こしたヒントがこの番組からも垣間見えるかもしれない。全米では7週連続トップ10入りのロングランヒットを記録し、世界興行収入は1億ドルを突破。人との絆、そして再生をテーマとしたその高い作品性に世界中から賞賛の声が上がっている。
人との絆、そして再生をテーマとしたその高い作品性に世界中から賞賛の声が上がっている。まずは7日の「奇跡体験！アンビリバボー」を観て、映画への期待感を高めて欲しい。
アンビリバボー」を観て、映画への期待感を高めて欲しい。『幸せへのキセキ』は、6月8日（金）TOHOシネマズ スカラ座ほか全国ロードショー。・『幸せへのキセキ』 - 作品情報
【MOVIE ENTER おすすめ記事】 ・映画『スノーホワイト』の世界がデザート＆ドリンクになって登場・大阪の商人はベルセルクがお好き？ガッツに続きグリフィスともコラボ・『ハリー・ポッター』からの卒業。エマ・ワトソンがセクシーダンスを披露する新作予告が公開・1枚のイラストから始まった一大プロジェクト「ブラック★ロックシューター」限定プレミアfigmaが解禁
中国武術の源流「少林拳」の強さの秘密に迫る“3つの極意” ハー！ ハー！ ハー！ ハーハー！1982年に公開され、一大カンフーブームを巻き起こしたアクション映画『少林寺』を覚えているだろうか。主演のリー・リンチェイ（現在のジェット・リー）ほか、主要キャストのほとんどがホンモノの武術家で、スタントは一切無し。リアルな拳のぶつかり合いに、心を鷲掴みにされたものだ。
リアルな拳のぶつかり合いに、心を鷲掴みにされたものだ。『少林寺』のハードな世界を、アンディ・ラウ、ジャッキー・チェンら豪華キャストで蘇えらせた映画『新少林寺』のBlu-ray＆DVDが、3月23日からTSUTAYA限定でレンタル開始される。今回はDVDリリースを記念し、前作を知ってる人はもちろん、知らない人でも楽しめる『新少林寺』が“3倍楽しめる極意”を伝授しよう。
今回はDVDリリースを記念し、前作を知ってる人はもちろん、知らない人でも楽しめる『新少林寺』が“3倍楽しめる極意”を伝授しよう。其の一 ： そもそも「少林寺」って何？ 中国武術の源流を知るべし！「天下の武術少林より出ず」。あらゆる中国武術に影響を与えた「小林拳」は、中国河南省嵩山にある禅寺「少林寺」で生まれた。由来については諸説あるが、菩提達磨が少林寺に来て禅宗の教えを授ける際に、僧侶たちの体力不足を嘆き、体を鍛える秘法を授けた。それを元に武術として発展したのが「小林拳」と言われている。16世紀頃には、僧侶たちが小林棍法で日本刀を携えた倭寇（日本人を中心とした海賊）を撃退したとも伝えられており、その“強さ”をうかがい知ることができる。
16世紀頃には、僧侶たちが小林棍法で日本刀を携えた倭寇（日本人を中心とした海賊）を撃退したとも伝えられており、その“強さ”をうかがい知ることができる。ちなみに、「少林寺拳法」と混同されることがあるが、少林寺拳法は日本人が創始した武術で別モノだ。本編では、地面から垂直に立てた丸太の上に片足立ちしてポーズをとったり、集団で型の練習を延々と繰り返したり、僧侶たちの強さを育む、過酷な修行シーンが描かれている。肉体の鍛錬は、精神の鍛錬と紐づいているのだ。
肉体の鍛錬は、精神の鍛錬と紐づいているのだ。其の二 ： ジャッキー・チェンのスゴ味を堪能すべし！！ジャッキー・チェンは、1954年4月7日に香港で生まれた。本名は陳港生（家系図上での本名は房仕龍）。国民党のスパイだった父と、生活のためアヘンを密売していた母が、日中戦争や国共内戦から逃れるため、中国から香港へ移住した際に生まれたのが、ジャッキーだった。7歳から約10年間、中国戯劇学院に所属し、京劇や中国武術を徹底的に叩き込まれた。学校での修行は苛烈を極め、映画『酔拳』で、両膝を広げて中腰になり、さらに両腕を前に突き出したままの姿勢で、膝、肩、頭に湯のみを置き、中身をこぼさないようキープする修行シーンが登場するが、それは実際にジャッキーが学校で経験したシゴキの一つだったそうだ。中国戯劇学院で強靭な精神と肉体を獲得したジャッキーは、ブルース・リーの映画のスタントマンを経て、自身の肉体とキャラクターを生かしたコミカルで激しいアクションを香港映画に導入し、『スネーキーモンキー 蛇拳』（1978年）で一気にスターダムにのし上がった。『新少林寺』でも、ジャッキーのコミカルなアクションは顕在。武術に疎い厨房係役のジャッキーが、子供の僧侶たちのアドバイスを受け、料理の動きを使ったオリジナルの拳法で、敵をなぎ倒していくシーンは圧巻だ。命懸けの緊迫した場面に直面しながらも、ユーモアを散りばめる演技は、ジャッキーの真骨頂と言えるだろう。
命懸けの緊迫した場面に直面しながらも、ユーモアを散りばめる演技は、ジャッキーの真骨頂と言えるだろう。其の三 ： 2億4000万円で再現、少林寺の大爆発シーンを見逃すな！！！495年に建立された少林寺は、建築物としても貴重。細部にもこだわったセットにも注目したいところだ。山門、天王殿、大雄寶殿という3つの主な殿堂で構成される「新」少林寺。鉄工、木工、左官、庭師、石工、塗装工などを含む150人の職人の手により、4カ月かけて、外観から建材、棟梁も含めて、本物の少林寺とそっくりに作り上げたという。また大雄寶殿の大仏は、高さ9.9メートル、重さが10トン近くもあり、慈悲深い仏の表情を作るために顔の彫刻だけで1カ月以上の時間を費やした。クライマックスシーンでは、このセットを舞台に、激しすぎる戦闘が繰り広げられる。「武」をもって「禅」を修めるという少林寺の思想を深く反映したラストシーンは、瞬き禁止だ。
「武」をもって「禅」を修めるという少林寺の思想を深く反映したラストシーンは、瞬き禁止だ。以上の3つの“極意”をもってすれば、『新少林寺』の面白さを十分堪能できるはずだ。この作品をきっかけに、頭を丸めて、中国へ旅立ってみるのもいいのでは？
この作品をきっかけに、頭を丸めて、中国へ旅立ってみるのもいいのでは？『新少林寺』Blu-ray＆DVDは、3月23日よりTSUTAYAのみでレンタル開始（発売は4月3日から）。・『新少林寺』Blu-ray&DVD紹介ページ - TSUTAYA ON LINE ・TSUTAYA Blu-ray&DVD『新少林寺』特集
【終了しました】原作者をも唸らせる仕上がりに期待！『るろうに剣心』舞台挨拶付きプレミア試写会にご招待
『るろうに剣心』舞台挨拶付きプレミア試写会にご招待和月伸宏のベストセラーコミック「るろうに剣心—明治剣客浪漫譚—」の実写映画『るろうに剣心』が8月25日より公開される。日本はもちろんのこと、世界中から注目を集めている話題作だ。
日本はもちろんのこと、世界中から注目を集めている話題作だ。本作の主人公・緋村剣心は、幕末に「人斬り抜刀斎」として恐れられていた伝説の剣客。彼は、明治という新しい時代の訪れとともに姿を消し、「不殺（ころさず）」の誓いをたて、流浪人として旅をしていた。ある日、神谷道場の師範代を務める薫を助けたことから、薫のもとで居候することになる。
ある日、神谷道場の師範代を務める薫を助けたことから、薫のもとで居候することになる。ちょうどその頃、街では剣心のかつての呼び名・抜刀斎を名乗った人斬り事件が勃発していた。
主演を務める佐藤健は「実写化するなら“彼”しかいない」と制作陣や原作者が熱望し、抜擢された。その他、武井咲、吉川晃司、蒼井優、江口洋介、香川照之ら豪華キャストが勢揃い。大河ドラマ「龍馬伝」の大友啓史監督が、原作者をも唸らせる作品を作り上げた。
大河ドラマ「龍馬伝」の大友啓史監督が、原作者をも唸らせる作品を作り上げた。今回、本作のキャストが登壇する舞台挨拶付きプレミア試写会に20組40名様をご招待。2011年12月に公開された本編映像は、世界136カ国からアクセスが殺到し、世界配給も視野に入れた展開が期待されている。世界中が注目する本作をいち早く鑑賞できるこの機会をお見逃しなく！
世界中が注目する本作をいち早く鑑賞できるこの機会をお見逃しなく！映画『るろうに剣心』は、8月22日（水）から24日（金）より先行上映が決定。8月25日（土）より全国ロードショー。
プレゼント概要
プレゼント概要映画『るろうに剣心』舞台挨拶付きプレミア試写会日時 8月15日（水）開場17:00／開演18:30場所 東京国際フォーラム ホールA（千代田区丸の内3-5-1）募集人数 20組40名様※キャストとスタッフの登壇を予定しています。
映画『るろうに剣心』舞台挨拶付きプレミア試写会日時 8月15日（水）開場17:00／開演18:30場所 東京国際フォーラム ホールA（千代田区丸の内3-5-1）募集人数 20組40名様※キャストとスタッフの登壇を予定しています。【応募期間】2012年7月19日（木）〜 8月5日（日）午後9時まで※当選者には、ツイッターのDM（ダイレクトメッセージ）でご連絡いたします。
【応募期間】2012年7月19日（木）〜 8月5日（日）午後9時まで※当選者には、ツイッターのDM（ダイレクトメッセージ）でご連絡いたします。【応募条件】・日本に居住されている方（賞品配送先が日本国内の方）。・応募に関する注意事項に同意いただける方。
・応募に関する注意事項に同意いただける方。【注意事項】※本キャンペーンに関して、弊社が不適切な行為がされていると判断いたしましたアカウントは、キャンペーン対象外とさせていただきます。※弊社は、応募いただいた方のツイート内容には一切の責任を負いません。※当選発表は、当選者様への当選のご連絡をもってかえさせていただきますので、ご了承ください。※当選通知後、4日間ご連絡がない場合は、当選を無効とさせていただきます。※当選結果に関するお問い合せは受け付けておりませんので、ご了承ください。※当キャンペーンの掲載内容や条件は、予告なく変更する場合がございます。あらかじめご了承ください。※当選の権利の譲渡はできません。※キャンペーン参加にあたっては、必ず弊社個人情報保護方針「プライバシーポリシー」をお読みください。※当選時にご連絡いただく住所、氏名、電話番号は、その確認などの関連情報のご案内のみに使用し、キャンペーン終了後は弊社の定める方法に基づき消去いたします。※インターネット通信料・接続料およびツイートに関しての全ての費用はお客様のご負担になります。※次の場合はいずれのご応募も無効となりますのでご注意ください。・応募時の内容に記載不備がある場合。・お客さまのご住所が不明、または連絡不能などの場合。
・お客さまのご住所が不明、または連絡不能などの場合。※本プレゼントは、終了しました※
作品情報
作品情報映画『るろうに剣心』 - 作品情報
その他のプレゼント
その他のプレゼント・剛力彩芽が日本語吹き替えを務める映画『プロメテウス』のスペシャルイベントにご招待
・ハリウッドも注目する“笑って泣ける”話題作『最強のふたり』ジャパンプレミアにご招待
・デンゼル・ワシントンが世界から狙われる！映画『デンジャラス・ラン』試写会にご招待
・“最強”のヒーローが日本上陸！『アベンジャーズ』ジャパンプレミアにご招待
・新たなヒロインは“美しい”暗殺者、映画『コロンビアーナ』試写会にご招待
2人の“エリカ様”が女優復帰会見でEXILEダンス披露 ケータイ専用放送局「BeeTV」にて2月1日より配信開始となる、沢尻エリカ女優復帰作として話題のドラマ『L et M わたしがあなたを愛する理由、そのほかの物語』。同ドラマのテレビCMが本日1月21日より全国にて放映開始。公式サイトでは“記者会見編”のCMと連動したWEBムービーが同時配信された。
公式サイトでは“記者会見編”のCMと連動したWEBムービーが同時配信された。『L et M わたしがあなたを愛する理由、そのほかの物語』は、見た目も性格も対照的な女性“絵瑠（エル／L）”と“絵夢（エム／M）”を主人公に展開する2つの物語から成るラブストーリー。仕事をバリバリこなし、キレイでカッコいいが、恋愛に関しては奥手な女性“絵瑠（エル／L）”。かたや、明るく可愛らしいが、恋愛に関しては、積極的で小悪魔タイプな女性“絵夢（エム／M）”。絵瑠と絵夢の前に現れる2人の男性との絡み合う恋愛事情を繊細且つリアルに描いている。
絵瑠と絵夢の前に現れる2人の男性との絡み合う恋愛事情を繊細且つリアルに描いている。ドラマでは、沢尻が1人2役を演じ、2つのラブストーリーが同時並行に進行。絵瑠と絵夢の違いについて、沢尻は「ファッションは本当に見たままです。絵夢はスイート系、絵瑠はグラマラス系です。恋愛観に関しても真逆の2人です。絵瑠はパッと見、できる女でちょっととっつきにくそうと思われがちだけれど、それとは裏腹に実は女の子らしさを秘めている。絵夢は天然的なものを持っていながら、恋愛にはとてもアグレッシブ。ある意味こういう女の子が“魔性の女”だと思います。絵夢みたいな女の子がきっと男性にモテるんじゃないかな？と。設定では絵瑠が28歳、絵夢が25歳と、絵瑠のほうが少しお姉さんなので、そのぶん人生の経験値が違うのかなと思いました。絵夢はまだまだ若いから、恋愛を通して様々な経験をして、ひとまわり大きくなれたのではないかと思います。絵瑠も今回の仕事や恋愛を経てステップアップして魅力的な女性に成長したと思います。」と述べている。
」と述べている。また、自身との共通点については「演じる前はどちらにも部分的に共感できる点があるように思えたのですが、演じてみると、ふたりとも私とは別人でしたね。演技していくと、新たな人間像が蓄積されていったり、そうすることで人生や役柄の方向性が若干修正されていくんです。それがお芝居の醍醐味でもあるのですが、演じる前に思い描いていた“こんな子なのかな？”という想定と自分自身とでは、ふたりともまったく違う感じでした。」とコメント。
」とコメント。最後に、本作の見所について「この作品は一話見終わるごとに次のストーリーが気になって仕方なくなる仕掛けみたいなものもありますし、気楽な気持ちで楽しめる作品になっていると思います。私もまだ本編を観られていないので、出来上がりが楽しみ。絵瑠と絵夢という真逆な女の子を演じ分けられたということも自負していますし、“この子はこういう子だな？”“こういう子いる”というかんじで、皆さんにも楽しんで頂けると思います」と意気込みを語った。
”“こういう子いる”というかんじで、皆さんにも楽しんで頂けると思います」と意気込みを語った。後にそれぞれの恋が絡み合っていく内容をわかりやすく解説するために、テレビCM“記者会見編”では、それぞれの役を演じた2人の沢尻エリカが同時に登場し、女優復帰会見に登壇。公式サイトではCMの続きを描く、完全版ムービーを同時配信しおり、重なりそうで重ならない2人の女性の役どころを表現するため、いつのまにか2人の沢尻エリカが重なりそうで重ならない動き＝EXILEダンス（Choo Choo TRAINのパロディ）を披露しており、今までのイメージにないコミカルな動きも見所になっている。
公式サイトではCMの続きを描く、完全版ムービーを同時配信しおり、重なりそうで重ならない2人の女性の役どころを表現するため、いつのまにか2人の沢尻エリカが重なりそうで重ならない動き＝EXILEダンス（Choo Choo TRAINのパロディ）を披露しており、今までのイメージにないコミカルな動きも見所になっている。沢尻エリカもCM企画を一緒に盛り上げようと綿密な打合せをし、セリフやキャラクター設定を徹底して撮影に挑み、「ドラマ本編の絵瑠と絵夢のキャラクターは生かしつつ、本編とはまったく関係のない、コケティッシュな仕上がりになっています。私はすごく好きな世界観なんです。」とCMのできあがりを大変気に入っている様子。
」とCMのできあがりを大変気に入っている様子。ドラマ配信開始日の2月1日からは、公式サイトで配信する“記者会見編”完全版ムービーにて、視聴者がボタンひとつでフォトセッションに参加し、動画から写真をキャプチャーできる新機能も追加される。
・ 「BeeTV」特集ページ - MOVIE ENTER・L et M わたしがあなたを愛する理由、そのほかの物語 - BeeTV
・ 「BeeTV」特集ページ - MOVIE ENTER・L et M わたしがあなたを愛する理由、そのほかの物語 - BeeTV■関連記事 ・沢尻エリカが約４年半ぶりの女優復帰「いい女って何だろう？」
【週末映画まとめ読み】小西真奈美、真木よう子、池脇千鶴、選ぶならどのタイプ？ ＜11月19日号＞ 今週1週間に起こった出来事を振り返る「週末映画まとめ読み」。11月第2週の映画動員ランキングは、三谷幸喜監督の『すてきな金縛り』が3週連続で首位をキープ。累計成績で動員180万人、興収22億円を突破したそうです。その後を『カイジ2 〜人生奪回ゲーム〜』、ブラッド・ピット主演の『マネーボール』が続いています。そのほか、『インモータルズ -神々の戦い-』、『コンテイジョン』も初登場でトップ10にランクインしました。詳しくは、下記のランキングをチェック！ ・11月第2週の映画動員ランキング 11月19日からは『指輪をはめたい』『アントキノイノチ』など邦画の話題作が続々と公開されます。「オトナ女子映画部」では、山田孝之主演の『指輪をはめたい』を、一足先に鑑賞してきました。記憶喪失の主人公（山田）の前に、小西真奈美、真木よう子、池脇千鶴が演じる3人の美女が恋人宣言！本当の恋人は誰だったのかを探るドタバタのラブコメディです。山田のコミカルな演技に笑いつつも、最後は「人を愛する」事について考えさせられたそうです。美女3人、あなたなら誰を選びますか？ ・【オトナ女子映画部】恋愛に過去や背景は不必要？シンプルに人を愛す『指輪をはめたい』
シンプルに人を愛す『指輪をはめたい』もう一つ、MOVIE ENTER!オリジナルのコンテンツを紹介します。今週からマンガ連載「いちおう妖ヶ劇場」がスタートしています。主人公は、元大富豪の娘・勅使河原 栄華（てしがわら えいか）。ボロアパートに引っ越してきた栄華は、アパートの住人・ネコ仙人に、突然、住人にふさわしいかどうかをテストされます。その意外すぎるテスト内容とは……？ ・【いちおう妖ヶ劇場】第1話：お嬢様が妖怪アパートへ用かい？の巻
フランスの美人女優マリオン・コティヤールが、動画インタビューで映画『コンテイジョン』への出演秘話を語っています。スティーブン・ソダーバーグ監督への敬意であふれたインタビューは必見です。タレントの優香が、長編アニメーション映画『ももへの手紙』で、声優として美山加恋演じる主人公の母親役に挑戦しています。抜擢の決め手は、コント出演経験？ ・動画インタビュー：マリオン・コティヤール「細菌恐怖症ではなないけれど、いつも気にしているわ」 ・コント出演経験が決め手か!? 優香が長編アニメ映画の声優に抜擢される
・動画インタビュー：マリオン・コティヤール「細菌恐怖症ではなないけれど、いつも気にしているわ」 ・コント出演経験が決め手か!? 優香が長編アニメ映画の声優に抜擢されるそのほか、美人女優のニュースはこちら。・武井咲とクリスマスを一緒に過ごし、彼女の誕生日を祝う方法 ・鈴木亜美がイメージ一新、大人の色気たっぷりの大胆な“高級コールガール”に
世界累計興行収入が18億ドル（1450億円）を突破した『トワイライト・サーガ』シリーズ第4弾のプレミアイベントが、ロサンゼルスで行われました。会場は大変な熱狂ぶりで、5日間テントで泊まり込みをするファンもいたのだそう……。右写真の皆さんとなら、泊り込みも苦ではないかも！？ちなみに、12月から「LaLa TV」で放送されるリアリティ・ドラマ「SHIBUHARA GIRLS 2」に出演する皆さんです。詳しくは、下記の記事をチェック！ ・キャストの職業、名前、恋愛やケンカ、すべてが“リアル”なドラマ ・ロサンゼルスでトワイライト現象！映画のために5日間テントで泊まり込み
ドラマといえば、海外ドラマ『クリミナル・マインド／FBI vs.異常犯罪』のシーズン5も、MOVIE ENTER!で特集を展開中ですので、こちらの解説を参考に、ぜひチェックして欲しいです！ ・シーズン5・解説 −怪物との戦い、そのピーク− ・『クリミナル・マインド／FBI vs.異常犯罪 シーズン5』特集 - “FBI行動分析課”に学ぶビジネス術
そのほか、こんなニュースもありましたよ！・雨上がり決死隊の宮迫が、息子と対決 ・“イクメン”中山秀征「本当の強さは、親子の縁を大切にすること」 ・三浦友和、百恵さんとの夫婦関係を告白 ・BeeTV『モテキ』が500万DL突破！久保ミツロウ書き下ろし特製待受をプレゼント ・全世界63ヶ国で1位獲得『ワイルドスピード MEGA MAX』が早くもブルーレイ＆DVDに
久保ミツロウ書き下ろし特製待受をプレゼント ・全世界63ヶ国で1位獲得『ワイルドスピード MEGA MAX』が早くもブルーレイ＆DVDに19日には、前述の『指輪をはめたい』『アントキノイノチ』のほか、アンディ・ラウ主演の『新少林寺』や、ザ・ビートルズのギタリスト、ジョージ・ハリスンのドキュメンタリー『ジョージ・ハリスン／リヴィング・イン・ザ・マテリアル・ワールド』など、30代後半以上の皆さんの郷愁を誘うような作品が公開されます。篠崎愛主演の『パンツの穴 THE MOVIE 童貞喪失ラプソディ』にも懐かしさを感じますね。ただ、劇場窓口でのチケット購入は、ハードル高そうです。日別映画ニュースまとめ：14日（月）｜15日
日別映画ニュースまとめ：14日（月）｜15日（火）｜16日（水）｜17日（木）｜18日（金）
【DVDエンター！】美しき優等生が自慰行為、レズビアン・セックスに挑戦 今年5月の公開以降、約180万人を動員し、初登場1位を獲得。ナタリー・ポートマンの第83回アカデミー賞主演女優賞をはじめ、数々の主要映画賞を席巻した『ブラック・スワン』。公開からわずか4ヶ月足らずで9月7日、美と狂気がせめぎあう衝撃的サスペンスがブルーレイ＆DVDとなって発売されました。
公開からわずか4ヶ月足らずで9月7日、美と狂気がせめぎあう衝撃的サスペンスがブルーレイ＆DVDとなって発売されました。『ブラック・スワン』 ニューヨーク・シティ・バレエ団に所属するニナは『白鳥の湖』のプリマに抜擢。ただし芸術監督ルロイの演出で、純真な白鳥と邪悪な黒鳥との2役を演じなければならない。優等生タイプのニナは黒鳥をうまく演じることができず、しだいに精神的に混乱していく。
優等生タイプのニナは黒鳥をうまく演じることができず、しだいに精神的に混乱していく。純真な“白鳥”が、魔性に染まった邪悪で官能的な“黒鳥”へと変身 チャイコフスキーの流麗な戦慄に彩られ、幻想的な世界が繰り広げられる「白鳥の湖」。このあまりにも有名なバレエの演目をモチーフに、想像を絶する衝撃的な作品が誕生しました。ナタリー・ポートマン演じる主人公ニナは、元ダンサーの母親の寵愛のもと、人生のすべてをバレエに捧げてきた、純真な“白鳥”にふさわしい可憐なバレリーナです。優等生タイプの彼女がプリマの座を射止めるために、魔性に染まった邪悪で官能的な“黒鳥”への変身を迫られます。
優等生タイプの彼女がプリマの座を射止めるために、魔性に染まった邪悪で官能的な“黒鳥”への変身を迫られます。さらに追い打ちをかけるように、ニナの前にはライバルとして、“黒鳥”に相応しく奔放な新人ダンサー、リリー（ミラ・クニス）が出現。精神的に追い詰められ、極度の混乱に陥ったニナは、現実と悪夢の狭間をさまよい、自らの心の闇に囚われていきます…。
精神的に追い詰められ、極度の混乱に陥ったニナは、現実と悪夢の狭間をさまよい、自らの心の闇に囚われていきます…。自慰行為やレズビアン・セックスなど、過激なシーンに体当たりで挑戦 「優雅に泳ぐ白鳥も、水面下では激しく足を動かしている」との有名なフレーズもありますが、トウシューズで爪先立ちしてターンを繰り返すバレリーナの姿は、精密機械のように美しく完璧に見える一方で、今にも壊れてしまいそうな脆さや儚さ、内在する痛みを連想させます。ナタリーは、10ヶ月に及ぶ過酷なトレーニングでバレリーナ特有のしなやかな肉体を獲得し、劇中の舞踊シーンの大半を自らこなしました。美しく、臆病で繊細な“白鳥”から一転して、情熱的に誘惑し、力強く威圧的な悪の化身“黒鳥”へと。観客を威嚇するかのように充血した目を見開き、漆黒の羽根を広げて舞い続ける姿は圧巻です。
観客を威嚇するかのように充血した目を見開き、漆黒の羽根を広げて舞い続ける姿は圧巻です。1994年公開の『レオン』で殺し屋と心を通わす少女役で鮮烈なデビューを果たし、1999年公開の「スター・ウォーズ」新三部作でヒロインの女王を演じたナタリー。セクシー系の映画は出演NGと、純粋な役柄が多かった彼女が、本作では自慰行為やレズビアン・セックスなどの過激なシーンに体当たりで挑戦。過保護な母親との決別、少女から大人の女性へと成長していく感情の揺れや、女性の二面性を垣間見ることができます。
過保護な母親との決別、少女から大人の女性へと成長していく感情の揺れや、女性の二面性を垣間見ることができます。ニナのライバル役リリーを演じたミラ・クニスですが、実際はナタリーとは親友の間柄。
ニナのライバル役リリーを演じたミラ・クニスですが、実際はナタリーとは親友の間柄。10月1日公開の映画『ステイ・フレンズ』では、歌手であり『ソーシャル・ネットワーク』（2010年）への出演など俳優としても活躍するジャスティン・ティンバーレイクとの共演を果たし、セックス・フレンドとして関係を結んでいます。
・ブラック・スワン - 作品情報 ブラック・スワン 3枚組DVD＆ブルーレイ＆デジタルコピー（DVDケース）〔初回生産限定〕posted with amazlet at 11.09.1020世紀フォックス・ホーム・エンターテイメント・ジャパン (2011-09-07) 売り上げランキング: 84 Amazon.co.jp で詳細を見る
禁断の実験で蘇った“フラン犬”、7つの秘密が明らかに 『アリス・イン・ワンダーランド』『ナイトメア・ビフォア・クリスマス』をはじめ、圧倒的にユニークな世界観で世界中の映画ファンの心をとらえ続けるティム・バートン監督。この冬、映画を愛するすべての人に彼が贈る最高のプレゼントが、ディズニー史上最も奇妙な白黒3Dワンダー・ランド『フランケンウィニー』だ。
この冬、映画を愛するすべての人に彼が贈る最高のプレゼントが、ディズニー史上最も奇妙な白黒3Dワンダー・ランド『フランケンウィニー』だ。本作は、天才科学少年ヴィクターが不慮の事故で命を落としてしまった愛犬スパーキーを“禁断の実験”で甦らせてしまったことから、彼らが住む小さな町に起こった大騒動を描いた作品。ティム・バートン監督自身の少年時代の愛犬との思い出がヒントになったという、天才科学少年ヴィクターと無邪気な“フラン犬（ケン）”スパーキーの友情を中心に、バートン作品ならではの世界観と不思議キャラ達が繰り広げるダークな笑いと感動の物語となる。最新映像テクノロジーと、ぬくもりあふれるストップモーション・アニメーションを融合し、誰も観たことがない“白黒3D”長編映画として誕生した夢のプロジェクト。
最新映像テクノロジーと、ぬくもりあふれるストップモーション・アニメーションを融合し、誰も観たことがない“白黒3D”長編映画として誕生した夢のプロジェクト。本日より解禁となった予告篇では、禁断の実験で甦った“フラン犬”スパーキーの映像が遂に公開され、陽気で無邪気なスパーキーの秘密が明らかに！？
？“スパーキー”7つの秘密1. “死んだこと”に、気付いていない…2. 背中の一部はかわいい水玉模様3. 首元から“電気”で“元気”を充電4. ボルトから、強烈な“感電ショック”5. 水を飲むと、つぎはぎから“噴水”6. シッポを振ると、ポロっと“取れちゃう”7. 少年ヴィクターは“永遠の親友”
“スパーキー”7つの秘密1. “死んだこと”に、気付いていない…2. 背中の一部はかわいい水玉模様3. 首元から“電気”で“元気”を充電4. ボルトから、強烈な“感電ショック”5. 水を飲むと、つぎはぎから“噴水”6. シッポを振ると、ポロっと“取れちゃう”7. 少年ヴィクターは“永遠の親友”フランケンウィニー - 公式サイト
【元気東北・山形編】田舎がないのに懐かしいと思ってしまう理由 震災復興で頑張っている東北を応援する「東北・映画で元気に復興」特集。東北を舞台にした映画を紹介するこの企画、第2回目は、山形の映画『おもひでぽろぽろ』をご紹介。岡本螢・刀根夕子の漫画を原作に、スタジオジブリが映画化した名作である。主人公のタエ子の声は、今井美樹が。そして、山形で有機栽培農業をする青年トシオの声を柳葉敏郎が務めた。
そして、山形で有機栽培農業をする青年トシオの声を柳葉敏郎が務めた。『おもひでぽろぽろ』 東京の会社に勤務する岡島タエ子は東京生まれの東京育ち。小学生の頃から田舎に憧れていて、田舎で農作業を手伝うことが趣味となっている。ある日、休暇を取り、結婚した姉の夫の親戚の家に、農業を手伝いに行くことに。親戚のいる山形までの道中、小学校5年生の時代を思い出す。
親戚のいる山形までの道中、小学校5年生の時代を思い出す。田舎に憧れて熱海に連れて行ってもらったこと、淡い小学生の恋物語、スターへの夢など、思い出があふれ出す——。
田舎に憧れて熱海に連れて行ってもらったこと、淡い小学生の恋物語、スターへの夢など、思い出があふれ出す——。【元気のポイント】農業への熱い想いと芯の強さ タエ子の小学生の時代は、1966年。監督・脚本を担当した高畑勲は当時の様子を徹底的にリサーチした。ブラウン管テレビの中に登場する「ひょっこりひょうたん島」は、資料がほとんど残っておらず、偶然録音していたカセットの持ち主を探し出し再現させた。そんな苦労の末つくられた映像は、リアルさを感じる。そこがこの映画の見どころではあるが、今回はもう一つ。トシオについて注目したい。
トシオについて注目したい。会社勤めをやめて、有機栽培農業をする山形の青年トシオが結構良いことを言う。「生き物を育てるのは面白い。」というトシオに対して、タエ子は「畜産？」と聞く。しかし「稲だってリンゴだって生き物でしょ。」と言い、大事に愛情かけて育てると返してくれるので嬉しいと農業についての情熱を語る。また「農業は今、大変なんでしょ。」という問いに対して「大変、大変と言うけど、一生懸命やっている仕事で大変でないものなんてないでしょ。それは都会の仕事でも同じじゃないですか。」と自らの苦労を語ろうとしない。過疎化や減反など大変なことがあっても、それを嘆くのではなく、山形を農業を愛し、自分のできることを強い芯を持ってやる。その心は都会に住むものを含め、大きく学ぶところがある。
その心は都会に住むものを含め、大きく学ぶところがある。【東北文化】伝統ある山形のベニバナ栽培 この映画で、タエ子が山形に行く目的はベニバナ摘みをするため。江戸初期、山形は質・量とも日本一の紅花産地として栄え、最盛期には全国の6割を占めたらしい。当時の栽培、加工製造や出荷、流通の様子が「紅花屏風」という文化財に記されている。だが、残念なことに劇中でトシオが「最近では少なくなった」という通り、明治に入ると中国紅花や外国産の化学染料が多く入ってきて、紅花生産は衰退してしまう。ただ近年、この伝統文化を守ろうという動きもある。本物志向の染めものとして、リノール酸を多く含み動脈硬化症の予防の食用油として再び注目を集めようとしている。山形県の県花としても指定されている。7月上旬から中旬頃にかけて、畑一面に咲き乱れるベニバナを見ることができる。今年の夏は山形に足を運びベニバナ観賞をするのはいかがだろうか。
【まとめ】田舎はなぜ懐かしくかんじるのか どこか田舎へ旅行した時に「落ち着く」「懐かしい」という気持ちになったことはないだろうか。別に田舎生まれでもないのに、そう感じるのはなぜだろうか。東京生まれ東京育ちのタエ子もそう感じた。その答えをトシオは「田舎の景色は人間につくったもの」だからだと言う。森も林も小川も人間が自然と戦ったり、自然からいろんなものをもらったりしているうちにできあがった景色。つまり人間がつくった景色だから「懐かしい」という気持ちになるのだそうだ。確かにそう言われると納得する。人間と自然がうまく助け合い生きてきてつくられた東北の美しい景色、我々はこれを絶やしてはいけない。
人間と自然がうまく助け合い生きてきてつくられた東北の美しい景色、我々はこれを絶やしてはいけない。・「東北・映画で元気に復興」特集 おもひでぽろぽろ [DVD]posted with amazlet at 12.03.05ブエナ・ビスタ・ホーム・エンターテイメント (2003-03-07) 売り上げランキング: 3020 Amazon.co.jp で詳細を見る
【DVDエンター！】アメリカ政府が極秘に輸送した“誰にも話してはいけない秘密” 1982年の公開から15年間に渡り映画史上最大の興行収入を記録した『E.T.』や、『スタンド・バイ・ミー』（1986年）などと並び“不朽の名作”と称され、今年6月に劇場公開された映画『SUPER ８／ス−パーエイト』。“映画界の巨匠”スティーブン・スピルバーグと“仕掛けの天才”J.J.エイブラムスが初めてタッグを組み、全世界が注目した極秘プロジェクトムービーは、動員100万人を突破し、3週連続で1位を獲得。その『SUPER ８／ス−パーエイト』が12月2日、ブルーレイ＆DVDとなって発売されました。
その『SUPER ８／ス−パーエイト』が12月2日、ブルーレイ＆DVDとなって発売されました。ＳＵＰＥＲ８／スーパーエイト '79年、合衆国政府はネバダ州の空軍基地エリア51を閉鎖。すべての研究素材はオハイオ州の別施設に極秘のうちに列車で移送されようとしていた。だが、列車が事故に遭い、荷の中から“何か“が姿を現わす。スーパー8ミリ・フィルムが捕えていた、その正体とは!?
スーパー8ミリ・フィルムが捕えていた、その正体とは!?『SUPER ８／スーパーエイト』とは？スーパーエイトとは、1965年にコダックが発売したカセット式のフィルム、カメラで、多くのメーカーがこの方式のカメラを発売しました。物語は、８ミリ映画の撮影に夢中になっている主人公たちが撮影中に偶然、アメリカが隠す"何か”を秘密軍事施設から輸送していた列車の脱線事故に巻き込まれ、その一部始終を撮影してしまったことから始まります。
物語は、８ミリ映画の撮影に夢中になっている主人公たちが撮影中に偶然、アメリカが隠す"何か”を秘密軍事施設から輸送していた列車の脱線事故に巻き込まれ、その一部始終を撮影してしまったことから始まります。実は、スティーブン・スピルバーグとJ.J.エイブラムスの出会いも、8ミリ映画がきっかけ。J.J.が16歳の時、８ミリ映画コンテストに出品した作品がLAタイムズで取り上げられ、その記事を読んだスピルバーグは、自身が15歳の時に撮影した8ミリ映画を編集して完成させて欲しいとオファー。J.J.は感動を覚えながら、その依頼をこなしたそうです。
J.J.は感動を覚えながら、その依頼をこなしたそうです。アメリカ政府が極秘に輸送した“誰にも話してはいけない秘密” スピルバーグが“一番個人的な作品”と語る『E.T.』をはじめ、UFOや宇宙人を題材にした映画は数え切れません。『スタートレック』などの監督も務めたJ.J.エイブラムスの製作により公開された映画『クローバーフィールド』では、冒頭で「本編はアメリカ国防総省が保管している記録映像である」と説明。家庭用のビデオカメラによって撮影された映像には、自由の女神の頭部を破壊した謎の巨大生物が、世界最強を誇るアメリカ軍の攻撃をものともせず、ニューヨークの摩天楼を蹂躙する姿が収められていました。
家庭用のビデオカメラによって撮影された映像には、自由の女神の頭部を破壊した謎の巨大生物が、世界最強を誇るアメリカ軍の攻撃をものともせず、ニューヨークの摩天楼を蹂躙する姿が収められていました。『SUPER ８／スーパーエイト』でアメリカ政府が極秘に輸送していた“何か”とは、人類の“友だち”あるいは“破壊者”なのか？そして、その秘密を目撃してしまった少年たちの運命は如何に？
そして、その秘密を目撃してしまった少年たちの運命は如何に？“不朽の名作”と絶賛されるワケ 物語の主役は、どこにでもいる普通の子どもたち。主人公の14歳の少年ジョーは母親を事故で亡くし、父との二人暮らしで、８ミリ映画に出演する少女アリスに密かに想いを寄せています。そのアリスも母親に愛想をつかされた父との二人暮らしで、８ミリ映画の監督を務めるチャールズの他、トラブルメーカーのケアリー、気弱なマーティン、マイペースなプレストンといった登場人物が、物語にリアリティを与えています。誰もが一度は幼年期に体験したであろう、友だちとの冒険や、淡い恋。スティーブン・スピルバーグとJ.J.エイブラムスが“映画を愛する全ての人へ捧げる”と語る『SUPER ８／スーパーエイト』が、“不朽の名作”と称される理由は、最近の作品では感じられなくなってしまった、幼い頃に観た映画の素晴らしさを思い出させてくれる点にあるのではないでしょうか。
スティーブン・スピルバーグとJ.J.エイブラムスが“映画を愛する全ての人へ捧げる”と語る『SUPER ８／スーパーエイト』が、“不朽の名作”と称される理由は、最近の作品では感じられなくなってしまった、幼い頃に観た映画の素晴らしさを思い出させてくれる点にあるのではないでしょうか。・『SUPER ８／スーパーエイト』特集ページ - MOVIE ENTER SUPER 8/スーパーエイト [DVD]posted with amazlet at 11.12.04パラマウント ホーム エンタテインメント ジャパン (2011-12-02) 売り上げランキング: 230 Amazon.co.jp で詳細を見る
・『SUPER ８／スーパーエイト』特集ページ - MOVIE ENTER SUPER 8/スーパーエイト [DVD]posted with amazlet at 11.12.04パラマウント ホーム エンタテインメント ジャパン (2011-12-02) 売り上げランキング: 230 Amazon.co.jp で詳細を見るM：Iシリーズ最新作が世界各国で好発進！全世界で累計1120億円以上の興行収入をあげたミッション・シリーズ待望の最新作『ミッション：インポッシブル／ゴースト・プロトコル』が12月16日より、日本をはじめ、世界36カ国で大ヒットスタートを記録した。日本では、343館で636本が公開され、3日間で7億2,583万円の好発進。土日のメイン館となるTOHOシネマズ日劇では、満席が相次ぐ事態になるほどの人気ぶりだった。アメリカでは、公開初日にI MAX限定（425館）で公開。USでの週末限定公開の興収新記録を樹立し、BOX OFFICEランキングでも3位を記録するなど、幸先の良いスタートを切った。日本の他、韓国、オーストラリア、ドイツ、ロシア、フランス、スペイン、アラブ首長国連邦、インドなどでも第1位を記録し、世界36カ国の週末興行成績は3日間で約50億円にもなり、世界中が本作で沸いた週末となった。
日本の他、韓国、オーストラリア、ドイツ、ロシア、フランス、スペイン、アラブ首長国連邦、インドなどでも第1位を記録し、世界36カ国の週末興行成績は3日間で約50億円にもなり、世界中が本作で沸いた週末となった。本作は、トム・ハンクス演じるイーサン・ハントがドバイ、モスクワ、ムンバイ、ブタベスト、バンクーバーを舞台に、史上最大で最難関のミッションに挑む物語。ロシアのクレムリンで爆破事件が発生し、IMF（極秘スパイ組織・不可能作戦班）のイーサン・ハントとそのチームに容疑がかけられる。米大統領は政府が事件に関与した疑いを避けるため、イーサンたちは、IMFから登録を抹消されてしまう。国や組織という後ろ盾を失ったままミッションの遂行を余儀なくされる。失敗すれば、凶悪テロリストとして全世界に指名手配されてしまう。幾重にも張り巡らされた罠と裏切りの影、そして、次第に明らかになるミッションの真の目的とは何なのか。
幾重にも張り巡らされた罠と裏切りの影、そして、次第に明らかになるミッションの真の目的とは何なのか。このままの勢いで、さらに記録を伸ばすことはできるのだろうか。映画『ミッション：インポッシブル／ゴースト・プロトコル』は、TOHOシネマズ日劇ほかで全国大ヒット公開中。
映画『ミッション：インポッシブル／ゴースト・プロトコル』は、TOHOシネマズ日劇ほかで全国大ヒット公開中。・映画『ミッション：インポッシブル／ゴースト・プロトコル』 - 作品情報【関連ニュース】・制限時間は27時間！トム・クルーズに与えられたミッションとは・ハリウッド絶賛のコラボ、『M：I』最新作が布袋色に染まる・トム・クルーズから日本へ緊急ミッション「スパイを探せ！」
大阪の商人はベルセルクがお好き？ガッツに続きグリフィスともコラボ全世界累計3300万部を超えるダークファンタジー超大作コミックを映画化した『ベルセルク 黄金時代篇II ドルドレイ攻略』が6月23日より全国公開となる。その公開に先駆けて大阪梅田の人気セレクトショップが揃う最先端ショッピングビル「イーマ」とのコラボレーションが決定した。「イーマ」と映画『ベルセルク』のコラボは、今年1月の初売りセールで主人公ガッツが広告キャラクターとして起用されて以来2回目。前回のコラボが好評だったことから、6月12日よりスタートする夏のキャンペーンでも実施が決定した。内容は「イーマ」のショッピングバッグを片手に微笑む鷹の団の団長グリフィスのポスターが広告ビジュアルとして掲出されるほか、南エントランスでは、映画『ベルセルク 黄金時代篇II ドルドレイ攻略』のテーマとなる「さらば、グリフィス」のキーワードをもとに、グリフィスをテーマにしたエキシビジョンを展開する。また、6月16日には、ガッツ役の岩永洋昭、グリフィス役の櫻井孝宏らをゲストに迎えたトークイベントも実施予定だ。この「映画『ベルセルク』×イーマ夏のキャンペーンコラボ」は、6月12日から7月8日までの期間で行われる。前回よりパワーアップしたコラボにより、大阪の夏を盛り上げる。なお、作品はイーマ内にある映画館、梅田ブルク7でも上映される。
なお、作品はイーマ内にある映画館、梅田ブルク7でも上映される。『ベルセルク 黄金時代篇II ドルドレイ攻略』は、6月23日（土）より 全国ロードショー。『ベルセルク 黄金時代篇III 降臨』は、2012年冬公開予定。
『ベルセルク 黄金時代篇III 降臨』は、2012年冬公開予定。・『ベルセルク 黄金時代篇II ドルドレイ攻略』公式サイト・『ベルセルク 黄金時代篇II ドルドレイ攻略』作品情報【MOVIE ENTER おすすめ記事】・「さらば、グリフィス」、『ベルセルク』前売り特典に刻まれた言葉の意味は？・『ベルセルク』ファン必見、キャラクターのレアアイテムが登場・最愛の友との別れは破滅への序曲となる！『ベルセルク』パート2の予告映像が解禁・金環日食に反応したか、ベルセルクのベヘリットが期間限定で血の涙を流す
ローラが1泊200万円の高級ホテルで高田純次を超えるテキトーな会見 「映画観てないだろー」と集まったカメラマンが、ローラへ一言。記者会見場は爆笑となる。
記者会見場は爆笑となる。2月3日公開となる映画『ペントハウス』のイベントが、六本木の高層階ラグジュアリーホテルで行われた。ゲストには、その立ち振る舞いや発言から「ペントハウスに住んでいてもおかしくない」というイメージのタレント・ローラが招かれた。
ゲストには、その立ち振る舞いや発言から「ペントハウスに住んでいてもおかしくない」というイメージのタレント・ローラが招かれた。・イベント写真一覧
映画『ペントハウス』は、ほんのひと握りの超富裕層だけが入居を許される全米一の最高級マンション〈ザ・タワー〉の管理マネージャーであるジョシュ（ベン・スティラー）が、最上階のペントハウスで優雅に暮らす大富豪アーサー・ショウに全財産をだまし取られていた事から始まる物語。ジョシュは、同じくだまされた使用人たちの大切なお金を取り戻すために、泥棒のスライド（エディ・マーフィ）たちと協力して、厳重なセキュリティ設備とFBIの監視の目が光る難攻不落のペントハウスに潜入しショウの隠し財産を根こそぎ奪い去る作戦を思いつく。
8000万円相当のネックレスをはじめとして総額1億円のアクセサリを身に着けて登場したローラ。今回イベントが行われたホテルの部屋は、地上240メートル、一泊の料金が200万円以上。値段を聞いたローラは「とってもウキウキ！」と驚きと共ににこやかな笑顔を見せた。続いて「何を食べようかな〜」という不思議発言。あくまでイベントで使用するだけで、ローラが泊まることができるというわけではない。出だしから不思議コメントが炸裂した。
出だしから不思議コメントが炸裂した。司会からのストーリーを教えてくださいと言われると、ローラは少し考え込み「主人公がかっこいい！」とテキトー発言。その様子に集まったカメラマンから「映画観てないだろー」「嘘はダメよ」という言葉が飛び交い大爆笑。逆に、会見場は和やかな雰囲気となった。
逆に、会見場は和やかな雰囲気となった。その後も「大富豪とペントハウスの使用人どちらがしたい？」という質問に対して「使用人」と答えるものの司会から「大富豪じゃなくて良いのですか？」と言われて「じゃ、やっぱり大富豪」とあっさり意見をかえたり、大金を手に入れた時の使い道に質問されて「島を買う」と言ったところまでは良いが、続けて「猫のベッドとおいしいフライパン」などスケールの小さなコメントをするなど、高田純次にも負けないテキトー発言で会場を沸かせた。
」と言われて「じゃ、やっぱり大富豪」とあっさり意見をかえたり、大金を手に入れた時の使い道に質問されて「島を買う」と言ったところまでは良いが、続けて「猫のベッドとおいしいフライパン」などスケールの小さなコメントをするなど、高田純次にも負けないテキトー発言で会場を沸かせた。また「増税について」という難しい質問については「増税反対という看板を下げて原宿を歩こうかな」と発言。本当に歩いている姿をぜひ見てみたいものだ。
本当に歩いている姿をぜひ見てみたいものだ。最後に、プレゼントとしてエディ・マーフィ似のスタッフから「金の延べ棒」の山がローラの前に運ばれた。喜ぶローラだったが、実は本物は一番上のみ。他は、バレンタインデーも近いことかチョコレートでできていた。ローラは謙虚に「二つだけもらっていく」とチョコを手に取り笑顔でイベントの幕が閉じた。
ローラは謙虚に「二つだけもらっていく」とチョコを手に取り笑顔でイベントの幕が閉じた。映画『ペントハウス』は、2月3日(金) TOHOシネマズ有楽座 他 全国ロードショー。・『ペントハウス』-作品情報-
【MOVIE ENTER おすすめ記事】・“無名の新人”ルーニー・マーラ、大女優と並びアカデミー主演女優賞にノミネート
・かわいいパンダ写真37枚、仕事の合間に見て癒される
・『荒川アンダーザブリッジ』プレミアイベントに林遣都、桐谷美玲、安倍なつみらキャストが大集合
・ケイト・ベッキンセール主演『アンダーワールド 覚醒』が全米初登場1位
大小逆転の生物に仰天！ 『センター・オブ・ジ・アース2 神秘の島』の予告映像公開 東京ディズニーシーの人気アトラクション「センター・オブ・ジ・アース」の世界が再び！ 映画『センター・オブ・ジ・アース』の続編『センター・オブ・ジ・アース2 神秘の島』の予告映像とポスター画像が公開された。ジュール・ヴェルヌの冒険小説「地底旅行」を原作にした本作は、主人公のショーン・アンダーソン（ジョシュ・ハッチャーソン）のところに、信号が存在するはずもない謎の島からコード化された遭難信号が届いたことから始まる。ショーンと、彼の新たな義父であるハンク、ヘリコプターのパイロットのガバト（ルイス・ガスマン）、その娘のカイラニ（ヴァネッサ・ハジェンズ）と共にその島を探し出そうと冒険へ出る。そして、遂に見つけた“神秘の島”には、巨大なトカゲ、巨大蜂、小さな象などの大小サイズ逆転の奇天烈な生物、ゴールドの山、アトランティス、そして驚くべき秘密が隠されていた。だが、その島は、衝撃波によって島とそこに潜む数々の宝が永遠に海底に沈もうとしていた……。今回、公開された予告映像がこちら。
今回、公開された予告映像がこちら。ショーンを演じるのは、『キッズ・オールライト』のジョシュ・ハッチャーソン。ハンクは、プロレスラーで俳優業も務めるドウェイン・ジョンソンが演じる。その他、『ダークナイト ライジング』にも出演するマイケル・ケイン、『セックス・アンド・ザ・シティ』のクリスティン・デイビス、ルイス・ガスマン、ヴァネッサ・ハジェンズという個性派キャストが勢揃いしている。
その他、『ダークナイト ライジング』にも出演するマイケル・ケイン、『セックス・アンド・ザ・シティ』のクリスティン・デイビス、ルイス・ガスマン、ヴァネッサ・ハジェンズという個性派キャストが勢揃いしている。神秘の島に隠された秘密とは何なのか。迫力ある映像に注目したい。
迫力ある映像に注目したい。映画『センター・オブ・ジ・アース2 神秘の島』は、3月31日（土）より新宿バルト9、梅田ブルク7ほか全国ロードショー。
【MOVIE ENTERおすすめニュース】 ・ぐっさんが中村昌也を吹っ飛ばし大暴れ！ 4人がかりでも止められないほどの大乱闘
4人がかりでも止められないほどの大乱闘・【DVDエンター！】三浦春馬を取り巻く3人の美女、暖かい公園のように身近で大切な存在
・伝説のロックバンド「ピンク・フロイド」を爆音で楽しむ
・美女をめぐる史上最大の“職権乱用”バトルが勃発！
・有言実行の男、ジュード・ロウが自信作を引っ提げ来日決定
ロサンゼルスでトワイライト現象！映画のために5日間テントで泊まり込み 原作本の売り上げが世界で1億冊、映画シリーズの世界累計興行収入が18億ドル（1,450億円）を突破した人気作の『トワイライト・サーガ』。シリーズ第4弾となり、いよいよ最終章となる『トワイライト・サーガ／ブレイキング・ドーン Part1』のプレミアイベントがロサンゼルスのノキアシアターにて行われた（イベント写真一覧）。
シリーズ第4弾となり、いよいよ最終章となる『トワイライト・サーガ／ブレイキング・ドーン Part1』のプレミアイベントがロサンゼルスのノキアシアターにて行われた（イベント写真一覧）。今回の最終章では、人間の少女ベラとヴァンパイアのエドワードが織り成す禁断の恋がついにクライマックスを迎える。結婚と出産、そして新たなる敵との戦いが描かれる。“不滅の子”と呼ばれる、決して作ってはいけない危険な子。ベラとエドワードの子は、世界中のヴァンパイア、オオカミ族、そして人類の運命を変えてしまうのか——。
ベラとエドワードの子は、世界中のヴァンパイア、オオカミ族、そして人類の運命を変えてしまうのか——。11月18日の全米公開に先駆けて行われたこのUSプレミア。プレイベントとして、11月10日よりシリーズ3部作を3夜連続で上映。13日には「トワイライト・ファン感謝デー」を開催致し、会場にはドイツやフランス、オーストラリアなど世界各地から多くの「トワイライト」ファンが集まった。中には、会場まわりにテントを張るなどして、5日間にわたり泊まり込みで待っていたという人もいた。
中には、会場まわりにテントを張るなどして、5日間にわたり泊まり込みで待っていたという人もいた。＜ファンたちの声＞・母娘で来たファン「娘は学校を2日休むことになるが、特別な日だから許している」・オーストラリアから来た女の子3人組「このプレミアに来るために使ったお金は6000ドル！」・一番早く並んだ車いすの女性「2時間くらいかけて南カリフォルニアから来た」・ロバートのファンの女性「彼と一緒に写真を撮れたら私の人生が完結する」このコメントからもファンの熱狂ぶりがよくわかる。
」・一番早く並んだ車いすの女性「2時間くらいかけて南カリフォルニアから来た」・ロバートのファンの女性「彼と一緒に写真を撮れたら私の人生が完結する」このコメントからもファンの熱狂ぶりがよくわかる。プレイベント当日には、ジャクソン・ラズボーン、ブーブー・スチュワート、ピーター・ファシネリ、ケイシー・ラボウらのキャストも登場しサイン会、写真撮影会、そして、朝食配布なども行われた。
プレイベント当日には、ジャクソン・ラズボーン、ブーブー・スチュワート、ピーター・ファシネリ、ケイシー・ラボウらのキャストも登場しサイン会、写真撮影会、そして、朝食配布なども行われた。14日の午後5時、いよいよプレミアイベントが開始。ノキアシアター敷地内にブラック・カーペットが敷かれ、待ちに待ったファンの前にキャストが登場。ロバート・パティンソン、クリステン・スチュワート、テイラー・ロートナー、アシュリー・グリーン、ジャクソン・ラズボーン、ピーター・ファシネリ、ケラン・ラッツ、ブーブー・スチュワートといったキャストたちに加え、脚本担当のメリッサ・ローゼンバーグ、原作者のステファニー・メイヤー、そして、監督のビル・コンドンなども駆け付けた。集まったファンは1,000人。キャストが乗った車両が到着するたびに、黄色い歓声が飛び交った。キャストたちはメディアの取材に丁寧にこたえつつ、サイン、2ショット写真撮影など、限られた時間で精一杯のファンサービスをこなした。
キャストたちはメディアの取材に丁寧にこたえつつ、サイン、2ショット写真撮影など、限られた時間で精一杯のファンサービスをこなした。大盛況だったUSプレミアイベント。この映画の公開で、トワイライト現象がまた世界で巻き起こることであろう。日本では、2012年2月25日（土）より新宿ピカデリーほか全国ロードショーとなる。
【MOVIE ENTER おすすめ記事】・三浦友和、百恵さんとの夫婦関係を告白
・シーズン5・解説 −怪物との戦い、そのピーク−
・ブラッド・ピットのジンクスは家族にあり！
・“本当の強さ”に和田アキ子が男泣き、上戸彩が今年一番泣いた映画
美しき処刑人、「アンダーワールド」シリーズ第4弾の敵は“人類” 2003年に第1弾『アンダーワールド』が公開され、2006年に第2弾『アンダーワールド：エボリューション』、2009年に第3弾『アンダーワールド ビギンズ』が公開された「アンダーワールド」シリーズ。その大ヒットシリーズの第4弾として、最新作『アンダーワールド 覚醒』が待望の3D作品として、2012年2月24日に日本公開することが決定した。
その大ヒットシリーズの第4弾として、最新作『アンダーワールド 覚醒』が待望の3D作品として、2012年2月24日に日本公開することが決定した。人知れず繰り広げられてきた何世紀にもわたるヴァンパイア（吸血鬼族）とライカン（狼男族）の種族闘争。本作では人間もがその戦いに参戦し、“力”を手に入れようとする。哀しき宿命を背負った美しきヴァンパイア処刑人セリーンに、人間が新たな脅威として襲い掛かる。
哀しき宿命を背負った美しきヴァンパイア処刑人セリーンに、人間が新たな脅威として襲い掛かる。監督は、スウェーデンの新鋭モンス・モーリンド。主演は『アンダーワールド』と『アンダーワールド：エボリューション』に続き、ケイト・ベッキンセールが、他のアクション・ヒロインとは一線を画する、気高さと女性らしさを纏ったスタイリッシュなヒロインで観客を魅了する。
主演は『アンダーワールド』と『アンダーワールド：エボリューション』に続き、ケイト・ベッキンセールが、他のアクション・ヒロインとは一線を画する、気高さと女性らしさを纏ったスタイリッシュなヒロインで観客を魅了する。最新作はシリーズ初となる3D公開が決定。最強のヴァンパイア・ヒロイン・アクションがまもなく覚醒する。
最強のヴァンパイア・ヒロイン・アクションがまもなく覚醒する。『アンダーワールド 覚醒』ストーリー 世紀を超え、ヴァンパイアとライカンの種族の存亡をめぐる死闘が繰り広げられてきた闇の世界“アンダーワールド”。哀しき宿命を背負ったヴァンパイア処刑人セリーンは、ヴァンパイア族からもライカン族からも追われた果てに、人間に捕らわれていた。その間も両種族の戦いは続き、更には、その力を手にいれようと、人間もが戦いに参戦していた。
その間も両種族の戦いは続き、更には、その力を手にいれようと、人間もが戦いに参戦していた。12年もの眠りから甦ったセリーンは、復讐と一人の少女を救うために、ヴァンパイアVSライカンVS人間の三つ巴の戦いへと身を投じる。
12年もの眠りから甦ったセリーンは、復讐と一人の少女を救うために、ヴァンパイアVSライカンVS人間の三つ巴の戦いへと身を投じる。アンダーワールド 覚醒 - 公式サイト
秋のデートムービー大本命!! 映画『ファイナル・デッドブリッジ』のココがスゴい 世界中で3D映画が大流行する昨今、アニメから時代劇まで枚挙にいとまのない作品群のなかでも3Dとの相性のよさという意味においてはダントツの完成度を誇っているのが、現在公開中の映画『ファイナル・デッドブリッジ』だ。
秋のデートムービー大本命!! 映画『ファイナル・デッドブリッジ』のココがスゴい 世界中で3D映画が大流行する昨今、アニメから時代劇まで枚挙にいとまのない作品群のなかでも3Dとの相性のよさという意味においてはダントツの完成度を誇っているのが、現在公開中の映画『ファイナル・デッドブリッジ』だ。言わずと知れた大ヒット映画『ファイナル・デスティネーション』（’00）シリーズの最新作にして、前作『ファイナル・デッドサーキット3D』（’09）に続く3D作品となった本作は、なんと3D映画としては史上初となる“R-18”指定。新作が封切られるごとにどんどん残酷かつ巧妙になっていく登場人物たちのド派手な死にっぷりは期待通りにエスカレートさせつつ、前作をはるかに凌駕する、飛び散り、吹っ飛び、突き刺さる……ド迫力の3D映像で魅せきってくれるのだから、これを劇場の巨大スクリーンで楽しまない手はないというもの。数あるロードショー作品のなかから本作を観るということはすなわち、分別のついたオトナにのみ許された至福のエンタメ体験を満喫することにほかならない。
数あるロードショー作品のなかから本作を観るということはすなわち、分別のついたオトナにのみ許された至福のエンタメ体験を満喫することにほかならない。では、そんな本作が通常の2D作品より多めにお金を払ってでも観る価値があると断言できるポイントはどこか。以下に挙げる4つの要素をふまえて映画館に行けば、意中のカノジョ（もしくはカレ）とも大いに盛りあがれること受けあいだ。
以下に挙げる4つの要素をふまえて映画館に行けば、意中のカノジョ（もしくはカレ）とも大いに盛りあがれること受けあいだ。“恋の吊り橋理論”で恋愛も成就!?まず第一はもちろん、PRサポーターの菜々緒さんも「好きな人がいたら、しがみつきたくなる」と太鼓判を押している“恋の吊り橋理論”作戦だ。なにしろ吊り橋を渡るドキドキどころか、巨大吊り橋の崩落というまさに九死に一生のシチュエーションを長時間にわたってシェアできる（しかも、暗闇で！）のだから、ふたりの距離が縮まることはもはや疑いようがない。
）のだから、ふたりの距離が縮まることはもはや疑いようがない。しかも、ある現役スタントマンの証言によれば、生死に関わる決死のスタントを成功させた直後には、好むと好まざるにかかわらずやたらめったら生殖本能がうずきだすというから、生死に関わりっぱなしの本作が、動物学的にみても効果があるのは間違いなさそうだ。
しかも、ある現役スタントマンの証言によれば、生死に関わる決死のスタントを成功させた直後には、好むと好まざるにかかわらずやたらめったら生殖本能がうずきだすというから、生死に関わりっぱなしの本作が、動物学的にみても効果があるのは間違いなさそうだ。VFXのプロが手がけた“本物”の3D そして第二は、空前の大ヒットを記録した『アバター』以来、すっかり3Dの旗手となっている巨匠ジェームズ・キャメロンの右腕ともいえるVFXの第一人者、スティーブン・クオーレが初監督を務めているという点だ。せっかく高いお金を払うなら、本場ハリウッドだからこそできる“本物”を体験したいもの。そういう意味でも、トップクリエイターたちによって周到に準備された本作の3Dは、巷にあふれる安易な“後づけ3D”にはない、“ならでは”の映像体験といえるだろう。
シリーズで観ると楽しさも倍増 さらに第三に挙げられるのが、シリーズ作品だからこその醍醐味もしっかり用意されているということ。1作目、2作目に登場して強烈な印象を残した謎の検死官ブラットワースを演じるトニー・トッドの再登場はその最たるもの。ネタバレになるためここでは詳細は書けないものの、予習を兼ねて過去のシリーズを観なおしておけば、クライマックスでもよりいっそう楽しめることを保証しよう。
ネタバレになるためここでは詳細は書けないものの、予習を兼ねて過去のシリーズを観なおしておけば、クライマックスでもよりいっそう楽しめることを保証しよう。ちなみに、このシリーズは、水戸黄門的な“お約束”がもつ安心感とともに、ほぼ90分というジャストな時間でサクッと観られるのも魅力のひとつ。映画館に行くまえにふたりで全作をプレイバックしつつ（一気に観てもたったの4時間！）、デートに向かう道すがら、「いまの死の予兆っぽくね？」などとおバカなやりとりをしてみるのも一興だ。
」などとおバカなやりとりをしてみるのも一興だ。遊園地気分をお手軽に満喫 でもって最後は、女子大生の心拍数を計測した前回のコラムにもあったとおり、本作そのものが遊園地まるごと1個分に匹敵するほどの絶叫アトラクションであるという要素。観賞料金だけをとれば割高感は否めないものの、乗り物フリーパスを買うことを思えば安いもの。1回3分程度で終わってしまうジェットコースターに30回連続で乗りつづける（実際、そんなことをしたら嘔吐は必至だけど）ぐらいのスリルと興奮を味わえて、しかも恋まで成就してしまうかもしれないのだから、なんともリーズナブルでよくできた話ではあるまいか。
1回3分程度で終わってしまうジェットコースターに30回連続で乗りつづける（実際、そんなことをしたら嘔吐は必至だけど）ぐらいのスリルと興奮を味わえて、しかも恋まで成就してしまうかもしれないのだから、なんともリーズナブルでよくできた話ではあるまいか。と、大きく4つの必見ポイントを紹介してみたが、いかがだっただろうか？シリーズ史上最叫の呼び声も高い、極上のアトラクション・ホラー。次の休みにはぜひとも誰かを誘って体感してもらいたい1本だ。むろん、そのときは「血は大丈夫？」と最初に聞くのも忘れずに!!
」と最初に聞くのも忘れずに!!史上最叫アトラクション・ホラー『ファイナル・デッドブリッジ』は、シネマート新宿、梅田ブルク7ほか、3D／2D／IMAX大ヒット上映中。
史上最叫アトラクション・ホラー『ファイナル・デッドブリッジ』は、シネマート新宿、梅田ブルク7ほか、3D／2D／IMAX大ヒット上映中。■関連リンク ・『ファイナル・デッドブリッジ』特集 ・『ファイナル・デッドブリッジ』公式サイト
『スター・ウォーズ』の前売券に長蛇の列、『アバター』の3倍の売上で売り切れも ジョージ・ルーカス、ジョン・ノールらが全精力を傾注し、最新テクノロジーを駆使した3D映画として、再び大スクリーンに帰ってくることで注目される『STAR WARS エピソード１/ファントム・メナス 3D』。本作の劇場前売券が爆発的な売上を記録して、売り切れの可能性も出てきた。昨年12月23日に前売券が発売されると、公開を待ちきれないファンたちがメイン館のTOHOシネマズ日劇をはじめ劇場に列を作った。1月1日の時点で公開日から逆算した限定前売券の売上数は『アバター』や『猿の惑星：創世記』の約3倍を記録し、5大都市のみで1,500枚以上の売上となった。並居る大作と比べても圧倒的な売上で注目の高さを改めて感じさせる。「日経エンタテインメント！」2月号の「2012年絶対観たい映画100」においても、洋画部門で第2位、総合部門で第4位、そして10代男性部門では第1位に選ばれている。今回発売された限定の全国共通前売券やペアカードは、見る角度で画像が立体になって変化するレンチキュラー加工が施されている。売り切れ必至の状況で、コレクターズ・アイテムとしてもプレミアが付きそうだ。
売り切れ必至の状況で、コレクターズ・アイテムとしてもプレミアが付きそうだ。また、話題は映画だけにとどまらず、米国で昨年12月20日に一般販売となったオンラインゲーム「Star Wars: The Old Republic」がすでに100万枚の売上を記録し、ゲームメーカー側の予想をも遥かに上回る大ヒット。このため、ゲームに参加をするために長時間待たされるなどの増えすぎたユーザーが原因の前代未聞のトラブルも起こっているという。
このため、ゲームに参加をするために長時間待たされるなどの増えすぎたユーザーが原因の前代未聞のトラブルも起こっているという。1977年の初公開以来、35年が経った現在でも世界中の多くの人たちに影響を与え続け、今まさに3Dでの劇場再公開を機に日本をはじめ世界各地で爆発的社会現象を起こしている本作。この『スター・ウォーズ』の熱がどこまで上昇するのか注目である。『STAR WARS エピソード１/ファントム・メナス 3D』は、3月16日（金）よりTOHOシネマズ 日劇ほか全国ロードショー。
【MOVIE ENTERおすすめ記事】 ・【いちおう妖ヶ劇場】第4話：謹賀新年、サイコロの目でサイが飛び出すの巻 ・【編集部的映画批評】五感を失う感染症に冒された男女が、最後に感じたもの ・iTunes史上最高のダウンロード数を記録した『ダークナイト ライジング』の予告映像を公開 ・【2012年先取り映画vol.8】渡辺謙、リーダーシップはあるが嫌な奴に
『弁護士イーライ』のプロデューサーが、ジョージ・マイケルの出演について語る 大手クライアントの勝利を勝ち取ることばかり考えていた野心家の弁護士・イーライが、幻覚や幻聴による突飛な行動で周囲を驚かせながら、“お告げ”のようなヴィジョンに導かれ、知らず知らずのうちに弱者救済をしていく『弁護士イーライのふしぎな日常』。物語の鍵を握るのは“お告げ”。その中でも特にインパクトがあるのは、イギリス出身のシンガー・ソングライター、ジョージ・マイケルの登場シーン。イーライのオフィスや自宅リビングに度々現れ、「フェイス」や「フリーダム」などの有名なオリジナル・ソングを熱唱する姿を、何とジョージ・マイケル本人が演じているのだ。今回、本作のプロデューサーであるマーク・グッゲンハイムに、物語の構想やジョージ・マイケルとの撮影秘話について聞いてみた。
今回、本作のプロデューサーであるマーク・グッゲンハイムに、物語の構想やジョージ・マイケルとの撮影秘話について聞いてみた。——主人公イーライが幻覚をみることで、自分の人生を意味あるものにするという設定が非常にユニークですが、そのアイデアはどこから？マーク・グッゲンハイム（以下、マーク）：色々なアイデアがあったのですが、私と一緒に製作に携わったグレックがアイデアとして色々なタイプのストーリーを提案し、“現代版の予言者”や“幻覚を見る人”というような2つの部分を1つにまとめていったというのが最初の段階です。アメリカのテレビで一般的な、主人公が弁護士か警察官か医者かといった設定のうちどれにするかを考え、今回は弁護士が良いのではないかと思い決めました。
——ジョージ・マイケルや彼の楽曲が本作で重要なカギを握っていますが、数多くいるアーティストの中で、なぜジョージ・マイケルをフィーチャーしたのでしょうか？
——ジョージ・マイケルや彼の楽曲が本作で重要なカギを握っていますが、数多くいるアーティストの中で、なぜジョージ・マイケルをフィーチャーしたのでしょうか？マーク：もともとジョージ・マイケルと言う名前は、脚本を書いた時点でとりあえず入れておくという感じだったのですが、ミュージシャンを選ぶ際には、“イーライが10代であったであろう1980年代に良く売れていて、今でも十分に名前が認知されているような人を”と考えていました。しかし、おそらくジョージ・マイケルは番組に出てくれないだろうと思ったので、誰か他にやってくれる人が見つかったら脚本を修正しようと思っていました。例えばビリー・ジョエルやエルトン・ジョン、デビット・ボウイなどの候補者がいたのですが、最終的にもしかしたらこのジョージ・マイケルこそが最適なのではないかという結論に至りました。
例えばビリー・ジョエルやエルトン・ジョン、デビット・ボウイなどの候補者がいたのですが、最終的にもしかしたらこのジョージ・マイケルこそが最適なのではないかという結論に至りました。——ジョージ・マイケルさんを出演させたことによる、全米の反応は？マーク：やはり驚きの反応というのが一番大きかったです。というのは、この番組に登場するまでは、ジョージ・マイケルは1980年代以降、公の場には登場していなかったので、まさかテレビに出てくるとは思わなかったようです。彼にとってはカムバック的な要素がありましたので、アメリカの方々も“まさか”といった感じで期待していなかったようです。
彼にとってはカムバック的な要素がありましたので、アメリカの方々も“まさか”といった感じで期待していなかったようです。——このドラマの話をジョージにしたときの全米の反応や、撮影中のジョージ・マイケルの様子を教えてください。
——このドラマの話をジョージにしたときの全米の反応や、撮影中のジョージ・マイケルの様子を教えてください。マーク：まず初めに、私と共同制作者であるグレッグが、テキサス州のダラスにあるジョージ・マイケルさんの自宅を訪問しました。そこで初めて話を持ちかけたのですが、ジョージ・マイケルさんと話をする中で私たちが何に驚いたかというと、彼自身がとてもアメリカのテレビ番組が好きであるいうことなんです。私たち2人がこれまでに関わった番組を「大好きで良く見ていましたよ」とおっしゃってくれました。そういう意味で、彼自身非常にオープンな状態でいてくれました。最初に第一話で彼が登場するシーンがありまして、ダンスをしているようなシーンなのですが、そのシーンの撮影は実際にロンドンで行われているんです。このパイロット版の撮影はほとんどがロサンゼルスで行われているのですが、ジョージ・マイケルのダンスシーンだけは、ロンドンのグリーンスクリーンの前に立ってダンスの撮影をし、それを視覚効果の担当者が他のジョニー・リ・ーミラーなどが登場している場面と組み合わせるといった作業をしました。そして、それをパイロット版として作成し、その後何度か登場するシリーズの中で、撮影したものがあまり良くないだとか違う使い方をしたいという場合には、特殊効果担当者がそれに手を加えてもう一度そのシーンを使いました。彼自身の撮影というのは、ロンドンのグリーンスクリーンの前で行った撮影の一度きりなのです。
彼自身の撮影というのは、ロンドンのグリーンスクリーンの前で行った撮影の一度きりなのです。——ジョージ・マイケルさんは、撮影中楽しんでいましたか？マーク：楽しんでいらっしゃったと思います。実際にそのエピソードの中で、ダンスシーン以外で登場して頂くシーンもあるので、その為の撮影にアメリカに来てほしいとお願いしたときも、すぐに賛同してくださって「すぐに行きます」と言う風におっしゃってくださいました。彼自身の性格も、非常に
彼自身の性格も、非常に気さくで魅力のある方でしたので、彼と一緒に仕事をすることは私たちにとっても本当に楽しい時間でした。
気さくで魅力のある方でしたので、彼と一緒に仕事をすることは私たちにとっても本当に楽しい時間でした。——イーライのセラピストとしてシガニー・ウィーバーが出演していますが、彼女を起用した理由や出演の経緯を教えてください。マーク：もともと脚本を書いたときには、彼女は神様の役を演じているわけですので、おそらくアメリカのムービースターがいいだろうと考えていました。なぜシガニーになったのかというのは、私自身詳細まで覚えていないのですが、ただ、彼女が最初に思い浮かんだ第一希望の俳優であったということは覚えています。彼女自身の、すごく静かな雰囲気を持っていながら存在感があり、知性を携えた佇まいというのが神様の役にぴったりだと思いました。
——ジョニー・リー・ミラーがイーライ役に見事にハマっていましたが、マークさんから見た、彼の魅力や素顔を教えてください。マーク：まずジョニーがイーライを演じるのに最適なハマり役だとおっしゃってくださいましたが、私自身もその通りだと思っているんです。イーライのキャスティングを決定するのに6か月ほど時間を有しました。この6か月の間に世界中を探して歩きまして1,000人以上のオーディションを第一話の為だけに行いました。このジョニー・リー・ミラーというのは、我々のキャスティングを担当したディレクターからの提案だったんです。彼に会った瞬間に“彼がイーライだ”という風にすぐに感じました。というのも、彼自身非常に強い自信と人間らしさがうまくMIXされている人格をもっていました。人間らしさというのも、例えばあたたかさであったり人間としての魅力であったりするわけなのですが、ジョニーというのは、非常に面白い俳優でして、彼自身これまでにいろいろな役を演じてきています。悪役を演じたこともありますし、イーライのようなすごくチャーミングな役も演じ分けることができるということで、彼はこの役にとって理想的な人材ではないかと思いました。というのも、イーライ自身も自分自身がどんどん変わっていく道のりを演じなくてはならないので、その色々な異なる特性を演じることができる俳優という点が彼に決める決め手でした。
というのも、イーライ自身も自分自身がどんどん変わっていく道のりを演じなくてはならないので、その色々な異なる特性を演じることができる俳優という点が彼に決める決め手でした。——主人公イーライのように、“悩める同年代”に一言アドバイスをお願いします。
——主人公イーライのように、“悩める同年代”に一言アドバイスをお願いします。マーク：いくつかありますが、ファーストシーズンの8番目のエピソードで、イーライがDr.チェンと話をするシーンがありまして、“そこで神様とは”や“信じる信念とは”と語る場面があるのですが、そこがこのドラマそのもののメッセージをたくさん含んでいるシーンだと思いまして、私自身もとても誇りに思っているシーンでもあります。また、やはりシガニー・ウィーバーが登場するようなシーンであるとか、最初のファーストシーズンの13番目のエピソードで、イーライが自己犠牲を図るというシーンなのですが、これはつまり彼自身が最初は動脈瘤を摘出するのですがその後でやはり自分自身が犠牲になるということを決断するシーンも非常に気に入っています。
また、やはりシガニー・ウィーバーが登場するようなシーンであるとか、最初のファーストシーズンの13番目のエピソードで、イーライが自己犠牲を図るというシーンなのですが、これはつまり彼自身が最初は動脈瘤を摘出するのですがその後でやはり自分自身が犠牲になるということを決断するシーンも非常に気に入っています。——「弁護士イーライのふしぎな日常」では音楽の使い方が巧みですが、製作される際に音楽の要素は強く意識していましたか？マーク：お褒めの言葉ありがとうございます。常に音楽的要素は入れたいと考えていたのですが、具体的にどういった音楽を使うかということや、どの楽曲を使うかということは、実際に脚本を書いてみるまでは全く決まっていませんでした。ただ、音楽の使い方として言葉の一部として音楽を使うというようなかたちを考えていました。話を組み立てていく中で、どのくらい音楽の要素を取り入れるのかを決めていきました。ファーストシーズンにおいては、ほぼ全てのエピソードにおいて音楽が取り入れられています。セカンドシーズンにおいては音楽の要素が若干減っているのですが、これはあくまで製作の予算の関係で減っているのです。
——日本人が見ても共感できる要素が多いドラマですが、日本のドラマファンに向けてメッセージをお願いします。
——日本人が見ても共感できる要素が多いドラマですが、日本のドラマファンに向けてメッセージをお願いします。マーク：まずは、番組をご覧いただきまして誠にありがとうございます。日本の方も多く共感して頂けるということを耳にすると、私自身も非常に嬉しい気持ちになります。ご覧いただきましてありがとうございました。
『弁護士イーライのふしぎな日常』 DVD好評レンタル中！ DVD Vol.1 発売中 価格：1,500円（税込み） DVDコレクターズBOX Part1は、10月19日発売 価格：9,450円（税込み） DVDコレクターズBOX Part2は、11月16日発売 価格：10,500円（税込み） 発売元： ウォルト・ディズニー・スタジオ・ジャパン
DVD Vol.1 発売中 価格：1,500円（税込み） DVDコレクターズBOX Part1は、10月19日発売 価格：9,450円（税込み） DVDコレクターズBOX Part2は、11月16日発売 価格：10,500円（税込み） 発売元： ウォルト・ディズニー・スタジオ・ジャパン・『弁護士イーライのふしぎな日常』特集 - MOVIE ENTER 【関連記事】 ・マツコ・デラックス、世界のセレブに対しても容赦
・『弁護士イーライのふしぎな日常』特集 - MOVIE ENTER 【関連記事】 ・マツコ・デラックス、世界のセレブに対しても容赦なし ・意外と使える海外ドラマ『弁護士イーライ』のビジネス術「情報に含まれる“心”を読み取れ！」
【いちおう妖ヶ劇場】第6話：バレンタインチョコなんて、ちょこっとも欲しくないの巻 元・お嬢様の勅使河原 栄華（てしがわら えいか）は、父の事業の失敗で一転して貧乏人になるが、映画のウンチクを語るネコ仙人を筆頭にした妖怪が住む奇妙なボロアパート暮らしをそれなりに満喫している。バレンタインデーが近いということで『メリーに首ったけ』の話に。今や知らない人がいないキャメロン・ディアスの出世作だ。キャメロン演じるメリーに様々な男たちが恋をしてしまうこの物語に、昔の淡い恋を思い出した栄華だったが——。
キャメロン演じるメリーに様々な男たちが恋をしてしまうこの物語に、昔の淡い恋を思い出した栄華だったが——。・第1話から読む ■次のページへ
・第1話から読む ■次のページへ『メリーに首ったけ』（アメリカ：1998年） テッドは、高校時代、憧れのメリーとデートする幸運をつかむが、恥ずかしい失敗をしてチャンスを逃してしまう。13年たってもメリーのことを忘れらないテッドは、怪しげな探偵パットを雇って調査してもらうことに。ところがパットもメリーに夢中になってしまう。テッドに嘘をついてメリーをあきらめさせようとするパット。他にも複数の男がメリーに「首ったけ」になっていて、壮絶な恋のバトルとなる。最後にメリーが選ぶのは誰？
1 2 3 4
1 2 3 4沢尻エリカの女優魂に仰天、カメラテストから全裸 岡崎京子の伝説的コミックを『さくらん』の蜷川実花監督が初めて実写化する映画『へルタースケルター』。9日、都内・東宝スタジオにて撮影現場会見が行われ、5年ぶりの映画主演となる、沢尻エリカをはじめ、大森南朋、寺島しのぶ、綾野剛、水原希子、新井浩文、鈴木杏、哀川翔、寺島進、桃井かおり、蜷川実花監督が登壇した。・【写真一覧】沢尻エリカ、水原希子ら豪華キャストが大集合 『へルタースケルター』は、全身整形で作りものの美を身につけた主人公りりこの生き様と周囲の人々を巡る、欲望入り乱れる芸能界を舞台にした物語。ある事件をきっかけに崩壊していく、りりこの精神と美しさを衝撃的なタッチで描いている。
ある事件をきっかけに崩壊していく、りりこの精神と美しさを衝撃的なタッチで描いている。世界的なフォトグラファーである蜷川実花は本作について「『さくらん』より前から映画化したいと思っていました。7、8年待ち続けました」と話しており、キャスティングについては「東京という街に消費されていく、人々の欲望処理装置としてのりりこを演じられるのは、歓声と罵声を浴び続けた沢尻エリカ以外考えられません」と自信をのぞかせている。
7、8年待ち続けました」と話しており、キャスティングについては「東京という街に消費されていく、人々の欲望処理装置としてのりりこを演じられるのは、歓声と罵声を浴び続けた沢尻エリカ以外考えられません」と自信をのぞかせている。そんな監督からの熱烈なラブコールに応えた沢尻も「この作品で、今までのすべてが必然だったと証明してみせる。沢尻、女優として、ひと肌脱ぎます」と並々ならぬ想いで撮影に挑んでいる。
沢尻、女優として、ひと肌脱ぎます」と並々ならぬ想いで撮影に挑んでいる。沢尻「その質問自体おかしいですよ」 記者会見に、実際に撮影で使用された赤いタイトなワンピースで登場した沢尻は、ロングヘアとぱっつん前髪でりりこソックリの姿に。セックス、暴力、ドラッグや手術シーンなど過激な描写が多い映画に出演する事について聞かれると「この原作を映画化する時点で私も実花さんも腹をくくっている。だからその質問自体がおかしいですよ。本当にりりこをリスペクトしているんです」と少々強い口調で回答。
本当にりりこをリスペクトしているんです」と少々強い口調で回答。すると、すかさず桃井が立ち上がり「もう少し柔らかい口調で言えって言ったんですけど、社長としてすみません。今、りりこが乗り移ってるんです」と、作中の役柄になりきり報道陣におじぎ。寺島も続いて立ち上がり「マネージャーからも申し訳ございません」と深々と頭を下げ、笑いを誘う一幕も。
寺島も続いて立ち上がり「マネージャーからも申し訳ございません」と深々と頭を下げ、笑いを誘う一幕も。桃井は自身の役について「私の役って見た目はIKKOさんみたいで“どんだけ〜”って感じだけど、IKKOさんみたいに中身が良い人じゃなくて、本当に嫌な女なの。だから、私が40年間会ってきた芸能界の嫌な奴の全てをこの役に詰め込んでいます」と語りながらも、会見では沢尻について「いいヤツですよ。そろそろ分かってあげて（笑）」とフォローするなど、度々優しい眼差しをむけていた。
そろそろ分かってあげて（笑）」とフォローするなど、度々優しい眼差しをむけていた。「私はテストでは全部脱がないかも（笑）」 寺島は「最初の撮影から、沢尻さんに縛られ、殴られ、真水をぶっかけられ、“M女”加減に酔いしれています。私は他の作品でも濡れ場を何度か体験させていただいていますが、沢尻さんは度胸がすわってるなと感じました。私は（カメラ）テストでは全部脱がないかも（笑）。ラテンの血が流れているからかな？」と、沢尻の女優魂に驚かされたエピソードを明かした。
」と、沢尻の女優魂に驚かされたエピソードを明かした。りりこの後輩であり、りりこが強い嫉妬を向けるモデルのこずえを演じた水原は、「原作を読んで、こずえが発する一言一言にとても感動しました。自分がいつも思っていることを全部言ってくれた。大好きなこずえをやらせてもらえるのが幸せ」と話し、「豪華なキャストの皆さんに囲まれて緊張して、固まってしまったのですが、監督に優しくしてもらいました」と笑顔を浮かべた。
大好きなこずえをやらせてもらえるのが幸せ」と話し、「豪華なキャストの皆さんに囲まれて緊張して、固まってしまったのですが、監督に優しくしてもらいました」と笑顔を浮かべた。原作者の岡崎京子は、この映画化について「原作に忠実に行うのも、演者の体内を通してどのように変貌するのかも、受け入れる準備は出来ている」と話しており、実力派、個性派が集結した本作は、この夏、最も公開が待ち望まれる作品になりそうだ。
原作者の岡崎京子は、この映画化について「原作に忠実に行うのも、演者の体内を通してどのように変貌するのかも、受け入れる準備は出来ている」と話しており、実力派、個性派が集結した本作は、この夏、最も公開が待ち望まれる作品になりそうだ。映画『ヘルタースケルター』は、7月14日（土）より丸の内ピカデリーほか全国ロードショー。
映画『ヘルタースケルター』は、7月14日（土）より丸の内ピカデリーほか全国ロードショー。【関連記事】 ・エリカ様が“演じる”のは「次々と事件を巻き起こしていくトップスター」
鳥越俊太郎が『戦火の馬』全国特別試写会で“希望”を語る 映画史に燦然と輝くエンターテイメント超大作から、アカデミー賞を受賞した『プライベート・ライアン』や『シンドラーのリスト』など人々の心に訴えかける名作まで、幅広い作風で名実ともにハリウッドを代表する巨匠となったスピルバーグ監督。3月2日には、そのスピルバーグがまったく新たな境地で“希望”を描いた、渾身の感動超大作『戦火の馬』が公開される。『戦火の馬』は、第一次世界大戦を舞台に悲劇に打ちのめされながらも、希望を信じて生きていく人間たちのドラマを、戦火を生き抜く一頭の馬との出会いと別れを通して、鮮やかに描かれた感動作。昨今の日本の苦しい環境に遭遇しても、前に進み続ける為に、本作を鑑賞し感銘を受けた鳥越俊太郎氏による「“希望”をつなぐ全国特別試写会」が実施される。
昨今の日本の苦しい環境に遭遇しても、前に進み続ける為に、本作を鑑賞し感銘を受けた鳥越俊太郎氏による「“希望”をつなぐ全国特別試写会」が実施される。全国6都市で行われる「鳥越俊太郎presents“希望”をつなぐ全国特別試写会」では、鳥越氏が各地の試写会場に赴き、自身の経験を通して、本作品のメッセージである“生き抜く勇気”と“希望”を持つことの大切さを伝える。また、鳥越氏のメッセージは、6都市以外でも本編上映前に上映される。
また、鳥越氏のメッセージは、6都市以外でも本編上映前に上映される。鳥越氏は、『戦火の馬』について「想像を超えるような砲弾が飛び散る大地を、この美しい一頭の馬は、ただひたすら前だけを見て走り続けた。生きて帰ってくるためにー。現代の厳しい環境の中で生き抜くためには、生きる気力と希望を持たなければならない。私も、負けたくないという思いで一日一日を生きている。この壮大なドラマは、改めて私に生き抜く勇気を与えてくれた。」とコメントを寄せている。
」とコメントを寄せている。『戦火の馬』ストーリー 第一次大戦前夜のイギリスの農村──貧しい農家にひきとられた一頭の美しい馬は、ジョーイと名付けられ、この家の息子アルバートとかけがえのない絆で結ばれる。だが、開戦によってジョーイはアルバートから引き離され、英国軍の軍馬として最前線に送られてしまう。死と隣り合せの過酷な日々の始まりは、ジョーイの驚くべき旅の始まりであり、彼がやがてめぐりあう戦時下の人間たちの、切なくも美しいドラマの始まりだった…。
死と隣り合せの過酷な日々の始まりは、ジョーイの驚くべき旅の始まりであり、彼がやがてめぐりあう戦時下の人間たちの、切なくも美しいドラマの始まりだった…。・戦火の馬 - 公式サイト ■関連記事 ・『戦火の馬』ロイヤル・プレミアにウィリアム王子＆キャサリン妃が出席 ・スピルバーグが挑む“感動”の物語、『戦火の馬』の日本版予告映像＆ポスター公開 ・スピルバーグ監督最新作『戦火の馬』ワールドプレミアで日本へエール ・【動画あり】スピルバーグ監督の最新作『戦火の馬』の特報が公開
人間のボクシングは死に絶え、時代は“最強”ロボット格闘技へ 人間によるボクシングの時代が終わりを迎え、ロボット格闘技の世界を舞台に、夢に破れた元ボクサーの再起と、父子のかけがえのない絆を描いた感動大作『リアル・スティール』。昨年12月に劇場公開された本作が、いよいよ5月16日にブルーレイ／DVD／オンデマンドとなって登場する。
昨年12月に劇場公開された本作が、いよいよ5月16日にブルーレイ／DVD／オンデマンドとなって登場する。ヒュー・ジャックマン演じる父チャーリーは、かつて自分の夢のために家族を捨て、その夢も破れた今、生き甲斐を失って自暴自棄な生活を送る。
ヒュー・ジャックマン演じる父チャーリーは、かつて自分の夢のために家族を捨て、その夢も破れた今、生き甲斐を失って自暴自棄な生活を送る。そんな時、チャーリーの前に母を亡くした息子マックスが現れ、父子はゴミ捨て場から拾ってきた時代遅れの旧式ロボット“ATOM”と共に光の差すロボット格闘技の頂点を目指し、一度は失われた絆を再び取り戻しに行く。
そんな時、チャーリーの前に母を亡くした息子マックスが現れ、父子はゴミ捨て場から拾ってきた時代遅れの旧式ロボット“ATOM”と共に光の差すロボット格闘技の頂点を目指し、一度は失われた絆を再び取り戻しに行く。かつては世界第2位まで上り詰めた才能溢れるボクサー、チャーリーを演じるに際し、ヒュー・ジャックマンは史上初の5階級制覇を成し遂げた伝説のボクサー、シュガー・レイ・レナードに師事。ボクサーとしての肉体作りや心理だけでなく、常にボクサーと絶対的な関係を保ち、試合中もボクサーを奮い立たせるセコンドとしての役割をも教わったという。
ボクサーとしての肉体作りや心理だけでなく、常にボクサーと絶対的な関係を保ち、試合中もボクサーを奮い立たせるセコンドとしての役割をも教わったという。今回公開された特別映像では、ヒュー・ジャックマンとシュガー・レイ・レナードへのインタビューを公開。緊張や不安と戦う控え室から、強敵の待ち受けるリングへと上がるまでの父子や、一度は挫折を味わったチャーリーが、過去の自分を乗り越えるべく、再び栄光に向かって前に進もうとする姿が明かされている。
MOVIE ENTERの特集ページでは、『リアル・スティール』のブルーレイが当たるTwitterキャンペーンを本日よりスタート。ATOMをはじめ、ボディに「超悪男子」との漢字が刻まれたノイジーボーイ、無敗の王者ゼウスなど、本作に登場する5体のロボットの中から、あなたが最強だと思うロボットに投票（ツイート）しよう！・『リアル・スティール』ブルーレイ/DVD/オンデマンド特集ページ
大統領はニセモノだった？『G.I.ジョー』続編の特別映像が公開 初代G.I.ジョーが日本へ来日か！？全世界で大ヒットを記録したアクション超大作『G.I.ジョー』の続編『G.I.ジョー バック2リベンジ』（8月10日公開）が3年ぶりにスクリーンに帰ってくる。公開を前に、本作に出演するブルース・ウィリスとイ・ビョンホンがコメント対決をしている特別編成の予告編が公開された。さらに、二人による最新ポスターも公開され、本作への期待がますます高まる。本作は、機密組織G.I.ジョーが国を裏切ったとして、アメリカ大統領から彼らに処刑命令が発令するところから物語が始まる。パキスタンで極秘任務中のG.I.ジョーは、大統領の陰謀にはめられ、襲撃を受けて開始5分で全滅し、生き残ったメンバーはわずか数名だった。G.I.ジョーの解体により、テロ組織“コブラ”が再び勢力を広め始める。絶体絶命のG.I.ジョーのメンバーは、伝説の初代“G.I.ジョー”であるジョー司令官に助けを求める。新たなボスを迎えた新生“G.I.ジョー”がリベンジに挑む。今回、公開された特別編成の映像がこちら。世界政府をも動かすテロ組織“コブラ”のストームシャドーを演じるイ・ビョンホンから始まるという珍しい構成。その後に続く、本作の予告映像では、開始早々、G.I.ジョーが全滅してしまう。これは、ニセモノのアメリカ大統領が仕組んだ“世界侵略計画”の始まりに過ぎなかった。そして、ブルース・ウィリス演じる伝説の初代G.I.ジョーが登場し、スピード感あふれるアクションを繰り広げていく。映像のラストには、ブルース・ウィリスが来日宣言とも取れるコメントをしている。さらに、親父ギャグ（？）まで飛び出し、ファンにはたまらない貴重な予告映像だ。新しく公開されたポスターは、“最強の助っ人”初代G.I.ジョーと“最強の刺客”ストームシャドーの最強決戦を予感させる仕上がりになっている。果たして、二人はどんな戦いを繰り広げるのだろうか。予告編とポスターは、どちらも4月28日（土）より全国の劇場で見ることができる。映画『G.I.ジョー バック2リベンジ』は、8月10日（金）より丸の内ルーブルほか全国超拡大ロードショー。
映画『G.I.ジョー バック2リベンジ』は、8月10日（金）より丸の内ルーブルほか全国超拡大ロードショー。・映画『G.I.ジョー バック2リベンジ』 - 公式サイト 【関連記事】 ・開始5秒でメンバー全滅か！？『G.I.ジョー』続編の衝撃映像公開 ・今夏、新生“G.I.ジョー”が日本に上陸する
満足度第1位、興奮するファンが制止される騒動も BoA、東方神起、少女時代など、韓国の芸能事務所「S.M.ENTERTAINMENT」所属のアーティストたちがアジアの歌手として始めて、NYマディソンスクエアガーデンの舞台に上がった公演を中心に、ファン垂涎の映像が満載のドキュメント映画『I AM.』。6月2日より全国公開された同作は、ぴあ満足度調査で90.9%の満足度を記録し、堂々の一位を獲得した。メイン館となる新宿バルト9には、午前9時という早い上映時間にも関わらず、20代を中心に上は50代、下は小学生といった女性客による長蛇の列が。中には少女時代のファンという男性層も一部存在し、非常に幅広い客層が占めた。劇場はまさにコンサート会場の様な盛り上がりを見せ、各アーティスのうちわを持参する観客の姿も多数見られ、禁止されているペンライトを使用して劇場スタッフに制止されるほどの騒動まで起こった。観客は、お目当てのアーティストの映像が流れると黄色い歓声を上げ、ライブシーンでは映像に合わせて踊る観客まで出現。彼らのデビュー前の過酷なレッスン風景や、今まで明かされなかった苦悩する姿や本音のインタビューでは、感動して涙ぐむ姿が多数見受けられた。興行収入は初日、2日目で6千万円を突破。平日も主婦などの動員が予測され、リピーターや口コミも期待され、更に成績を積み上げていくことが予想される。
平日も主婦などの動員が予測され、リピーターや口コミも期待され、更に成績を積み上げていくことが予想される。・「I AM.」オフィシャルサイト ■関連記事 ・BoA、東方神起、少女時代などの素顔を描いた映画『I AM.』が公開決定
『機動戦士ガンダムUC』最新作の主題歌に、新人が異例の大抜擢 2010年3月に第1巻のブルーレイ＆DVDが発売されたアニメ作品「機動戦士ガンダムUC」。今年4月に発売された第3巻まで、全巻がオリコン週間BDランキングで売り上げ1位を記録する中、11月12日からは最新作「機動戦士ガンダムUC episode4 重力の井戸の底で」のイベント上映がスタート。12月2日には、同作のブルーレイ＆DVDの発売が決定している。
12月2日には、同作のブルーレイ＆DVDの発売が決定している。その「機動戦士ガンダムUC episode4」の主題歌を、新人ユニットの「earthmind（アースマインド）」が担当することが決定。Earthmindとは、サウンドプロデューサー、Shinya Saitoを慕って集った、ボーカル：Erina（エリナ）、ギター：Ommy（オミー）、ベース：JUN TAKAI（ジュンタカイ）の3人で結成されたユニット。「皆の心の中にある声を伝える為に…」という想いで作られた、荘厳で洗礼された楽曲が「機動戦士ガンダムUC」の世界とリンクするとのことで、今回の大抜擢に至った。
「皆の心の中にある声を伝える為に…」という想いで作られた、荘厳で洗礼された楽曲が「機動戦士ガンダムUC」の世界とリンクするとのことで、今回の大抜擢に至った。主題歌「B-Bird（ビーバード）」は、「どんなに儚い世界でも同じソラを見上げて大切な人と繋がっていること感じたい、君への想いだけは永遠で、強く明日へ向かっている…」という切なくも、生きていく事への希望をうたっている。earthmindのデビューシングルとなる「B-Bird」は、11月30日に発売となる。
earthmindのデビューシングルとなる「B-Bird」は、11月30日に発売となる。・機動戦士ガンダムUC[ユニコーン]・earthmind オフィシャルホームページ
【週末映画まとめ読み】注目するのは「貞子の野球カード」か「ボーイッシュ美少女の恋愛トーク」か 今週1週間に起こった出来事を振り返る「週末映画まとめ読み」。先週末の動員ランキングは『メン・イン・ブラック3』が2週連続首位を獲得し、累計成績は早くも動員100万人、興収15億円を突破。2位には『テルマエ・ロマエ』が復活。6週目を迎え、動員350万人、興収45億円を突破という驚異の伸びを見せている。相変わらず邦画がランキングを占めているが、1位に『メン・イン・ブラック3』、3位に『ダーク・シャドウ』が入って勢いがある。ここでさらにもう1本、食いこんできて欲しいものだ。詳しいランキングはこちらでチェック！
詳しいランキングはこちらでチェック！今週入ってきたニュースだが、今回はジャンル別にわけて紹介しよう。
今週入ってきたニュースだが、今回はジャンル別にわけて紹介しよう。【ミステリー】 ・ノオミ・ラパスかシャーリーズ・セロンか、『プロメテウス』のワールドプレミアでドレス対決 ・『HEROES／ヒーローズ』最大の主人公が発狂「心を打つ、悲しげな役を演じたくなかった」 まずはミステリーだが、リドリー・スコット監督最新作『プロメテウス』のワールド・プレミアがロンドンにて開催された。この映画は、人類史上最大の謎“人類の起源”に迫る物語。ミレニアム ドラゴン・タトゥーの女』で強烈な演技を見せたノオミ・ラパスや日本でも多くの女性たちから圧倒的な支持を受けるオスカー女優シャーリーズ・セロンが共演する。プレミアイベントでの二人のドレス姿はどちらも素晴らしかった。
【ホラー】 ・貞子がついに上戸彩と並んだ！野球カード化が決定 続いては、ホラー。「北海道日本ハムファイターズvs千葉ロッテマリーンズ」戦で始球式を行い、日本中の話題をかっさらった貞子。その勇姿がなんと、プロ野球のトレーディングカードとなることが決定した。
【アニメ】 ・大阪の商人はベルセルクがお好き？ガッツに続きグリフィスともコラボ ・1枚のイラストから始まった一大プロジェクト「ブラック★ロックシューター」限定プレミアfigmaが解禁 ・劇場版『TIGER & BUNNY』特別企画“KING OF MOVIE HERO”は誰だ？アニメは、『ベルセルク 黄金時代篇II ドルドレイ攻略』が大阪梅田の人気セレクトショップが揃う最先端ショッピングビル「イーマ」とのコラボレーションが決定。「イーマ」のショッピングバッグを片手に微笑む鷹の団の団長グリフィスのポスターが広告ビジュアルとして掲出される。
【アクション】 ・先行上映が決定、ついに“アベンジャーズ現象”が日本上陸 ・映画『スノーホワイト』の世界がデザート＆ドリンクになって登場 ・最強映画『アベンジャーズ』が『ダークナイト』『ハリポタ』越え ・“日本版EMINEM”ヒップホップ界の頂点が問題作のイメージ楽曲で参戦
【アクション】 ・先行上映が決定、ついに“アベンジャーズ現象”が日本上陸 ・映画『スノーホワイト』の世界がデザート＆ドリンクになって登場 ・最強映画『アベンジャーズ』が『ダークナイト』『ハリポタ』越え ・“日本版EMINEM”ヒップホップ界の頂点が問題作のイメージ楽曲で参戦アイアンマン、キャプテン・アメリカ、ソー、ハルク、ホークアイといったヒーローたちが集結する超大作映画『アベンジャーズ』。『アバター』『タイタニック』に迫る大ヒットを記録し、全世界歴代興行収入第3位という記録的大ヒットを受け、8月17日の日本公開を前に先行上映されることが決定した。この勢いは日本でも爆発するのだろうか。
【歴史】 ・“のぼう様”が仕掛けるとんでもない奇襲とは？コミカルな予告映像が公開 ・ついに鎖ははずされた。ディカプリオの悪すぎるカオがヤバい、『ジャンゴ』米版予告編が 累計130万部を突破した大ベストセラーを映画化した『のぼうの城』の予告映像が公開された。東日本大震災後に公開延期を発表していたこともあり、本作の公開を心待ちにしているファンは多いだろう。
【ドキュメント】 ・満足度第1位、興奮するファンが制止される騒動も ・片腕を奪われた少女を五体満足の女優が演じる方法とは ・【編集部的映画批評】おぞましい“先生を流産させる”映画の盛況の秘密とは 片腕を奪われたプロサーファーの少女の物語『ソウル・サーファー』。ヴァイオレット役を射止めたアナソフィア・ロブは、サーフィンの経験がなかったので、本作のために1日4時間、サーフィンはもちろんのこと、水泳、ウェイトトレーニング、ストレッチなど徹底的なトレーニングを1カ月続けたそうだ。
【LOVE】 ・【オトナ女子映画部】結婚相手は“見た目”で選ぶな！「百万長者と結婚する方法」 ・美少女が高校時代を振り返る「恋愛より友達と遊ぶことに夢中」 ボーイッシュな魅力で人気を集める三根梓が映画初出演でヒロインを務める映画『シグナル〜月曜日のルカ〜』の女子高生限定試写会。三根と主題歌を歌うKyleeが登壇し、会場に集まった制服姿の女子高生を前に、高校時代の恋愛について語った
三根と主題歌を歌うKyleeが登壇し、会場に集まった制服姿の女子高生を前に、高校時代の恋愛について語った【人間ドラマ】 ・道端アンジェリカ、家族や仕事よりも“恋”を選ぶ・ジャガーとトラが対決！「奇跡体験！アンビリバボー
アンビリバボー」も驚く、あり得ない体験 ・『ハリー・ポッター』からの卒業。エマ・ワトソンがセクシーダンスを披露する新作予告が公開 ・日本一のミステリー作家・東野圭吾がブラックなコメディに挑戦
エマ・ワトソンがセクシーダンスを披露する新作予告が公開 ・日本一のミステリー作家・東野圭吾がブラックなコメディに挑戦KDDIとJ:COMによる「ドラマJoKer＜ジョーカー＞」で、国民的ミステリー作家・東野圭吾の意外とも言える「笑い」の短編集が配信されることが決定。30分のコメディが3本制作され、その予告編をムービーエンターでも公開している。それぞれの主演は、濱田岳、三上博史、笹野高史。あえて芸人をメインに据えなかった理由は、登場人物に「自発的に人を笑わせる」「面白い」という要素を持たせず、自然な笑いのストーリーをつくるということがあったそうだ。
本日、綾瀬はるかが干物女を演じる『ホタルノヒカリ』が公開となった。『メン・イン・ブラック3』と『ダーク・シャドウ』は、邦画の攻勢を阻むことができるのか。マット・デイモンの『幸せへのキセキ』はどこまで伸びるか。期待したい。
日別映画ニュースまとめ：2日（土）｜3日（日）｜4日（月）｜5日（火）｜6日（水）｜7日（木）｜8日（金）
伝説のロックバンド「ピンク・フロイド」を爆音で楽しむ自分の好きな曲を爆音で聴くという行為は意外と難しい。近隣住民に迷惑がかかるだろうし、ヘッドホンを使っても外で聴く時は音漏れが気になるだろうし、良識を持てば持つほど、その願いはかなわなくなる。
近隣住民に迷惑がかかるだろうし、ヘッドホンを使っても外で聴く時は音漏れが気になるだろうし、良識を持てば持つほど、その願いはかなわなくなる。だが、そんな気持ちに応えてくれるイベントがある。
だが、そんな気持ちに応えてくれるイベントがある。東京の武蔵野市にある吉祥寺バウスシアターは、ライブ用音響システムを映画上映用にチューンナップし、限界までボリュームを上げた“爆音”の渦の中で映画を楽しむ「爆音上映」という企画を行っている。その迫力は、重低音で椅子が揺れる程とも言われている。
その迫力は、重低音で椅子が揺れる程とも言われている。そんな吉祥寺バウスシアターでは、大人の音楽ファンに贈るライブエンタテインメントシリーズとして、新しく「ザ・ロックエイジ（Tales of the Rock Age)」というイベントを立ち上げる。これはロック黄金期の数々の名作を取り上げながら、聴き逃していたサウンドや見逃していた映像などを思う存分楽しむ空間を提供するイベント。第一回目は、2月末に『ザ・ウォール』のスペシャル・エディションをEMIミュージック・ジャパンからリリースするピンク・フロイドを取り上げる。
第一回目は、2月末に『ザ・ウォール』のスペシャル・エディションをEMIミュージック・ジャパンからリリースするピンク・フロイドを取り上げる。ピンク・フロイドは、大掛かりな仕掛けとスペクタクルに富んだライブ、そして、現代社会の問題をテーマにした歌詞で世界的に人気を博したイギリスのロックバンド。
ピンク・フロイドは、大掛かりな仕掛けとスペクタクルに富んだライブ、そして、現代社会の問題をテーマにした歌詞で世界的に人気を博したイギリスのロックバンド。彼らの曲「エコーズ」に注目した作品を今回は上映する。
彼らの曲「エコーズ」に注目した作品を今回は上映する。＜上映作品＞『クリスタル・ボイジャー』ジョージ・グリノーが、カメラを通して「サーファーの見た世界」を映し出したドキュメント映画。波間の果てと彼方に広がる“瞬間と永遠”にピンクフロイドの「エコーズ」が巧みにシンクロしていく。
波間の果てと彼方に広がる“瞬間と永遠”にピンクフロイドの「エコーズ」が巧みにシンクロしていく。『ライブ・アット・ポンペイ』ピンク・フロイドのライブを収録した映像ドキュメンタリー。観客のいないイタリアのポンペイにある遺跡でのライブは、宇宙の果てへと聴くものの体を連れて行くような感覚。「エコーズ」を前半と後半を分けて前半部をオープニングに、後半部でライブを締めくくった。
イベント開演は、2月17日の19時から。チケットの販売は劇場窓口やチケットぴあで行われている。
チケットの販売は劇場窓口やチケットぴあで行われている。ピンク・フロイドの公式Facebookページでは、1600万人以上が「いいね！」と共感している（1月27日時点）。今、まさに再燃するロックバンドの映像と音楽を劇場で爆音で楽しもう。
【MOVIE ENTER おすすめ記事】・ローラが1泊200万円の高級ホテルで高田純次を超えるテキトーな会見・美女をめぐる史上最大の“職権乱用”バトルが勃発！・有言実行の男、ジュード・ロウが自信作を引っ提げ来日決定・かわいいパンダ写真37枚、仕事の合間に見て癒される
広末涼子の鬼気迫る“婚活演技”が圧巻！ 『鍵泥棒のメソッド』予告編が公開銭湯で転んで頭を打ち、記憶を失った羽振りのいい男・コンドウ(香川照之)。そこに居合わせた貧乏役者・桜井(堺雅人)は、出来心からロッカーの鍵をすり替えて彼になりすます。しかし、その男は伝説の殺し屋だった！コンドウになりすました桜井は大金の絡んだ危ない依頼を引き受けてしまい、大ピンチに。一方、記憶を失い、自分を役者だと思い込んでいるコンドウは、“役者としての成功”を目指し始める。そんなまじめなコンドウに、婚活中の女性編集長・香苗(広末涼子)が、逆プロポーズ。失われた記憶、大金、そして結婚の行方…複雑に絡み合った事態の行く末には一体何が待っているのか！？
？2005年公開の『運命じゃない人』が、カンヌ映画祭・批評家週間で4冠に輝く快挙を成し遂げ、続く監督作『アフタースクール』も大ヒット。『鍵泥棒のメソッド』はその内田けんじ監督の期待の最新作だ。本作も、先日閉幕した第15回上海国際映画祭で、全上映回・約3000席のチケットが完売、日本映画史上初となる最優秀脚本賞も受賞し、すでに国内外で大きな話題となっている。
本作も、先日閉幕した第15回上海国際映画祭で、全上映回・約3000席のチケットが完売、日本映画史上初となる最優秀脚本賞も受賞し、すでに国内外で大きな話題となっている。・関連記事：広末涼子の登場に、上海で警備員を緊急増強これまであらすじやポスタービジュアルなどが公開されていたものの、まだまだ謎に包まれていた本作。その物語のヒントが見えてくる予告編がこのたび公開された。
その物語のヒントが見えてくる予告編がこのたび公開された。冒頭の険しい表情から一転、パンツ一丁で豪快に宙を舞う香川照之。さらに記憶を失い、カジュアルな服装で楽しそうに手を振り、“貧乏役者”になりきるギャップのある表情を見せている。今回も香川の激しく個性的な演技が見れるようだ。
今回も香川の激しく個性的な演技が見れるようだ。一方の堺雅人も、彼特有の“人の良さそうな役”かと思いきや、黒スーツに身を包み、血まみれになっているシーンも。
一方の堺雅人も、彼特有の“人の良さそうな役”かと思いきや、黒スーツに身を包み、血まみれになっているシーンも。さらに圧巻なのが広末涼子。“強気な編集者”という設定らしいツンとした言い回しから、「結婚する予定なんです！」というセリフまで、“婚活に命がけ”な強烈な女性であることを伺わせる映像だ。
」というセリフまで、“婚活に命がけ”な強烈な女性であることを伺わせる映像だ。今や邦画には欠かせない荒川良々が、異様な存在感で登場しているのも見逃せない。
今や邦画には欠かせない荒川良々が、異様な存在感で登場しているのも見逃せない。コミカルな演出が多く見られるが、最後には香川照之の不安感をあおるセリフも…果たして最後に待ち受けるのは、喜劇か悲劇か。つねに予想を裏切る展開で度肝を抜いてきた内田けんじ監督だけに気になるところだ。
つねに予想を裏切る展開で度肝を抜いてきた内田けんじ監督だけに気になるところだ。『鍵泥棒のメソッド』は9月15日より全国ロードショー・『鍵泥棒のメソッド』 - 公式サイト・MOVIE ENTERのTOPへ
『鍵泥棒のメソッド』は9月15日より全国ロードショー・『鍵泥棒のメソッド』 - 公式サイト・MOVIE ENTERのTOPへ【MOVIE ENTER おすすめコンテンツ】・「編集部的映画批評」 - 編集部の視点でオススメ映画をピックアップ！・「オトナ女子映画部」 - 恋する“オトナ女子”がいま観ておきたい映画を・「漫画コラム」 - 名作・珍作映画をリスペクトしてマンガで解説・「DVDエンター!」 - 見逃せないこの1本をあなたに！
・「オトナ女子映画部」 - 恋する“オトナ女子”がいま観ておきたい映画を・「漫画コラム」 - 名作・珍作映画をリスペクトしてマンガで解説・「DVDエンター!」 - 見逃せないこの1本をあなたに！ぐっさんが中村昌也を吹っ飛ばし大暴れ！4人がかりでも止められないほどの大乱闘「自分の中にある、父親像がぴったり重なった」と主人公・成樹少年のおとうちゃん役を演じた山口智充が語る。28日、東京・新宿のシネマスクエアとうきゅうにて『犬と首輪とコロッケと』の初日舞台挨拶が実施され、長原成樹監督、鎌苅健太、ちすん、中村昌也、宮下雄也（RUN&GUN）、山口智充が登場した。山口に一番印象に残ったシーンを聞いてみると「法事の乱闘シーンがめっちゃ盛り上がってですね、もう、みんな本気でお祭り騒ぎするわ、喧嘩をするわ、なんか映画を撮っているなあ、という実感がして本当に楽しかったですわ！」と振り返った。感動の場面についてコメントすると思われていたのに意外な答えだった。このシーンに関して、長原監督は「みんな汗だくで騒いでいてですね、自分がカットの声をかけても誰も聞こえないんですわ。でもね、僕はひとり外で寒かったです。」と語り、共演の中村昌也は「（山口さんは）まるで重戦機みたいで、止めようとした俺なんか吹っ飛ばされました（笑）」、主演の鎌苅健太も「4人がかりで行っても止められなかったもんね」と振り返った。自分の父親像と重なると山口は話していたが、さぞかし凄まじい“おとうちゃん”なのだろう。
自分の父親像と重なると山口は話していたが、さぞかし凄まじい“おとうちゃん”なのだろう。初の映画監督となる長原監督は「この映画を撮るうえで一番こだわったのは、99.9パーセント大阪人の手で作り上げるという事でした。僕の全力を注ぎ込んだ映画ですので、ぜひ何回も劇場に足を運んで、続編を作れるよう、応援をお願いします」と熱いメッセージを送った。
【MOVIE ENTER おすすめ記事】 ・伝説のロックバンド「ピンク・フロイド」を爆音で楽しむ ・三浦春馬を取り巻く3人の美女、暖かい公園のように身近で大切な存在 ・ローラが1泊200万円の高級ホテルで高田純次を超えるテキトーな会見 ・“無名の新人”ルーニー・マーラ、大女優と並びアカデミー主演女優賞にノミネート
【MOVIE ENTER おすすめ記事】 ・伝説のロックバンド「ピンク・フロイド」を爆音で楽しむ ・三浦春馬を取り巻く3人の美女、暖かい公園のように身近で大切な存在 ・ローラが1泊200万円の高級ホテルで高田純次を超えるテキトーな会見 ・“無名の新人”ルーニー・マーラ、大女優と並びアカデミー主演女優賞にノミネートミラ・ジョヴォヴィッチが、連続レイプ犯に狙われる『バイオハザード』シリーズや、『三銃士／王妃の首飾りとダ・ヴィンチの飛行船』など多くの作品で、観る者を魅了するアクション女優ミラ・ジョヴォヴィッチ。今度は、女性ばかりを狙った連続レイプ殺人犯に襲われる役に挑戦する。今回の映画『フェイシズ』で彼女が演じるのは、連続殺人を目撃した、平凡な小学校教師アンナ。事件がきっかけで相貌失認（そうぼうしつにん）という、まばたきをするたびに、人の顔がリセットされる障害に陥り、犯人の顔が判別できなくなる。そんな状態に陥った上、命を狙われるという役どころで、いつものアクションは封印している。そのアンナを守り、支えるのはこの事件を追いかけている刑事・ケレスト。演じるのは『ファンタスティック・フォー』シリーズの敵役Dr.ドゥームで一躍トップスターとなったジュリアン・マクマホンである。アンナが唯一顔を判別できると思った男性だが、実は——。実在する相貌失認というテーマを用い、顔が判別できないという究極の不安状態を疑似体験させる本作。2012年5月12日（土）ヒューマントラストシネマ渋谷ほか全国公開が決定している。
【 MOVIE ENTER おすすめ記事】 ・待望の最新作が世界各国で首位を奪還し、ミッションクリア！ ・中田英寿、被災地の子供たちにクリスマスプレゼント ・“日本のトップ総取替え”発言が現実になった ・一瞬でサラリーマンの“高級ランチ”が消える
食欲そそる、ドラマ「深夜食堂」第2部の絶品メニュー 小腹も心も満たします——。人気ドラマ「深夜食堂」の第2部ディレクターズカット版がBlu-ray＆DVDになって、4月27日にリリースされる。
人気ドラマ「深夜食堂」の第2部ディレクターズカット版がBlu-ray＆DVDになって、4月27日にリリースされる。営業時間は深夜0時から朝の7時頃まで、メニューは豚汁定食、ビール、酒、焼酎しかないが、できるものなら何でも作ってくれる「めしや」を舞台に、マスター（小林薫）と客たちの交流を描いた「深夜食堂」。映画のようなクオリティと、深く沁み入るストーリーが話題を呼び、第1部でギャラクシー賞（第47回テレビ部門選奨）を受賞した。続編にあたる第2部も2011年10月にTBS・MBS・RKB他で放送され、人気を博した。
続編にあたる第2部も2011年10月にTBS・MBS・RKB他で放送され、人気を博した。今回のパッケージ化では、放送を観た人でも楽しめるディレクターズカット版が収録されているほか、1部と2部を収めたBlu-rayのコンプリートBOXも同時発売される。
今回のパッケージ化では、放送を観た人でも楽しめるディレクターズカット版が収録されているほか、1部と2部を収めたBlu-rayのコンプリートBOXも同時発売される。ここで、第2部の主役ともいえる料理と「めしや」を訪れる豪華俳優陣を紹介しよう。
ここで、第2部の主役ともいえる料理と「めしや」を訪れる豪華俳優陣を紹介しよう。第十一話：「再び赤いウインナー」 出演：松重豊、光石研、安田成美
第十一話：「再び赤いウインナー」 出演：松重豊、光石研、安田成美第十二話：「唐揚げとハイボール」 出演：平田薫、永岡佑
第十二話：「唐揚げとハイボール」 出演：平田薫、永岡佑第十三話：「あさりの酒蒸し」 出演：馬渕晴子、宇梶剛士、甲本雅裕
第十三話：「あさりの酒蒸し」 出演：馬渕晴子、宇梶剛士、甲本雅裕第十四話：「煮こごり」 出演：伊藤歩、清水優
第十四話：「煮こごり」 出演：伊藤歩、清水優第十五話：「缶詰」 出演：早織、森岡龍、前野朋哉
第十五話：「缶詰」 出演：早織、森岡龍、前野朋哉第十六話：「クリームシチュー」 出演：吹越満、朝倉あき、徳井優
第十六話：「クリームシチュー」 出演：吹越満、朝倉あき、徳井優第十七話：「白菜漬け」 出演：市川実和子、田中哲司、螢雪次朗
第十七話：「白菜漬け」 出演：市川実和子、田中哲司、螢雪次朗第十八話：「冷やし中華」 出演：酒井若菜、芦川誠、塩見三省
第二十話：「ギョーザ」 出演：黒谷友香、リリー・フランキー、オダギリジョー
第二十話：「ギョーザ」 出演：黒谷友香、リリー・フランキー、オダギリジョー誰にでも思い出に残る大切な料理があるもの。フードスタイリスト飯島奈美が手がける、どこか懐かしい料理に食欲をそそられながら、心温まるストーリーに、ほっこりしてみては？
フードスタイリスト飯島奈美が手がける、どこか懐かしい料理に食欲をそそられながら、心温まるストーリーに、ほっこりしてみては？・深夜食堂 第2部 【ディレクターズカット版】 - Amazon
・深夜食堂 第2部 【ディレクターズカット版】 - Amazon・深夜食堂 第1部＆2部【ディレクターズカット版】Blu-ray - Amazon
神を自負した男が、無限の野心の果てに追い求めたもの 8月4日からの先行上映を経て、いよいよ24日に全国公開となったリドリー・スコット監督最新作、人類最大の謎《人類の起源》に迫る3Dエピック・ミステリー超大作『プロメテウス』。25日（土）と26日（日）の2日間で20万人以上を動員し、ネットでは本編に散りばめられた謎の数々に、早くも謎解き合戦が過熱。その謎を解き明かす手掛かりを握る男からのメッセージ映像を独占入手した。
その謎を解き明かす手掛かりを握る男からのメッセージ映像を独占入手した。『プロメテウス』では、ノオミ・ラパス演じる主人公のエリザベスが世界各地の古代遺跡から発見した共通のサインに導かれ、宇宙の果てへと旅立つ。その船となるプロメテウス号の開発や、アンドロイドのデヴィッドを含む17名の探査チームの選抜など、1兆ドルにも及ぶ巨額資金を提供するのが、ガイ・ピアース演じる巨大企業ウェイランド社の創設者ピーター・ウェイランドだ。
その船となるプロメテウス号の開発や、アンドロイドのデヴィッドを含む17名の探査チームの選抜など、1兆ドルにも及ぶ巨額資金を提供するのが、ガイ・ピアース演じる巨大企業ウェイランド社の創設者ピーター・ウェイランドだ。劇場公開前にオープンした「PROJECT PROMETHEUS」というサイトでは、ウェイランド社の会社概要など『プロメテウス』の世界観に現実味を与える様々な設定が事細かに掲載されている他、本編では使用されていない多数の特別映像がアップされた。その一つである「PETER WEYLAND 2023 TED TALK」では、ピーター・ウェイランドが聴衆を前に講演を行い、映像が撮影された2023年時点で人類は人工知能を造るに至っており、さらに数年で人間と同等の知能ができると彼は語っている。
その一つである「PETER WEYLAND 2023 TED TALK」では、ピーター・ウェイランドが聴衆を前に講演を行い、映像が撮影された2023年時点で人類は人工知能を造るに至っており、さらに数年で人間と同等の知能ができると彼は語っている。エリザベスら探査チームが宇宙へと旅立つのは、それから70年後の2093年。既にピーター・ウェイランドは死去しており、生前に撮影された映像が探査チームにメッセージを伝えるが、彼が巨額費用を投じてまで《人類の起源》を求めた理由とは一体何なのだろうか。その答えは、劇場にて自らの目で確かめて欲しい。
その答えは、劇場にて自らの目で確かめて欲しい。『プロメテウス』特集ページ
大島優子がここからどう破滅していくのか？ 『闇金ウシジマくん』特報解禁 “闇金”という禁断の題材をリアルに描いた漫画史上最大の問題作「闇金ウシジマくん」が、映画化され8月25日から公開。その特報映像が遂に解禁となった。債務者を非情に追い込み取り立てる最強の闇金ウシジマには若手実力派俳優の山田孝之。人生の目的を見失い出会いカフェに出入りするフリーター鈴木未來にはAKB48の大島優子。過去最大イベントを成功させて人生を一発逆転し成り上がろうとするイベントサークルの代表・小川純には『荒川アンダーザブリッジ』の林遣都。その他、崎本大海、やべきょうすけがドラマシリーズから引き続き登場。さらに映画版新キャストには、新井浩文、岡田義徳、ムロツヨシ、鈴之助、内田春菊、黒沢あすかなど個性的な役者が揃い、エグい世界をより危険に彩る。今回、映画『闇金ウシジマくん』特報映像が解禁となったが、わずか30秒の短い映像ながらもスリル満点に仕上がっている。この予告編では、大島優子はまだきれいな姿でいるが、本作では母親の借金を肩代わりしたことで、ウシジマから取り立てを受け追いつめられていく役。女の子たちが金のために時間を切り売りする「出会いカフェ」に踏み入れて堕ちていく。ここからどう変わるのか見ものである。さらに、原作ファンには嬉しい、肉蝮（にくまむし）の有名な「あの」シーンを思わせるカットがチラリと登場するのも見逃せない。映画『闇金ウシジマくん』は8月25日（土）より全国公開。
映画『闇金ウシジマくん』は8月25日（土）より全国公開。【MOVIE ENTERおすすめ記事】 ・石川梨華、ナンバー1ホステスを目指し奮闘 ・美山加恋と優香が福島に！絆をつなぐ大切さを映画を通して伝える ・福田萌、ジャガイモ型ゴーストに襲われた恐怖体験を告白 ・長澤まさみの胸元にハートがバクバク、モテキ「みゆきの部屋＆るみ子の部屋」
柴咲コウ“しばっちゃうのが、もったいない”「アジエンス」CM曲を発売 今年12月に、ハリウッド映画『47 RONIN』への出演を控える柴咲コウ。音楽活動においては、昨年11月に新ユニット「galaxias!」としてデビューを果たし、自身初の武道館公演を成功させた彼女が、音楽活動10周年を迎える今年、3月14日に自身が出演する花王「アジエンス」のCMソングとしてオンエア中の「Strength」を発売する。同じく3月14日には、昨年11月の武道館公演の模様を収めたライブDVD＆ブルーレイ「Kou Shibasaki Live Tour 2011 "CIRCLE & CYCLE" 2011.11.28 Tour Final @ NIPPON BUDOKAN」を同時発売。5月には、これまでにない特別なライブ内容を企画中の「Premium Live」を開催し、シングルと映像作品のダブル購入者を対象とした“特別抽選先行受付”も行われる。
5月には、これまでにない特別なライブ内容を企画中の「Premium Live」を開催し、シングルと映像作品のダブル購入者を対象とした“特別抽選先行受付”も行われる。・映画『47 RONIN』公式サイト 2012年12月公開 ・柴咲コウさん出演 アジエンス 最新テレビCM - 地肌から髪まで効かせる、アジエンス。
・映画『47 RONIN』公式サイト 2012年12月公開 ・柴咲コウさん出演 アジエンス 最新テレビCM - 地肌から髪まで効かせる、アジエンス。■関連記事 ・柴咲コウ、武道館を一つの“CIRCLE”に ・柴咲コウ、話題の新プロジェクトがデビュー前夜にシークレットライブ開催 ・柴咲コウ、「アジエンス」CMソング発売決定 ・柴咲コウ、北川景子主演ドラマ主題歌が1位獲得 ・インタビュー：映画『大奥』／柴咲コウ「描き出したかったのは“愛”なんだと思います」
桑田佳祐の歌が家族の“夢の扉”を開く 株式会社NTTドコモは、「夢を追いかける人たちを応援する〜KEEP ON DREAMING」をコンセプトとした、2012年夏のキャンペーン「ドコモthanksキャンペーン」を本日20日からスタート。本キャンペーンのTVCMには、桑田佳祐の新曲「愛しい人へ捧ぐ歌」が提供され、本人が自ら出演する。またNTTドコモ20周年スペシャルドラマ『夢への扉特別編「20年後の君へ」』の主題歌としても使用されることが決定した。
またNTTドコモ20周年スペシャルドラマ『夢への扉特別編「20年後の君へ」』の主題歌としても使用されることが決定した。「夢の扉」とは、NTTドコモが提供するヒューマンドキュメンタリー番組で、2004年10月に放送を開始。ナレーターに中井貴一、坂口憲二、向井理を迎え、いろいろな視点から未来を見つめ、世界各地に現在進行形で行動している “挑戦者” たちを紹介しているドキュメンタリー番組だ。
ナレーターに中井貴一、坂口憲二、向井理を迎え、いろいろな視点から未来を見つめ、世界各地に現在進行形で行動している “挑戦者” たちを紹介しているドキュメンタリー番組だ。今回、この番組のナレーターを務める3人が、NTTドコモ創立20周年を記念するスペシャルドラマに出演することが決まった。他にも、忽那汐里、田中圭、浜田学、岡本玲、平泉成、豊原功補、原田美枝子らが出演する。様々な“夢の扉”を開いて来た実在の人物や団体に着想を得たスペシャルドラマで新たな扉を開く。
様々な“夢の扉”を開いて来た実在の人物や団体に着想を得たスペシャルドラマで新たな扉を開く。ドラマで描かれるのは、一度バラバラになってしまった家族。家庭も仕事もうまくいっていることを疑わなかった父親につきつけられた、突然のがん宣告。しかしその事を伝える前に、家族は父親から離れていく。一人ぼっちになってしまった父親は、残された時間で家族の夢を後押ししようと決意。それこそが父親で夫としての彼の最後の “夢” だった。そして “夢” に向かう父親の姿を見て、家族も変わっていくのだった——。
そして “夢” に向かう父親の姿を見て、家族も変わっていくのだった——。夢を見ることは素晴らしい。しかし、楽しいことばかりではないのも事実。自分の力が及ばない現実の壁にぶつかり挫折したり、自分の夢が分からず苦しむ事もある。生活に追われ夢を見る気力もなくすこともあるだろう。そんな時、“夢の扉” はとても重たく感じてしまうもの。それでも 「扉を開けよう」 という意志がなければ何も始まらない。とにかく押してみれば、思いがけず扉は開くかもしれない。
とにかく押してみれば、思いがけず扉は開くかもしれない。このドラマの登場人物たちはそれぞれの夢を見つけ、それを追う中で現実の壁にブチ当たる。それでも彼らが諦めずに逆境を跳ね返し、夢を掴んでいく姿はドラマの核となり見るものの心をつかむはずである。力強く夢を追い続ける登場人物たちの姿を通して 「“夢”を見ることで未来を切り開くことができる 」 という力強いメッセージを届ける。
力強く夢を追い続ける登場人物たちの姿を通して 「“夢”を見ることで未来を切り開くことができる 」 という力強いメッセージを届ける。『夢への扉特別編「20年後の君へ」』は、7月1日（日）夜9時全国TBS系にて放送。
・MOVIE ENTERのTOPへ
・MOVIE ENTERのTOPへ【MOVIE ENTER おすすめコンテンツ】
【MOVIE ENTER おすすめコンテンツ】・「編集部的映画批評」 - 編集部の視点でオススメ映画をピックアップ！
・「編集部的映画批評」 - 編集部の視点でオススメ映画をピックアップ！・「オトナ女子映画部」 - 恋する“オトナ女子”がいま観ておきたい映画を
・「オトナ女子映画部」 - 恋する“オトナ女子”がいま観ておきたい映画を・「漫画コラム」 - 名作・珍作映画をリスペクトしてマンガで解説
・「DVDエンター!」 - 見逃せないこの1本をあなたに！
・「DVDエンター!」 - 見逃せないこの1本をあなたに！【プレゼント】伝説の推理作家 VS 小説模倣犯、命を賭けた5日間の頭脳ゲーム 映画『推理作家ポー 最期の5日間』試写会にご招待 『黒猫』、『モルグ街の殺人』の推理作家エドガー・アラン・ポーの最期に迫る『推理作家ポー 最期の5日間』が10月12日より公開される。本作は、未だ謎に包まれた“史上初の推理作家“の死を「ポー VS 小説模倣犯」の息つまる頭脳バトルとして大胆に構築したミステリーである。
本作は、未だ謎に包まれた“史上初の推理作家“の死を「ポー VS 小説模倣犯」の息つまる頭脳バトルとして大胆に構築したミステリーである。物語の舞台は、1849年のアメリカ・ボルチモア。町を切り裂く悲鳴とともに猟奇的な殺人事件が起こる。密室に残された2人の女性のうち1人は身体中を切り刻まれ、1人は殺されて煙突の中に宙づりになっていた。著書『モルグ街の殺人』に酷似した事件の容疑者としてマークされるポー。だが、捜査をあざ笑うように著作を模倣した第2、第3の事件が起こる。挙句の果てにポーの婚約者を誘拐し、推理の挑戦状を叩きつける犯人。容疑者から一転、犯人を追うことになったポーに、死体に残されたメッセージ、現場に残されたトリック、暗号を読み解くことはできるのか？すべての答えは小説の中にあった。
すべての答えは小説の中にあった。コナン・ドイルや江戸川乱歩といった推理作家にとどまらず、ティム・バートンら映像表現者にまで多大な影響を与え、没後160年の今も功績が語り継がれているポー。
コナン・ドイルや江戸川乱歩といった推理作家にとどまらず、ティム・バートンら映像表現者にまで多大な影響を与え、没後160年の今も功績が語り継がれているポー。彼を演じるのは『アイデンティティー』、『2012』などのジョン・キューザック。監督は、ダークな雰囲気を湛えた異色のヒーローアクション『Vフォー・ヴェンデッタ』のジェームズ・マクティーグが務める。
監督は、ダークな雰囲気を湛えた異色のヒーローアクション『Vフォー・ヴェンデッタ』のジェームズ・マクティーグが務める。今回、本作の試写会に5組10名様をご招待。大胆な発想とスタイリッシュな映像で緊迫感あふれる推理戦を描いた本作を鑑賞できるこの貴重な機会をお見逃しなく！
大胆な発想とスタイリッシュな映像で緊迫感あふれる推理戦を描いた本作を鑑賞できるこの貴重な機会をお見逃しなく！映画『推理作家ポー 最期の5日間』は、10月12日（金）より全国ロードショー。
映画『推理作家ポー 最期の5日間』は、10月12日（金）より全国ロードショー。プレゼント概要 映画『推理作家ポー 最期の5日間』試写会 日時 10月3日（水）開場18:00／開映18:30 場所 よみうりホール 募集人数 5組10名様
プレゼント概要 映画『推理作家ポー 最期の5日間』試写会 日時 10月3日（水）開場18:00／開映18:30 場所 よみうりホール 募集人数 5組10名様【応募方法】 MOVIE ENTER公式Twitterアカウント「@movie_enter」をフォローのうえ、 本記事のURL（http://news.livedoor.com/article/detail/6908108/）をツイートしてください。
【応募方法】 MOVIE ENTER公式Twitterアカウント「@movie_enter」をフォローのうえ、 本記事のURL（http://news.livedoor.com/article/detail/6908108/）をツイートしてください。【応募期間】 2012年9月3日（月）〜 9月21日（金）13時まで※当選者には、ツイッターのDM（ダイレクトメッセージ）でご連絡いたします。
【応募期間】 2012年9月3日（月）〜 9月21日（金）13時まで※当選者には、ツイッターのDM（ダイレクトメッセージ）でご連絡いたします。【応募条件】 ・日本に居住されている方（賞品配送先が日本国内の方）。・応募に関する注意事項に同意いただける方。
・応募に関する注意事項に同意いただける方。【注意事項】 ※本キャンペーンに関して、弊社が不適切な行為がされていると判断いたしましたアカウントは、キャンペーン対象外とさせていただきます。※弊社は、応募いただいた方のツイート内容には一切の責任を負いません。※当選発表は、当選者様への当選のご連絡をもってかえさせていただきますので、ご了承ください。※当選通知後、4日間ご連絡がない場合は、当選を無効とさせていただきます。※当選結果に関するお問い合せは受け付けておりませんので、ご了承ください。※当キャンペーンの掲載内容や条件は、予告なく変更する場合がございます。あらかじめご了承ください。※当選の権利の譲渡はできません。※キャンペーン参加にあたっては、必ず弊社個人情報保護方針「プライバシーポリシー」をお読みください。※当選時にご連絡いただく住所、氏名、電話番号は、その確認などの関連情報のご案内のみに使用し、キャンペーン終了後は弊社の定める方法に基づき消去いたします。※インターネット通信料・接続料およびツイートに関しての全ての費用はお客様のご負担になります。※次の場合はいずれのご応募も無効となりますのでご注意ください。・応募時の内容に記載不備がある場合。・お客さまのご住所が不明、または連絡不能などの場合。
作品情報 ・映画『推理作家ポー 最期の5日間』 - 作品情報 その他のプレゼント ・40年前の“笑い”が蘇る！第5回したまちコメディ映画祭in台東“ザ・ドリフターズ特集”にご招待 ・1番悪いヤツは誰なのか、北野武監督最新作『アウトレイジ ビヨンド』試写会にご招待 ・人種問題のタブーに挑んだ映画『ヘルプ 〜心がつなぐストーリー〜』のブルーレイ+DVDセット ・戦乱に埋もれた驚きの大逆転の実話を描く！映画『のぼうの城』ジャパンプレミアにご招待
映画『のぼうの城』ジャパンプレミアにご招待レオ様が老人に？ 監督でさえ気付かなかった姿を公開 FBI初代長官にして、死ぬまで長官であり続け、8人の歴代大統領でさえ恐れた伝説の男、ジョン・エドガー・フーバー。彼の生涯を描いた映画『J・エドガー』が、クリント・イーストウッドとレオナルド・ディカプリオの初タッグにより、来年1月28日に日本公開となる。これまで3度オスカー獲得を逃してきたディカプリオは、本作で20代の若かりし頃から70代の晩年のJ・エドガー役を一人で演じきり、悲願のオスカー獲得を狙う。
これまで3度オスカー獲得を逃してきたディカプリオは、本作で20代の若かりし頃から70代の晩年のJ・エドガー役を一人で演じきり、悲願のオスカー獲得を狙う。本作は、FBI初代長官で8人の歴代大統領が恐れたという伝説の男、ジョン・エドガー・フーバーの生涯を描いた物語。彼は、約50年もの間、アメリカのあらゆる秘密を掌握し、強大な権力を手にしていた。今では当たり前とされる科学捜査の基礎を確立し、犯罪者の指紋管理システムを構築するなど、彼の活躍は、FBIを子どもたちにとって憧れの存在にさせた。しかし、常に黒い疑惑や、スキャンダラスな噂がつきまとい、国家を守るという絶対的な信念は、そのためになら法を曲げてかまわないというほど強かった。結果、彼は、正義にもなり、悪にもなったのだった。彼が行った“正義”とはいったい何だったのだろうか。
彼が行った“正義”とはいったい何だったのだろうか。今回、公開された最新ビジュアルは、ディカプリオ演じるフーバー長官の姿。少しでも、フーバーの容貌に近づけるため、目の色や髪の色はもちろんのこと、年齢に応じて白髪のヘアピースを加え、富士額の毛を抜き、二重あごに見えるように首筋には特殊メイクを施した。さらに、鼻の形を鼻孔用増強剤で歪めるなど、その徹底した役作りは、監督が特殊メイクを施したディカプリオとすれ違っても気付かなかったほど。
さらに、鼻の形を鼻孔用増強剤で歪めるなど、その徹底した役作りは、監督が特殊メイクを施したディカプリオとすれ違っても気付かなかったほど。完成度の高い特殊メイクに、クリント・イーストウッド監督は「レオのメイクは本当に素晴しかった。スタッフが造り出したレオの顔はじつに見事。あのメイクをしたレオがいることで、J・エドガー・フーバーの存在を実感できたよ。」と満足気の様子。
」と満足気の様子。1人で20代から70代のJ・エドガー役を一人で演じ切ったディカプリオは「この映画は、本質的にフーバーという人物の内面を描いている。僕自身、演じているのがどんな人物なのかをしっかり理解できたと思う。クライド・トルソン、ヘレン・ガンディ、そして母親との関係によって、全生涯、全キャリアを通してフーバーという人物ができていった。それが興味深かったからこそ、僕は毎日撮影を続けられた。観客にもその点に興味を持って欲しい。」と本作の魅力を語った。
」と本作の魅力を語った。アカデミー賞監督賞に輝く名匠・イーストウッド、3度のオスカー・ノミネート経験のある実力派俳優・ディカプリオがタッグを組んだ本作。共演に、同じくオスカー・ノミネート経験のあるナオミ・ワッツやオスカー女優のジュディ・デンチら豪華キャストが名を連ねる。
共演に、同じくオスカー・ノミネート経験のあるナオミ・ワッツやオスカー女優のジュディ・デンチら豪華キャストが名を連ねる。果たして、オスカーを獲得することはできるのだろうか。
果たして、オスカーを獲得することはできるのだろうか。美形俳優で、女性からの人気が高いディカプリオの新たな一面が見れそうだ。
美形俳優で、女性からの人気が高いディカプリオの新たな一面が見れそうだ。映画『J・エドガー』は、2012年1月28日（土）より、丸の内ピカデリーほか全国ロードショー。
映画『J・エドガー』は、2012年1月28日（土）より、丸の内ピカデリーほか全国ロードショー。・映画『J・エドガー』 - 作品情報
・映画『J・エドガー』 - 作品情報【関連記事】 ・アメリカを支配した男の禁断の半生が明らかに、『J・エドガー』本予告映像＆US版ポスターが公開 ・アカデミー賞有力候補か、映画『J・エドガー（原題）』の日本公開が決定
壮大な世界観と魅力的なキャラクター、『ジョン・カーター』特別映像を先行公開 今から100年前の1912年に発表されて以来、『スター・ウォーズ』や『アバター』など数々の大作映画に影響を与えてきたといわれるエドガー・ライス・バローズの伝説的小説「火星のプリンセス」。
壮大な世界観と魅力的なキャラクター、『ジョン・カーター』特別映像を先行公開 今から100年前の1912年に発表されて以来、『スター・ウォーズ』や『アバター』など数々の大作映画に影響を与えてきたといわれるエドガー・ライス・バローズの伝説的小説「火星のプリンセス」。同作を原作に、ウォルト・ディズニー生誕110周年を迎えた今年、映像化不可能と言われた夢を実現した映画『ジョン・カーター』が、4月13日に2D・3Dで同時公開。
同作を原作に、ウォルト・ディズニー生誕110周年を迎えた今年、映像化不可能と言われた夢を実現した映画『ジョン・カーター』が、4月13日に2D・3Dで同時公開。既に公開されている予告編に続き、特別映像が公開された。
既に公開されている予告編に続き、特別映像が公開された。監督を務めるのは、本作が初の実写映画となるアンドリュー・スタントン。『ファインディング・ニモ』『ウォーリー』で全世界を沸かせた彼は「背景全てをCGにすることは全く考えなかった」と語る。彼が目指したのは、観る者がその匂いや触れた感覚までも感じ取れるような臨場感ある世界を再現すること。そこで選択したのは、ロケ撮影を行い、それを元にデジタルで造形するが、その分量は出来る限り最小限に止めるという手法だった。
そこで選択したのは、ロケ撮影を行い、それを元にデジタルで造形するが、その分量は出来る限り最小限に止めるという手法だった。スタントン監督のイマジネーションを具現化し、物語の舞台となる未知の惑星“バルスーム”を創造したのは、世界を牽引するクリエイターたち。太古の痕跡を残すロケ地・ユタ州の大自然をベースに、モーション・キャプチャーを含む最先端のテクノロジーが見事なまでに融合を果たし、興奮とリアリティに満ちたジョン・カーターの旅を観る者に体感させる。
太古の痕跡を残すロケ地・ユタ州の大自然をベースに、モーション・キャプチャーを含む最先端のテクノロジーが見事なまでに融合を果たし、興奮とリアリティに満ちたジョン・カーターの旅を観る者に体感させる。バルスーム上空を舞う飛空艇や、大地を移動する巨大都市など、壮大な世界観も魅力だが、牙と4本の腕をもつ緑色のサーク族や、見た目の割に愛らしいウーラなど、個性豊かなクリーチャーたちにも注目。
バルスーム上空を舞う飛空艇や、大地を移動する巨大都市など、壮大な世界観も魅力だが、牙と4本の腕をもつ緑色のサーク族や、見た目の割に愛らしいウーラなど、個性豊かなクリーチャーたちにも注目。視覚効果に優れた映像の中でも特に、ジョン・カーターを演じたテイラー・キッチュが「このシーンだけでも観る価値がある」と語るのは、周囲を高い壁に包囲された決闘場での大白猿との格闘のシーン。地球とは重力の異なるバルスームで超人的な跳躍力を発揮するジョン・カーターだが、片足を鎖に繋がれ、一頭でも苦戦する大白猿が更にもう一頭…。勝負の行方は如何に！？
？MOVIE ENTERの『ジョン・カーター』特集ページでは、ディズニーの名作ブルーレイ6タイトルが当たるTwitterキャンペーンも実施中。あなたに夢を与えてくれたディズニー作品を教えて下さい。
あなたに夢を与えてくれたディズニー作品を教えて下さい。・『ジョン・カーター』特集ページ
【DVDエンター！】世界で最もセクシーな美女も登場、映画史上最高の3D 今年7月29日より劇場公開され、『アバター』を超える3D稼動率を記録し、3作目にしてシリーズ最高となる国内興行収入40億円を突破した、マイケル・ベイ監督による映画『トランスフォーマー／ダークサイド・ムーン』。当初は最終章となる予定が、続編の製作も噂される中、早くも12月16日には同作がブルーレイ、DVDとなって発売されました。
当初は最終章となる予定が、続編の製作も噂される中、早くも12月16日には同作がブルーレイ、DVDとなって発売されました。トランスフォーマー／ダークサイド・ムーン 宇宙の戦士トランスフォーマーのオプティマス・プライムやバンブルビーと固い友情を築いた若者サムに、新たに迫る危機。悪のトランスフォーマー集団ディセプティコンが、強力な秘密兵器を擁して3度彼らの前に立ちはだかる。地球を舞台にした最終決戦の行方は!?
地球を舞台にした最終決戦の行方は!?映画史上最高の3Dをご家庭に マイケル・ベイは当初、『トランスフォーマー／ダークサイド・ムーン』を3Dで撮影する予定はありませんでしたが、ジェームズ・キャメロンの推薦により、採用を決定。『アバター』撮影スタッフの協力により、圧倒的な破壊力をもつ巨大なトランスフォーマーたちのみならず、3Dカメラをヘルメットに取り付けたスカイダイバーによって撮影された、ビル群の谷間を弾丸のごとく高速飛行する兵士のシーンなど、圧倒的な大迫力の映像が次々と観る者に襲い掛かります。ただし、ブルーレイは3Dと2Dの両方で発売されますが、一般家庭における3Dテレビとブルーレイ3Dの普及率はまだまだ低く、2Dで観る方がほとんどかと思われます。劇場公開時においても、IMAXなどの設備を完備したシアターを除けば、光量が足りないために画面が薄暗く、鮮明さに難点を感じたのは否めませんでしたが、過去2作品で実証済みのように、2Dで観てもその映像のクオリティは存分に堪能できるハズです。3Dテレビとブルーレイ3Dの導入を検討している方は、これを機に購入してみては如何なものでしょう。
世界で最もセクシーな美女がシャツ一枚でベッドに 1969年、月面着陸に成功したアポロ11号が月の裏側で目撃し、歴史の裏側に隠されたトランスフォーマーたちの存在。あれから40年、世界中の上空に突如現れた月からの侵略者たちによって、都市は壊滅的な状況へと陥ります。地球に味方していたオプティマス・プライム率いるオートボットにも見放され、立ち尽くす人類に残された希望の鍵とは…。
地球に味方していたオプティマス・プライム率いるオートボットにも見放され、立ち尽くす人類に残された希望の鍵とは…。降板したミーガン・フォックスに代わり、新たなヒロインに大抜擢されたのは、ロージー・ハンティントン＝ホワイトリー。世界で最も美しい女性100人（「MAXIM」誌）と、世界で最もセクシーな女性100人（「FHM」誌）のいずれも第1位に選出された彼女の肉体美も存分に堪能でき、ワイシャツ一枚で主人公サムに馬乗りになるベッドシーンや、2千5百万円もするスーパーカーのメルセデス・ベンツ「SLS AMG」から颯爽と降り立つ姿など、釘付けとなります。
主題歌「Iridescent」（アルバム「A Thousand Suns」収録）は、過去2作同様にLikin Parkが担当。ディセプティコンによって、なす術も無く暴虐の限りを尽くされ、絶望に打ちひしがれる人類の姿を映し出しながら、アコースティックピアノの音色から静かに流れる同曲は、鎮魂歌のようでもあり、反撃への狼煙のようにも響きます。
ディセプティコンによって、なす術も無く暴虐の限りを尽くされ、絶望に打ちひしがれる人類の姿を映し出しながら、アコースティックピアノの音色から静かに流れる同曲は、鎮魂歌のようでもあり、反撃への狼煙のようにも響きます。総司令官が孤軍奮闘で大活躍 高層ビルを喰らい尽くす巨大なトランスフォーマーをはじめ、数的優位を誇るディセプティコンに対し、人類に味方するオートボットはごくわずか。予告編でもその一部が見られるように、オートボットの総司令官オプティマス・プライムの孤軍奮闘の活躍が必見となる本作ですが、その一方で、オプティマスが一時戦線を離脱する場面では、その原因に些か納得しがたいものがありました。多勢に無勢を覆した戦いは過去の歴史にもありますが、圧倒的な軍勢を誇るディセプティコンの映像が大迫力で描写されるだけに、ラストはメカデザインの精密さ故に、良く分からない内に勝敗が決してしまった感も否めません。そういった意味でも、何度となく巻き戻して、細部の限りを納得のいくまで鑑賞するのに相応しい映像作品なのかもしれません。
そういった意味でも、何度となく巻き戻して、細部の限りを納得のいくまで鑑賞するのに相応しい映像作品なのかもしれません。・トランスフォーマー／ダークサイド・ムーン - 作品情報 【Amazon.co.jp限定】トランスフォーマー／ダークサイド・ムーン オプティマスプライム デュアルモデルキット スキャニングクリア仕様付き ブルーレイ＋DVDセット [Blu-ray]posted with amazlet at 11.12.18パラマウント ホーム エンタテインメント ジャパン (2011-12-16) 売り上げランキング: 375 Amazon.co.jp で詳細を見る
武藤敬司が暴露「闘魂三銃士は仲が悪かった」 18日、『バイオハザード』の監督、ポール・W・S・アンダーソンが手掛けた映画『三銃士／王妃の首飾りとダ・ヴィンチの飛行船』の公開に先駆けて、武藤敬司、蝶野正洋、橋本大地を招き、トークショー付試写会が行われた。日本で最も有名な三銃士“新生闘魂三銃士”として3人が登場すると、会場から盛大な拍手が起きた。
本作は、17世紀のフランスを舞台にした物語。銃士に憧れ、パリに出てきた気が強く無鉄砲な青年ダルタニアン。成り行きで三銃士の仲間入りを果たした彼は、フランス国王の側近の裏切りによって狙われた王妃の首飾りを取り返しにイギリスへと向かう。そこに立ちはだかるのは、事件の鍵を握る二つの黒い影、バッキンガム公爵と正体不明の美女ミレディだった。果たして、ダルタニアンは首飾りを取り返すことが出来るのだろうか。
果たして、ダルタニアンは首飾りを取り返すことが出来るのだろうか。新生闘魂三銃士が本作の魅力を語った。
新生闘魂三銃士が本作の魅力を語った。武藤敬司 「エキストラの数も多く、建物もゴージャス。映像も綺麗で、お金かかってるな（笑）。飛行船が出てくるなど、この時代にはありえない設定や結末が続きそうなところが、点から線へのつながりが大切なプロレスと被せて観れると思うな。プロレスは五感で感じ取れる。この映画も五感で感じて欲しい」
この映画も五感で感じて欲しい」蝶野正洋 「世界遺産での撮影で、昔のヨーロッパの街が綺麗に再現されている。アクションはもちろん、当時のファッションを観ていてもまた違った面白さがあると思う。新しい技術やアクションが盛り込まれた、新しい『三銃士』を楽しんで欲しい」
新しい技術やアクションが盛り込まれた、新しい『三銃士』を楽しんで欲しい」橋本大地 「無料で観てもいいのかなって思うぐらい、面白かったです。ダルタニアンに自分を重ねて観てしまいました。彼がどう三銃士に絡んでいくのか、勇気をもらったので、ぜひ見て欲しいです」
彼がどう三銃士に絡んでいくのか、勇気をもらったので、ぜひ見て欲しいです」劇中の有名なセリフに「ALL FOR ONE, ONE FOR ALL」がある。本作の三銃士のチームワークの良さについて語ろうとした武藤だったが、上手くセリフが言えず、何度もMCに聞き返す始末。結局、正しく言葉を発することが出来ず、やけを起こしながら「俺らは仲が悪かった」と暴露。会場からはどっと笑いが起こった。
会場からはどっと笑いが起こった。また、「ALL FOR ONE, ONE FOR ALL」に絡め「闘魂三銃士にとっての“ALL”とは？」の問いに対し、橋本と蝶野は「試合に見に来ていただくお客さん」と回答し、「お客さんが1人でも来てくれるからリングに立っている」と、いつも応援しているファンに対しての感謝の気持ちを伝えた。
」の問いに対し、橋本と蝶野は「試合に見に来ていただくお客さん」と回答し、「お客さんが1人でも来てくれるからリングに立っている」と、いつも応援しているファンに対しての感謝の気持ちを伝えた。橋本大地は、武藤と蝶野とともに“闘魂三銃士”と呼ばれていた橋本真也の息子。「父が三銃士で、僕はダルタニアン」と言うと、「ダルタニアンは1人の女のために闘う。正直プライベートはどうなんだ？女は何人いるんだ？」と武藤が橋本をからかう一幕もあったが、続けて「プロレス界の未来を背負って頑張ってほしい」と熱いエールを送った。
」と武藤が橋本をからかう一幕もあったが、続けて「プロレス界の未来を背負って頑張ってほしい」と熱いエールを送った。また、蝶野は「田舎から出てきて、やんちゃなところがダルタニアンに似ている。仕事の厳しさや女の誘惑など、色々経験して成長してほしい」と、本作の主人公・ダルタニアンと橋本をリンクさせコメントをした。
仕事の厳しさや女の誘惑など、色々経験して成長してほしい」と、本作の主人公・ダルタニアンと橋本をリンクさせコメントをした。闘魂三銃士のように、本作も日本でブレイクするだろうか。
闘魂三銃士のように、本作も日本でブレイクするだろうか。映画『三銃士／王妃の首飾りとダ・ヴィンチの飛行船』は、10月28日（金）よりTOHOシネマズスカラ座ほか全国3D・2Dロードショー。
映画『三銃士／王妃の首飾りとダ・ヴィンチの飛行船』は、10月28日（金）よりTOHOシネマズスカラ座ほか全国3D・2Dロードショー。・映画『三銃士/王妃の首飾りとダ・ヴィンチの飛行船』特集・映画『三銃士/王妃の首飾りとダ・ヴィンチの飛行船』公式サイト・映画公開記念コンテンツ「結成！○○三銃士」
『ドラゴン・タトゥーの女』主演ルーニー・マーラが来日「誤解されていると感じる経験は、誰にでもある」 全世界で6,500万部を売り上げた大ヒットミステリー小説を、『セブン』のデヴィッド・フィンチャー監督が映画化し、本年度アカデミー賞では主演女優賞をはじめ5部門でノミネートされた注目作『ドラゴン・タトゥーの女』。2月10日の公開に先駆けて、30日にはジャパンプレミアが行われ、翌31日にはデヴィッド・フィンチャー監督と主演ルーニー・マーラの来日記者会見が行われた。
2月10日の公開に先駆けて、30日にはジャパンプレミアが行われ、翌31日にはデヴィッド・フィンチャー監督と主演ルーニー・マーラの来日記者会見が行われた。——まずは一言ご挨拶を。デヴィッド・フィンチャー：今日はお越しいただきありがとう。昨日はジャパンプレミアで、客席から舞台まで、長いランウェイを歩いてモデルのような気分でした。モデルは久しぶりなので、少し緊張しました（笑）。
モデルは久しぶりなので、少し緊張しました（笑）。ルーニー・マーラ：初めての来日になります。まだあまり見れていないですが、東京はとっても好きです。午後少し時間があるので、街に出てみようと思います。日本に来れたことだけで嬉しいです。
——大ベストセラー、さらに一度映画化されている作品を取り上げた理由は？スウェーデン版との違いは？デヴィッド・フィンチャー：スウェーデン版は一度しか観ていません。特に入念に観た訳ではないのですが、、強いて言うならば脚本がだいぶ違うと聞いています。何よりも自分が実際に原作を読んだときに感じたことを忠実に描くように心がけました。あえてスウェーデン版との違いをつくろうとして作った訳ではないんです。
あえてスウェーデン版との違いをつくろうとして作った訳ではないんです。——リスベット役を引き受けた理由は？彼女のどこに共感しましたか？ルーニー・マーラ：原作を読んで好きになりました。読まれた方は皆さん彼女に共感を覚え好きになると思います。彼女をどのように演じたらいいかよく考えて、私はリスベットを演じることができる・理解できている、と思ったんです。彼女には色んなかたちで共感しました。人生の中で、自分が誤解されている、除け者にされている、と感じる経験は誰にでもあることだと思います。特にその点で共感することができました。
特にその点で共感することができました。引き受けた理由は、若い女優にとってこのような役に巡り合えるのはめったにないことですし、これは大きなチャンスだと思ったからです。
引き受けた理由は、若い女優にとってこのような役に巡り合えるのはめったにないことですし、これは大きなチャンスだと思ったからです。——リスベットのキャラクター造形について、原作より魅力的に感じました。どのように独自性を出しましたか？デヴィッド・フィンチャー：特に足したことはありません。原作の中でかなり入念に描かれています。なので2作目、3作目も読んで創っていきました。映画ではキャラクターが何を考えているかを表現することが大事だと考えています。ただし原作すべてを映像にするのは難しいので、シチュエーションをいくつか選んで、その中でリスベットだったらどのように振舞うかを見せることで、観客にはそこから感じてもらえるようにしました。足したというよりも、引いて、排除していく作業でしたね。まるで砂金をふるいにかけてを金だけを残すように、彼女の光り輝く部分を残すようにしました。このようにヒントを提示していくのは、クリエイトというよりも解釈した、という方が近いかもしれませんね。
このようにヒントを提示していくのは、クリエイトというよりも解釈した、という方が近いかもしれませんね。ルーニー・マーラ：今回のキャラクターづくりはすべてコラボレーションでした。監督、衣装デザイナー、プロデューサー、全員と話をさせてもらって、衣装からアイテムまですべて決めていきました。原作からのイメージが基本です。
原作からのイメージが基本です。——スウェーデンにこだわったのは、原作のどの部分に印象を受けて？またスウェーデンでの長期撮影の苦労は？デヴィッド・フィンチャー：他の街はまったく考えられませんでした。原作で描かれているように街がキャラクターにもたらすものはあまりにも大きい。それにとてもスウェーデンっぽい物語です。さらにはなんといっても原作がスウェーデン舞台にしていて、あれだけヒットされているんだから、映画も見習おうと思いました。ストックホルムというのは独特のデザインをもった街です。街のもつ雰囲気を作品に取り込むことができたと思っています。電車のシーンもそうですし、ラストシーンのミカエルのアパートの下にある石畳の道はとても美しいショットが撮れました。あとはなんといっても寒さですね。皆さんには作品を観ていても、スウェーデンの凍てつくような寒さを感じていただけるかと思います。
——今回はレッド・ツェッペリンの「移民の曲」、『ソーシャル・ネットワーク』ではビートルズの「Baby You're a Rich Man」を使われていました。世界的に有名な曲を起用する理由は？
世界的に有名な曲を起用する理由は？デヴィッド・フィンチャー：これまで世界的に無名の曲もたくさん使ったこともありますが（笑）、今回はたまたまスウェーデンをロケハンをしているときにレッド・ツェッペリンのアルバムがかかっていたんです。ふと思ったのがあの曲を女性のボーカルで歌ったら面白
ふと思ったのがあの曲を女性のボーカルで歌ったら面白いんじゃないかというインスピレーションが沸いたんです。『ソーシャル・ネットワーク』の「Baby You're a Rich Man」は相談しながら、あの場面ではパーフェクトだと考え決めました。インスピレーションなのでなんと答えるのは難しいですが…今回の作品ではエンヤの歌も使用していますが、それは殺人のトーンを創りあげるのに良い曲じゃないかと思ったからです。少なくともABBAよりは合っているかと（笑）
少なくともABBAよりは合っているかと（笑）——『ソーシャル・ネットワーク』のときは冒頭シーンを100テイクくらい撮ったと伺いました。今回は？ルーニー・マーラ：監督はすべてのシーンでなんども撮り直す手法をとられるので、いちいち数えていません（笑）。デヴィッド・フィンチャー：54テイクがあったよ。ルーニー・マーラ：そもそも数えていないし、それが当たり前だと思って演技をしていたから。『ソーシャル・ネットワーク』の100回テイクは9ページくらいある長いシーンだったので、特別なことではありません。
『ソーシャル・ネットワーク』の100回テイクは9ページくらいある長いシーンだったので、特別なことではありません。デヴィッド・フィンチャー：今回テイクを重ねたのは、特に天候によるところが大きいんです。たとえば夜橋に向かっていむかってリスベットがバイクを飛ばすスタント・シーンでは、道路が凍りつかないように火を使って溶かしながら撮影したり。何回撮ったか数えてられないし、とにかく1週間くらい撮っているような気分で撮っていましたよ。
何回撮ったか数えてられないし、とにかく1週間くらい撮っているような気分で撮っていましたよ。——ダニエル・クレイグの起用についてや、共演してみてのエピソードは？デヴィッド・フィンチャー：ダニエルは一番最初にキャスティングした男優。彼こそミカエルだと思いました。ボンド以前から彼のことを知っていて、いろんな役を演じられる才能豊かな俳優であることはもちろん知っていました。ミカエルの男らしさ、いろんな女性と友情関係を築けること、うまい聞き手であること、そしてウィットに富んでいることを重視して、それらを全部網羅しているのはダニエルしかいないと思い起用したわけです。
ミカエルの男らしさ、いろんな女性と友情関係を築けること、うまい聞き手であること、そしてウィットに富んでいることを重視して、それらを全部網羅しているのはダニエルしかいないと思い起用したわけです。ルーニー・マーラ：彼と一緒の仕事はアメイジングな経験でした。素晴らしい才能豊かな俳優であることは間違いないですが、それに忍耐強い人で、俳優としていろいろ教えてくれました。初めてのことにトライするのに、彼に勝る人はいません。ユーモアのセンスもあって、一緒にいて楽しい方でした。
ユーモアのセンスもあって、一緒にいて楽しい方でした。——ファッション・アイコンとしても注目されている今の気持ちは？ルーニー・マーラ：世間からそのように見られていることはあまり考えないようにしています。そのようなことに注意を払うことなく、自分なりの生き方を続けています。
——印象的なオープニングロールでしたが、どういうインスピレーションで？デヴィッド・フィンチャー：前提として良い曲があったので、これをタイトルシークエンスに使おうと決めました。その後ティム・ミラーに、リスベットの悪夢を映像化してほしいと依頼しました。それは抽象的でも、滑稽でもいい。体からいろんなものが出てくるようなもの。黒い漆がにじみ出てくるようなもの。とお願いしました。彼からは75個くらいのアイディアを出してもらったのですが、そこから25個選び、8週間で創ってもらいました。もっと時間をかけたかったですね。
もっと時間をかけたかったですね。——次回作もフィンチャー監督が？デヴィッド・フィンチャー：まずはたくさんの人に観てもらわなければ2作品3作品と続けられません。すごく大勢の人に観てもらわないとね！
・「第84回アカデミー賞」特集ページ
・「第84回アカデミー賞」特集ページ■関連記事・“無名の新人”ルーニー・マーラ、大女優と並びアカデミー主演女優賞にノミネート・ルーニー・マーラ、可憐さでセクシーなドレスで『ドラゴン・タトゥーの女』プレミアに登場
【2011下半期アワードvol.4】やっぱり、ジェニファー・アニストンはセクシーだった 「2011年下半期アワード」と題し、2011年下半期に公開された作品の中から、ムービーエンター編集部員が独断と偏見でベスト10を紹介。「ヒーロー妄想のカンタ」「ドラマのサイトー」「映画は芸術ハラ」と3週に渡って紹介してきたランキングも、「映画はビビビ！ のマサキ」で最後です。
第1位『モンスター上司』 パワハラ、セクハラ、バカハラな上司を持った3人の部下が元詐欺師の指示の元、上司抹殺計画を実行するコメディ作品。きっと、みなさんが予想している結末で当たっています。ただ、そこへいくまでの展開には驚きと笑いが待っています。普通ではあり得ないことばかりなのでツッコミどころ満載ですが、ただただ純粋に楽しめます。誰と観ても楽しめる作品ではないでしょうか。
誰と観ても楽しめる作品ではないでしょうか。セクシーな歯医者を演じたジェニファー・アニストンは、今年最もセクシーな女優に選ばれましたが、本作での役が影響しているかもしれませんね。
第2位『ステイ・フレンズ』 「編集部的映画批評」で取り上げたラブコメです。『ブラック・スワン』のミラ・クニスと『ソーシャル・ネットワーク』などで俳優業が板についてきたジャスティン・ティンバーレイクという注目の2人が共演している作品です。内容が似ているという点で、ナタリー・ポートマン主演映画『抱きたいカンケイ』と比較されますが、本作は、NYとLA、それぞれの街に合った大胆な演出など、ラブコメの枠にはまらない展開が良かったです。友達、恋人はもちろん、気になる異性と観ても楽しめると思います。
第3位『ライオン・キング／ディズニー・デジタル３Ｄ』 説明不要のディズニー映画。50作あるディズニー・アニメーションの中でも史上最大のヒット作だそうです。1994年に公開された同作を9カ月かけて3D化しました。細かいところまで影がつけられていて、限りなく実写に近い仕上がりになっています。新たに作り直された音楽によって、3D映像がさらに引き立てられ、素晴らしいの一言。吹替えのみの公開だったのが残念でしたが、名シーンを3D映像と音楽で堪能することができたので満足です。
吹替えのみの公開だったのが残念でしたが、名シーンを3D映像と音楽で堪能することができたので満足です。第4位〜10位 4位の『ちいさな哲学者たち』は、3歳から5歳までの2年間に、哲学の勉強クラスを設けるという教育を実践しているパリ郊外の幼稚園を取材したドキュメンタリー。子どもの素直さには驚かされると同時に見習うべきところがあると思いました。
子どもの素直さには驚かされると同時に見習うべきところがあると思いました。5位の『親愛なるきみへ』は“超”純愛映画。上半期に、下半期のおすすめ映画として挙げた作品です。相変わらずアマンダ・サイフリッドはかわいい。かわいい繋がりで、8位の『ラブ＆ドラッグ』でヒロインを演じたアン・ハサウェイもとてもかわいいです。
かわいい繋がりで、8位の『ラブ＆ドラッグ』でヒロインを演じたアン・ハサウェイもとてもかわいいです。それに対し、7位の『僕たちは世界を〜』は、向井理はもちろんのこと、松坂桃李がイケメンでした。彼は、最近、露出が増えてきたせいか“恋人にしたい有名人”では9位にランクインするほど。これからが楽しみな俳優ですね。
これからが楽しみな俳優ですね。映画はビビビ！ のマサキの2011下半期アワード 1位 モンスター上司 2位 ステイ・フレンズ 3位 ライオン・キング／ディズニー・デジタル３Ｄ 4位 ちいさな哲学者たち 5位 親愛なるきみへ 6位 サヴァイヴィング ライフ -夢は第二の人生- 7位 僕たちは世界を変えることができない。But, we wanna build a school in Cambodia. 8位 ラブ＆ドラッグ 9位 探偵はBARにいる 10位 ステキな金縛り
But, we wanna build a school in Cambodia. 8位 ラブ＆ドラッグ 9位 探偵はBARにいる 10位 ステキな金縛りちょっと残念だった映画『ステキな金縛り』 構想に10年を費やし、実現させた作品とあって、三谷作品常連のキャストが勢揃いする形となりました。深津絵里、西田敏行、阿部寛、竹内結子、浅野忠信、中井貴一といった主役級のキャストが揃えば、良い作品にならない訳がありません。ただ、ちょっと豪華過ぎのような気がして、残念でした。
ただ、ちょっと豪華過ぎのような気がして、残念でした。でも、「どうしたら有名な俳優を集め、撮影することができるのか？」という問いに対して、「僕が頼んでいるわけでなく、皆さんが『出たい、出たい』と言っているから仕方なく出してあげています(笑)」という冗談をかます三谷監督が好きなので、10位にランクインしました。
観なかったことが悔やまれる映画『ハリーポッターと死の秘宝 PART2』 シリーズ第1作目となる『ハリー・ポッターと賢者の石』を観たきり、苦手なタイプの作品と敬遠していたのですが、あれから10年も経てば好みも考え方も変わって、楽しめたのかもしれません。ましてや、10年も続いたシリーズの最終章ですから、第1作目を観ておいて最後を見届けられなかったのは少し後悔しています。DVDで、ハリー・ポッターたちの成長ぶりをチェックしようと思います。
以上、「映画はビビビ！
以上、「映画はビビビ！のマサキ」のベスト10を紹介してきた。4週に渡って紹介してきた「編集部的下半期アワード」はいかがでしたか？まだ公開中の作品もあるのでチェックしてみてください。・2011下半期アワード・2011上半期アワード・編集部的映画批評 映画はビビビ！
・2011下半期アワード・2011上半期アワード・編集部的映画批評 映画はビビビ！のマサキの2011年下半期総括 まだまだ映画勉強中ですが、だんだんと自分の好みの作品が分かってきたような気がします。苦手だと思っていた恋愛ものも案外いけるみたい。観たいと思わせる映画が多い下半期でした。2012年は、食わず嫌いせずにいろいろなジャンルの映画に挑戦してみようと思います。
2012年は、食わず嫌いせずにいろいろなジャンルの映画に挑戦してみようと思います。「編集部的映画批評」のこのキャラの記事一覧を見る
YOSHIKI、ゴールデン・グローブ賞授賞式でテーマ曲披露「感無量でした」 15日午後5時（現地時間）、米ロサンゼルスのカリフォルニア、ビバリー・ヒルズにあるビバリー・ヒルトン・ホテルにて「第69回ゴールデン・グローブ賞」授賞式が開催。兼ねてから報道されているYoshikiが作曲・プロデュースした同賞のオフィシャル・テーマ曲が、オープニングで司会のリッキー・ジャヴェイの登場と共に遂に披露された。
兼ねてから報道されているYoshikiが作曲・プロデュースした同賞のオフィシャル・テーマ曲が、オープニングで司会のリッキー・ジャヴェイの登場と共に遂に披露された。授賞式は、全米ネットワークNBCテレビにて生中継され、Yoshikiのテーマ曲は幕開けと同時に流れ、授賞式のオープニングからエンディングまでの様々なシーンで数十回にわたり、繰り返し同テーマ曲が流れた。授賞式エンディングのナレーションでは「Yoshiki、インターナショナル・アーティスト」と、今回テーマ曲を作ったYoshikiの名前が紹介されると、会場から惜しげも無い拍手が鳴り止まず、授賞式で配布されたプログラムでもテーマ曲の”Composer”として大きく紹介された。
授賞式エンディングのナレーションでは「Yoshiki、インターナショナル・アーティスト」と、今回テーマ曲を作ったYoshikiの名前が紹介されると、会場から惜しげも無い拍手が鳴り止まず、授賞式で配布されたプログラムでもテーマ曲の”Composer”として大きく紹介された。Yoshikiは「僕にハリウッドの、ど真ん中のドアを開けてくれた事に心から感謝しています。会場内で自分の作曲したテーマ曲が流れた時は、感無量でした。」とコメント。Yoshikiは授賞式でジェニファー・ロペス、アントニオ・バンデラスらと同じテーブルに着席し、知人であるモーガン・フリーマン氏と挨拶を交わしたりしていた。本年度のゴールデン・グローブ賞授賞式の様子は、世界190カ国で放映される。
■関連記事・『ヘルプ 〜心がつなぐストーリー〜』、オクタヴィア・スペンサーが初のGG受賞・【速報】第69回ゴールデン・グローブ賞、『アーティスト』が最多3冠・【2012年先取り映画vol.5】名もなきメイドたちの声を集め、時代を変えた一冊の「ストーリー」・「本人そっくり」と世界中で話題の“鉄の女”、ポスター画像と予告編が解禁・時代を変えた一冊、『ヘルプ 〜心がつなぐストーリー〜』予告編が解禁
『バイオハザード』を超えた、『三銃士』がドイツで初登場1位を獲得 10月28日より日本公開となる『三銃士／王妃の首飾りとダ・ヴィンチの飛行船』が製作国のドイツで先行公開され、初登場1位を獲得。興行収入は、345万ドルを記録。『バオハザード』シリーズを上回る好スタートを切った。今後、世界72カ国での公開が決定しており、世界的な大ヒットが予想される。
今後、世界72カ国での公開が決定しており、世界的な大ヒットが予想される。本作は、『バイオハザード』の監督、ポール・W・S・アンダーソンが手掛ける3D映画。物語の舞台となるのは、17世紀、フランス。名誉ある騎士の称号である“銃士”に憧れ、パリを訪れた青年ダルタニアンは、フランス最強の三銃士と出会う。やがて、王室を揺るがす巨大な陰謀へと巻き込まれ、王妃の秘密を握るイギリスの貴族バッキンガム公爵と、正体不明の美女ミレディの黒い影が立ちはだかる。果たして、フランスを救うことが出来るのか。
果たして、フランスを救うことが出来るのか。原作となるアレクサンドル・デュマの『三銃士』は、何度となく映像化されてきた。本作では、想像を超えるアクロバティックな剣さばきのアクションシーンや、陰謀、友情、ロマンスの要素をふんだんに取り入れた新しい“三銃士”が誕生する。また、クライマックスでの巨大な船同士の闘いは、壮大なスケールで描かれており、観る者の度肝を抜くことだろう。
また、クライマックスでの巨大な船同士の闘いは、壮大なスケールで描かれており、観る者の度肝を抜くことだろう。撮影は、世界遺産であるヨーロッパで最大級を誇る大きさの宮殿、レジデンツでも行われた。最新3Dカメラを8台投入したことで、誰も観たことのない全く新しい映像を実現させた。
最新3Dカメラを8台投入したことで、誰も観たことのない全く新しい映像を実現させた。主人公、ダルタニアンを演じるのは、ローガン・ラーマン。その宿敵、バッキンガム公爵役は、初の悪役となるオーランド・ブルームが演じる。さらに、妖艶でコケティッシュな悪女ミレディをミラ・ジョヴォヴィッチ、悪の権下リシュリュー枢機卿をクリストフ・ヴァルツが演じるなど、豪華キャストが集結している。
さらに、妖艶でコケティッシュな悪女ミレディをミラ・ジョヴォヴィッチ、悪の権下リシュリュー枢機卿をクリストフ・ヴァルツが演じるなど、豪華キャストが集結している。ドイツの劇場での出口調査の結果では、満足度が非常に高かったという。特に女性やファミリー層中心に期待を上回る面白さがある、と絶賛の声があがっている。
特に女性やファミリー層中心に期待を上回る面白さがある、と絶賛の声があがっている。果たして、日本でも高い満足度を得ることが出来るだろうか。
10月28日（金）より、TOHOシネマズスカラ座ほか全国ロードショー。・『三銃士／王妃の首飾りとダ・ヴィンチの飛行船』-公式サイト・『三銃士／王妃の首飾りとダ・ヴィンチの飛行船』-作品情報・『三銃士／王妃の首飾りとダ・ヴィンチの飛行船』試写会＜10月6日締切＞-プレゼントページ
・『三銃士／王妃の首飾りとダ・ヴィンチの飛行船』-公式サイト・『三銃士／王妃の首飾りとダ・ヴィンチの飛行船』-作品情報・『三銃士／王妃の首飾りとダ・ヴィンチの飛行船』試写会＜10月6日締切＞-プレゼントページ【関連ニュース】・オーランド・ブルーム、ミラ・ジョヴォヴィッチら21世紀の『三銃士』、ポスターが公開・ミラ・ジョヴォヴィッチら来日決定、映画『三銃士』が東京国際映画祭のオープニング作品に・『三銃士』による東日本大震災復興プロジェクトが始動、ミラ・ジョヴォヴィッチやオーランド・ブルームからもメッセージが！
【関連ニュース】・オーランド・ブルーム、ミラ・ジョヴォヴィッチら21世紀の『三銃士』、ポスターが公開・ミラ・ジョヴォヴィッチら来日決定、映画『三銃士』が東京国際映画祭のオープニング作品に・『三銃士』による東日本大震災復興プロジェクトが始動、ミラ・ジョヴォヴィッチやオーランド・ブルームからもメッセージが！・オーランド・ブルームが初挑戦する悪役の映像がついに解禁！・オーランド・ブルームが悪役に初挑戦！
三浦友和、百恵さんとの夫婦関係を告白 12月3日（土）より全国公開となる映画『RAILWAYS 愛を伝えられない大人たちへ』。人生を鉄道になぞらえ、鉄道にまつわる人々のドラマを描く『RAILWAYS』シリーズの第2弾となる本作は、富山を舞台に、夫の定年退職を機に第2の人生に向き合う鉄道運転士とその妻の物語だ。本作の公開を記念し、主人公の鉄道運転士・滝島徹を演じる三浦友和が、自らの半生、妻である百恵さんとの夫婦関係、家族について語った「相性」（定価1,470円）が出版されることになった。発売日は、三浦夫妻の結婚記念日であり、本作の富山での先行公開日でもある11月19日（土）。『RAILWAYS』で演じた役柄と同様、まもなく60歳を迎える三浦友和。本作で、長年連れ添った妻に突然離婚届を突きつけられ、夫婦のあり方やこれまでの生き方を見つめ直す男を演じたことがきっかけとなり、自らも人生を振り返ることになった。本書のタイトル「相性」は、三浦が考える夫婦円満の秘訣に由来し、今回、本人の希望により採用されたもの。本書では、夫婦関係を中心に、俳優・三浦友和の少年時代から現在に至るまでの軌跡、出会った人々、子育てについてなどが赤裸々に綴られている。「私は素晴らしく相性の合う女性と出会い結婚出来たといえる。出会いから30数年倖せに暮らしているのだから、たぶん勘違いではなさそうだ。私たち夫婦は本当に喧嘩をしたことがない。共に喧嘩で引きずる空気感が嫌いなのと、喧嘩をして初めて深くわかり合えるなどという説を、はなから信用していないからだと思う。夫婦喧嘩は犬も喰わないのだ。」（本書まえがきより）“理想の夫婦像”を体現してきた三浦友和、百恵夫妻。その内側を垣間見ることができそうだ。
その内側を垣間見ることができそうだ。■作品情報 ・『RAILWAYS 愛を伝えられない大人たちへ』■関連記事 ・中尾明慶、「RAILWAYS」ロケ地・富山に凱旋 ・三浦友和＆余貴美子「RAILWAYS」ロケ地・富山でぴったり寄り添う ・三浦友和主演『RAILWAYS』続編、主題歌はユーミンに！塚本高史、中川家礼二、仁科亜季子も出演が決定！
世界の映画祭で話題沸騰！インドネシアの壮絶バイオレンス・アクション『ザ・レイド』予告編が解禁 インドネシア、ジャカルタのスラム街にそびえ立つ30階建て高層ビル。麻薬王が支配するそのビルは、ギャング、殺し屋、ドラッグの売人たちのアジトだった。強制捜査に入ったSWATチームは、麻薬王を逮捕するため、ビルの奇襲計画を実行に移す。だがその計画は全て筒抜けだった。激しい銃撃戦を経て、次々と命を落としていく仲間たち。残された隊員は、全住人を倒し、難攻不落の犯罪ビルから脱出できるのか…。強制捜査（=RAID/レイド）に入った20人のSWATと、ギャングの壮絶な殺し合いを全編102分のノンストップアクションで描く、それがインドネシア発の壮絶バイオレンス映画『ザ・レイド』だ。第36回トロント国際映画祭ミッドナイト・マッドネス部門観客賞受賞、第44回シッチェス・カタロニア国際映画祭など世界各国の映画祭を席巻。そしてアクション描写の完成度の高さから全米公開もされ、続編の製作、さらにはハリウッド・リメイクも決定。全世界に熱狂をもって迎えられた本作が、10月に日本公開することが決定。さらに今回、その壮絶アクションの片鱗を見て取れる、日本版予告編も解禁となった。公開された映像では、ビルに突入し激しい銃撃戦を繰り広げるSWATとギャングの様子、剥き出しの巨大なナタを手に狭い通路で格闘する、迫力のアクションが繰り広げられている。なお、本作で使用されている格闘技はインドネシアの軍式格闘術“シラット”。一般的には馴染みがないが、全世界50カ国で採用されている超実戦的格闘技だ。打撃、関節、武器格闘まで、あらゆる局面への対応を想定しているため、映像もこれまでのアクション映画では観られなかった、壮絶なものとなっている。さらに、この映像は本作のほんの一部に過ぎない。本編ではオープニングを除く約102分のほとんどが衝撃的アクションシーンとなっている。『ザ・レイド』は10月下旬 シネマライズ・角川シネマ有楽町他 全国ロードショー
『ザ・レイド』は10月下旬 シネマライズ・角川シネマ有楽町他 全国ロードショー・『ザ・レイド』 - 公式サイト
・『ザ・レイド』 - 公式サイト・MOVIE ENTERのTOPへ 【MOVIE ENTER おすすめコンテンツ】 ・「編集部的映画批評」 - 編集部の視点でオススメ映画をピックアップ！ ・「オトナ女子映画部」 - 恋する“オトナ女子”がいま観ておきたい映画を ・「漫画コラム」 - 名作・珍作映画をリスペクトしてマンガで解説 ・「DVDエンター!」 - 見逃せないこの1本をあなたに！
・「オトナ女子映画部」 - 恋する“オトナ女子”がいま観ておきたい映画を ・「漫画コラム」 - 名作・珍作映画をリスペクトしてマンガで解説 ・「DVDエンター!」 - 見逃せないこの1本をあなたに！『アベンジャーズ』が3週連続1位、ディズニー史上最高記録を達成 4月25日より世界各国で公開され、5月4日には全米で公開となった今世紀最大の映画プロジェクト『アベンジャーズ』。3週目の週末興行収入は5,500万ドルを記録し、3週連続1位を獲得（2012年5月21日現在 Box Office MOJO調べ）。早くも全世界の興行収入は11億8000万ドルを突破し、『パイレーツ・オブ・カリビアン/デッドマンズ・チェスト』（6位、10億6617万ドル）を上回る歴代4位にランクインを果たし、ディズニー配給映画史上、過去最高の記録を達成した。
早くも全世界の興行収入は11億8000万ドルを突破し、『パイレーツ・オブ・カリビアン/デッドマンズ・チェスト』（6位、10億6617万ドル）を上回る歴代4位にランクインを果たし、ディズニー配給映画史上、過去最高の記録を達成した。日本では、3月25日にTOHOシネマズ六本木にて、異例の1日限定スペシャル前売り券が特典とともに発売され、即日完売。5月25日からは“第一弾”前売り鑑賞券が発売開始されることが決定した。第一弾では、特典としてUS版オリジナルポスターをもれなくプレゼント。US版オリジナルポスターは、先日解禁された日本版オリジナルポスターとはデザインも若干異なり、日本の劇場では掲出されない非常にレアなアイテムで、『アベンジャーズ』ファンには生唾ものの特典となっている。
US版オリジナルポスターは、先日解禁された日本版オリジナルポスターとはデザインも若干異なり、日本の劇場では掲出されない非常にレアなアイテムで、『アベンジャーズ』ファンには生唾ものの特典となっている。6月30日からは、続く“第二弾”前売り鑑賞券の発売開始が決定。第二弾の特典は数量限定『アベンジャーズ』携帯ストラップと決定しているが、その詳細は未定となっている。なお、前売り特典には数量に限りがあるため、無くなり次第終了となる。
・映画『キャプテン・アメリカ ザ・ファースト・アベンジャー』特集
・映画『キャプテン・アメリカ ザ・ファースト・アベンジャー』特集アベンジャーズ - 公式サイト
アベンジャーズ - 公式サイト■関連記事・『アバター』を抜くか？“最強”ヒーローが勢揃いの日本版オリジナルポスター公開・最強映画『アベンジャーズ』、歴代最速で『アバター』『ハリポタ』越え・世界はヒーローを待っている！『アベンジャーズ』が、『ハリポタ』の記録を抜き快進撃・“日本最強”のヨーロッパ組が“最強”映画に集結「チームワークの必要性を再認識」・全世界を席巻、最強“アベンジャーズ”現象が全米からヨーロッパへと拡大
沢尻エリカがプロデュース、人気ブランドとコラボ商品発売 いよいよ本日2月1日よりBeeTVにて配信開始となった、沢尻エリカ4年半振りの女優復帰作として話題のドラマ『L et M わたしがあなたを愛する理由、そのほかの物語』。沢尻エリカが一人二役を演じる本作とのコラボ企画として、沢尻エリカがファッションプロデューサーで参加し、大人気ブランド「サマンサタバサ」と制作したバッグや、「マーキュリーデュオ」と制作した洋服などが販売される。
沢尻エリカが一人二役を演じる本作とのコラボ企画として、沢尻エリカがファッションプロデューサーで参加し、大人気ブランド「サマンサタバサ」と制作したバッグや、「マーキュリーデュオ」と制作した洋服などが販売される。ドラマ『L et M わたしがあなたを愛する理由、そのほかの物語』は、見た目も性格も対照的な女性“絵瑠（エル／L）”と“絵夢（エム／M）”を主人公に展開する2つの物語からなるラブストーリー。仕事をバリバリこなし、キレイでカッコいいが、恋愛に関しては奥手な女性、“絵瑠（エル／L）”。かたや、明るく可愛らしいが、恋愛に関しては、積極的で小悪魔タイプな女性、“絵夢（エム／M）”。絵瑠と絵夢の前に現れる2人の男性との絡み合う恋愛事情を繊細かつリアルに描いている。
絵瑠と絵夢の前に現れる2人の男性との絡み合う恋愛事情を繊細かつリアルに描いている。劇中衣装は、それぞれ、絵瑠と絵夢のキャラクターに合わせて、人気ファッション誌、宝島社の「sweet」と講談社「GLAMOROUS」が全面プロデュース。約50着に及ぶ最新ファッションを沢尻エリカが鮮やかに着こなしドラマに彩りを与えている。
約50着に及ぶ最新ファッションを沢尻エリカが鮮やかに着こなしドラマに彩りを与えている。さらに今回、本作のために沢尻エリカがファッションプロデューサーとして、大人気ブランド「サマンサタバサ」、「マーキュリーデュオ」とコラボレーションを果たし、それぞれのキャラクターに合わせてバックや洋服をプロデュース。各ブランドとのコラボ商品はECサイト「スタイライフ」、「ランウェイチャンネル」で本日2月1日より販売開始されている。
各ブランドとのコラボ商品はECサイト「スタイライフ」、「ランウェイチャンネル」で本日2月1日より販売開始されている。劇中でも使用されている本コラボ商品は、各ブランドプロデューサーと「sweet」「GLAMOROUS」各誌、沢尻エリカ本人が打合せを重ね、本作のために制作した貴重な商品。また、コラボレーション商品と共に劇中にて着用した約35着の衣装、小物も合わせて販売されることが決定しており、誰でもすぐに沢尻エリカ演じる主人公、絵瑠と絵夢になりきり変身することができる。バッグ、ワンピースは絵瑠バージョンと絵夢バージョンを制作し、絵夢バージョンのバックとワンピースは3月12日より販売開始となる。
バッグ、ワンピースは絵瑠バージョンと絵夢バージョンを制作し、絵夢バージョンのバックとワンピースは3月12日より販売開始となる。サマンサタバサニューヨーク プレスコメント 沢尻とデザインしていく上でこだわった部分 お忙しい合間を何とかご調整頂き、ショールームにご来社頂き、生地見本、金具、ステッチの糸、全て時間をかけて、ご自分のイメージを形にして頂き、ともにゼロから起こした他では手に入らない、特別かつオリジナリティにあふれたバッグです。
サマンサタバサニューヨーク プレスコメント 沢尻とデザインしていく上でこだわった部分 お忙しい合間を何とかご調整頂き、ショールームにご来社頂き、生地見本、金具、ステッチの糸、全て時間をかけて、ご自分のイメージを形にして頂き、ともにゼロから起こした他では手に入らない、特別かつオリジナリティにあふれたバッグです。コラボ商品を制作しての感想 ファッションはそのときのシチュエーションやモチベーション、ライフスタイルやキャラクター、女性の様々なシーン、表情に関わる非常に重要なアイテムです。LとM、全く対極に立つ二人の女性をバッグを通して表現するという始めての経験をさせて頂き、本当に楽しく、刺激的でした。是非、一人でも多くの方にこのときめきを感じて頂きたいです。
是非、一人でも多くの方にこのときめきを感じて頂きたいです。沢尻と制作しての印象や感想 打ち合わせ当日、ルームウエアで来ちゃってごめんなさい☆とおっしゃってたのですが、そのファッションがもう、可愛くて、格好良くて！サマンサスタッフ一同、うっとりでした！その発信力、独自性、表現力。最高でした！その魅力が，このバッグには詰め込まれていると思います！
その魅力が，このバッグには詰め込まれていると思います！制作時のエピソードなど 超多忙な中の限られた時間でのお打ち合わせでしたが、沢尻さんの中でのイメージがとても明確でぶれがなく、こだわりと、好みがはっきりされてらっしゃったので、勢いをもって、デザインミーティングさせて頂けました。サンプルチェックも撮影の時期と重なってしまったのですが、撮影現場でお時間を作って頂き、細部まで確認、修正を繰り返し、イメージに近づけて頂きました。
サンプルチェックも撮影の時期と重なってしまったのですが、撮影現場でお時間を作って頂き、細部まで確認、修正を繰り返し、イメージに近づけて頂きました。マーキュリーデュオ プロデューサー 渡辺由香コメント 沢尻とデザインしていく上でこだわった部分沢尻さんの表現したいものを出来る限り作りたいと思いました。
マーキュリーデュオ プロデューサー 渡辺由香コメント 沢尻とデザインしていく上でこだわった部分沢尻さんの表現したいものを出来る限り作りたいと思いました。コラボ商品を制作しての感想 妥協のないものづくりの姿勢に刺激をいただきました！
コラボ商品を制作しての感想 妥協のないものづくりの姿勢に刺激をいただきました！沢尻と制作しての印象や感想 沢尻さんはとてもデッサンも上手で多彩な才能を持っており、魅了されました！また、デッサンが上手でしたので、制作していくうえで、彼女の要望がとてもわかりやすかったです。
また、デッサンが上手でしたので、制作していくうえで、彼女の要望がとてもわかりやすかったです。・ 「BeeTV」特集ページ - MOVIE ENTER ・L et M わたしがあなたを愛する理由、そのほかの物語 - BeeTV
・「サマンサタバサニューヨーク」コラボバッグ（第2話にて絵瑠が使用）
・「サマンサタバサニューヨーク」コラボバッグ（第2話にて絵瑠が使用）・「マーキュリーデュオ」コラボワンピース（第8話にて絵瑠が使用）
・「マーキュリーデュオ」コラボワンピース（第8話にて絵瑠が使用）・「flake」コラボリング（
第8話にて絵瑠が使用）■関連記事・2人の“エリカ様”が女優復帰会見でEXILEダンス披露・沢尻エリカが約４年半ぶりの女優復帰「いい女って何だろう？」
鈴木亜美がイメージ一新、大人の色気たっぷりの大胆な“高級コールガール”に 10月22日より、全国無料放送のBS12ch TwellVで放送開始となったオリジナルドラマ『クルマのふたり TOKYO DRIVE STORIES』（隔週土曜日20時〜20時半）。同ドラマでは、初のBSドラマ出演を果たした鈴木亜美が、今までの元気なイメージを一新して、真っ白なスーツを着こなし大人の色気たっぷりの女性に変身し、新たな一面を披露。VIPだけを相手にする、大胆な“高級コールガール”に挑戦している。
VIPだけを相手にする、大胆な“高級コールガール”に挑戦している。11月19日に放送となる第3話では、エスコートドライバーの男が高級コールガールとなった過去の女に、偶然にも再開するところから始まる男女の話。エスコートドライバー役を石黒賢、高級コールガール役を鈴木亜美が演じ、緊迫した男女の関係を絶妙なコンビネーションで好演している。
エスコートドライバー役を石黒賢、高級コールガール役を鈴木亜美が演じ、緊迫した男女の関係を絶妙なコンビネーションで好演している。鈴木亜美は、撮影について「これまで実年齢より若い役ばかり演じてきたのですが、年上の役も（年齢が下の役と同じように）共感することが多くて新鮮でした。台本を貰って読んでからも役に共感できるところもあり、こういうことを言われたら男の人ってうれしいんだろうなって思いながら演じました。」とコメント。
」とコメント。主演の石黒賢は、鈴木亜美について「非常に可能性を秘めた女優さんですよね。女性の強さや、秋乃（役名）らしい強さをうまく演じられていたと思います。」とコメント。車の中で2人きりの撮影についても「すごく刺激的な撮影だった。」と語り、大満足で撮影を終えた様子だった。
」と語り、大満足で撮影を終えた様子だった。『クルマのふたり TOKYO DRIVE STORIES』は、2人のキャストがクルマの中で繰り広げる、人生の一片を切り取ったショートストーリー。車内という、手を伸ばせば互いに触れられる距離。限定された空間の中だからこそ展開する会話と人間模様。そして、ラストに待ち受けるのは？
そして、ラストに待ち受けるのは？かつて愛し合った男と女…、末期の病を抱えた元ミュージシャン、秘密を持った夫婦…など、各話毎に異なるシチュエーションで描かれる。車内で繰り広げられる会話劇によってストーリー展開する一話完結型ドラマとなっている。
車内で繰り広げられる会話劇によってストーリー展開する一話完結型ドラマとなっている。第3話「頼むから静かにしてくれ」 2011年11月19日（土）放送 島田一章は、高級コールガールを客の待つホテルへ送り届ける運転手。就任したばかりだが、そつなくエスコートドライバーの仕事をこなしていた。
就任したばかりだが、そつなくエスコートドライバーの仕事をこなしていた。就任から一週間を迎えたある日、島田は歓楽街で『秋乃』という高級コールガールを乗せることを電話で指示される。VIP顧客が専門のエースだという。緊張して待つ島田のクルマに一人の女が乗り込んできた。しかし、ミラーを見た島田は驚くことになる。後ろの座席に乗り込んだ洗練された身なりの彼女は、島田の昔の女だったからだ。リアシートの秋乃からは、運転手の島田の顔は見えない。島田に気付いているのかいないのか、彼女はこれまでの仕事について赤裸々に語り始める…。
島田に気付いているのかいないのか、彼女はこれまでの仕事について赤裸々に語り始める…。出演：島田一章役…石黒賢、秋乃役…鈴木亜美
出演：島田一章役…石黒賢、秋乃役…鈴木亜美放送スケジュール：2011年10月22日（土）スタート、隔週土曜20:00〜20:30 全10話 ※初回放送の翌週土曜20:00〜再放送
放送スケジュール：2011年10月22日（土）スタート、隔週土曜20:00〜20:30 全10話 ※初回放送の翌週土曜20:00〜再放送・クルマのふたり TOKYO DRIVE STORIES - 公式サイト
【いちおう妖ヶ劇場】第12話：ミニサイズになって体内を“見に”行くぞの巻 父の事業の失敗で貧乏に転落した元お嬢様の勅使河原 栄華（てしがわら えいか）は、映画好きのネコ仙人ら妖怪たちが住むアパートで、貧しいながらも楽しく（？）暮らしている。今日もせっせと内職作業で生活費を稼いでいる栄華ちゃんのところにネコ仙人が怪しいアイテムを持ってきた。何やらまた良からぬ事が起こりそうな——。
何やらまた良からぬ事が起こりそうな——。・初めてなので過去の作品から読む
・初めてなので過去の作品から読む■次のページへ 『ミクロの決死圏』（1966年：アメリカ） 物質縮小1時間の限界を超える科学者が東側から亡命。だが敵の襲撃を受け科学者は脳内出血を起こし意識不明に。彼の命を救うためには、脳の内部から治療するしかない。1時間というタイムリミットの中、医療チームを乗せて縮小した潜水艦が科学者の体内を進む。
1時間というタイムリミットの中、医療チームを乗せて縮小した潜水艦が科学者の体内を進む。1 2 3 4
今話題の女性アイドルが一堂に会した究極の映画 吉川友、早見あかりをはじめ、ぱすぽ☆、キャナァーリ倶楽部、THEポッシボー、アップアップガールズから選抜メンバーが出演する、今話題の女性アイドルが一堂に会した究極のアイドル映画『Cheerfu11y（チアフリー）』がこの度完成。10月22日より全国公開されることが明らかになった。
10月22日より全国公開されることが明らかになった。『Cheerfu11y』では、個人の突出した技術ではなく、チームとしての団結力が求められる競技「チア＆ダンス」に、今話題の11人のアイドルがリアルに挑戦。ひょんなことから、地元で開催されるチア＆ダンス大会に出場することになった片田舎の11人の女子高校生たち。チア＆ダンスの経験は誰一人として無い彼女たちが、ぶつかりながらも、やがてチア＆ダンスの魅力に気付き、少しずつ一致団結をしていくという、青春感動ムービーとなっている。
チア＆ダンスの経験は誰一人として無い彼女たちが、ぶつかりながらも、やがてチア＆ダンスの魅力に気付き、少しずつ一致団結をしていくという、青春感動ムービーとなっている。映画『きっかけはYOU!』で映画初主演を果たした、吉川友。ももいろクローバーを脱退し、本格的な女優業をスタートさせた、早見あかり。女性グループとしてデビューシングルがオリコンウィークリーチャート初登場1位という、オリコン史上初の快挙を成し遂げた、ぱすぽ☆。キャナァーリ倶楽部に所属し、アイドル・モデル・女優と多方面に活躍する、にわみきほ。つんく♂プロデュースによる5人組ボーカルグループ、THE ポッシボーから、秋山ゆりか、後藤夕貴。昨年ハロプロエッグの研修課程を修了したメンバー7名で構成された「アップアップガールズ（仮）」から古川小夏、森咲樹という、まさに今が旬なアイドル11名が、この映画のために集結。今作に限りチアの衣装で出演し、アイドルファンには必見の映画に仕上がっている。
今作に限りチアの衣装で出演し、アイドルファンには必見の映画に仕上がっている。さらに、吉川演じる主人公を陰から支える姉役を、サントリー「ソウルマッコリ」のCMでチャン・グンソクと共演し、注目を浴びた女優・肘井美佳が演じるなど、豪華布陣も見逃せない。
さらに、吉川演じる主人公を陰から支える姉役を、サントリー「ソウルマッコリ」のCMでチャン・グンソクと共演し、注目を浴びた女優・肘井美佳が演じるなど、豪華布陣も見逃せない。11人11色の個性を発揮する映画『Cheerfu11y（チアフリー）』。クライマックス・シーンでは、この11人が一致団結してガチで挑むチア＆ダンスのパフォーマンスが見られるとあって、ファンならずとも必見だ。
クライマックス・シーンでは、この11人が一致団結してガチで挑むチア＆ダンスのパフォーマンスが見られるとあって、ファンならずとも必見だ。出演者コメント 吉川友 「石川カンナ役の吉川友です! この映画の見所はなんといってもチア＆ダンスです!撮影前にみんなで何度も何度も練習し、ほんとに頑張って作った作品になっています。みんなの心を一つにして踊っているチア＆ダンスは必見です!私の役はみんなをひっぱっていくリーダー的なやくどころなんですけど、実際の私はその正反対なんです!!約2年ぶりの自転車をこいだり、みんなの事を怒ったり、そして、泣いたり笑ったり！この映画で普段の吉川友とは違うリーダー吉川友が見れます♪みなさんみてください！」
」早見あかり 「撮影に入る前、ダンスを教えあったりしてる内にどんどん絆が生まれてきて、チア大会の部分ではみんなの気持ちが一つになりました！最後のポーズでの達成感溢れた顔をぜひ見てください！」
」安斉奈緒美、森詩織、佐久間夏帆、玉井杏奈（ぱすぽ☆） 「今回の撮影は、他のアイドルの方と一緒に仕事をさせて頂いてとても刺激的な毎日でした。撮影前にダンスの稽古を何日もしたのですが、学校の部活みたいでできなかった事ができるようになって達成感がありました。撮影した11人とはまた一緒に仕事がしたいです。（ぱすぽ☆代表 安斉奈緒美）」
（ぱすぽ☆代表 安斉奈緒美）」にわみきほ（キャナァーリ倶楽部） 「みんなでたくさん練習してきたダンス、その成果が全て盛り込まれた、夢と希望が詰まった作品です！」
」秋山ゆりか（THE ポッシボー） 「私の演じた数子は数学的な考えをする女の子で自分の言うことが正しいと思っていつも行動していますが、あることをきっかけに皆とチアを始めて、心を開くようになります。ほんの少しですがチア経験があったので、久しぶりの感覚すごい楽しかったです。毎日暑さと筋肉痛との戦いでしたが、みんなの踊りきったあとの達成感と笑顔を見てほしいです！」
」後藤夕貴（THE ポッシボー） 「私が今回演じさせて頂いたのは「塚ぽん」。平和主義で楽しいことが大好きなDJgirl★場の雰囲気が悪くなると、直接口には出さないけれどなんとかしてその場を盛り上げようとする。『Cheerfu11y』の中でも空気の読めるムードメーカー的存在。
『Cheerfu11y』の中でも空気の読めるムードメーカー的存在。バラバラに生活していた女の子達がいくつかの壁を乗り越え協力しあい、一つのことに向かって汗水流す青春movieです！」
」森咲樹（アップアップガールズ（仮）） 「やってみなきゃ可能性は0(ゼロ)！この映画を通じて学んだ事です。私たち11人でチアが出来るか最初は不安でした。でもやってみたら可能性は0（ゼロ）ではなかったです。何事も力を合わせれば必ず花は咲くという事を学べる作品です。」
」古川小夏（アップ
古川小夏（アップアップガールズ（仮）） 「チアの映画だと聞いた時は私たちにできるのかと不安でした。撮影に先行し練習していても思うようにできず苦戦しましたが、役に負けないくらい、みんなが取り組んだので私たちの本気が詰まった作品になっていると思います。」・Cheerfu11y - UNIVERSAL J
杉良太郎「いじめとか自殺とか教育が全然できていないので、ドラマを通じて何が大事か描きたかった」 現在346万人の会員数（7月末時点）を突破した携帯専用放送局BeeTVおよびVIDEOストアにて8月20日より配信開始となるドラマ『親父の仕事は裏稼業』。配信開始に先駆けて、12日には本作の主役となる松田家の出演者、杉良太郎、池内博之、袴田吉彦、小野健斗、梨里杏、高島礼子の豪華6名が登壇し、舞台挨拶を実施した。
配信開始に先駆けて、12日には本作の主役となる松田家の出演者、杉良太郎、池内博之、袴田吉彦、小野健斗、梨里杏、高島礼子の豪華6名が登壇し、舞台挨拶を実施した。『親父の仕事は裏稼業』は、杉良太郎が、企画、脚本、監督、主演、主題歌、殺陣を兼任し制作。親子の葛藤、絆の重さを色濃く浮かび上がらせ、今の日本社会に必要な“家族の絆”を再確認できる、人の暖かさを感じることができるホームドラマとなっている。杉良太郎が演じる、人望が厚く、一家からも家族からも頼りにされるやくざの組長松田五郎。その夫を献身的な愛で支える妻の役には高島礼子。そんな夫婦の個性的な子供たちを池内博之、袴田吉彦、小野健斗、梨里杏が演じている。昨年の東日本大震災以降、日本だけでなく、世界中で求められている“家族の絆”や“人の優しさ、暖かさ”を再確認させてくれる。
昨年の東日本大震災以降、日本だけでなく、世界中で求められている“家族の絆”や“人の優しさ、暖かさ”を再確認させてくれる。杉は、本作について「昔はあった家族の団らんという意識がどんどん薄れていって、現代に至っていると思うんです。何かあった時に家族みんなで話し合って解決していくとか、小さなことでしょうけど健康を気遣ったり、お父さんお母さんの誕生日を子供が祝ってあげるとか、家族の団らんがなくなっていったことが非常に寂しいなと思ってたんです。私は家庭や家族に強い関心がありましたので、以前から『何が幸せかな？』と考えていました。
』と考えていました。私が若い頃、時代劇や演歌、歌謡曲が全盛の時代に犯罪は非常に少なかったと思いますけど、家族の団らんという意識がなくなっていったことで、犯罪が非常に多様化されてしまったと思うんですね。いじめとか自殺とか色々な問題が起きるんですけど、お父さんお母さんを敬うとか、教育が全然できていないので、ドラマを通じて何が大事か、裏家業の人ですけど職業に差別することなく、悩みごとはみんな共通して同じということを描きたかったという思いです。」とコメント。
」とコメント。高島は、撮影現場での杉について「杉さんは役者であり監督ということで、役者の気持ちもスタッフの気持ちも一番理解している方なので、現場で皆さんの雰囲気はすごく良かったです。役者には絶対に程良い緊張感が必要だと思うんです。その方が良い演技と言うか、集中することもできるし。楽しい反面、そういう素晴らしい緊張感が現場にあったというのは、杉監督のおかげだったと思っています。監督は梨里杏さんとのシーンがとても多かったんですけど、ものすごくスパルタで彼女に色々なことを教えて下さってたんですよ。今の監督で役者に芝居をこんなに細かく指導して下さる方って本当にいないんです。監督の話をちゃんと聞いて客観的に見ていると、彼女がすごく良くなっていくのが分かるので、素晴らしいなと。役者さんなんですけど、すごく貴重な監督だなと思いました。」と明かした。
」と明かした。メッセージとして、高島は「今回初めてBeeTVに出させて頂いたんですけど、結構若い方が観ていると聞いています。この作品は本当に年齢を問わない、幅広い世代の方に楽しんで頂けるドラマなので、これからBeeTVが色んな大勢の方に観て頂ける一つのきっかけになることを願います。」と述べると、現在18歳の梨里杏は「私は実際にBeeTVのユーザーなんですけど、私が作品を観て感じたように、家族を大切にしたいという思いを、私と同年代の方にも感じて頂ける作品だと思うし、世代を問わず楽しめる作品だと思うので、是非たくさんの方に観て欲しいです。」と続いた。
」と続いた。そして最後に、杉は「ハツラツとした子供たちが頑張ってくれたんですが、私ももう年でね、こんな年いったのが若い人達が好きなBeeTVに出演していいのか迷いもありました。これはある程度年のいった方々の望みでもありますが、BeeTVの番組に行き着くまでの操作が分かりません。この放送局の幅を広げる意味でも、できればもう少し技術改革があって、ワンタッチで観れるとかとなればいいなぁと。そして他のボタンを押したら、電波が飛んで、テレビ画面に映るとか、そうなったらもうメチャクチャ強くなるなと思ってます。恥ずかしながら、いい年した者が、この番組に出てしまいまして、どうもすみません。」と締めくくった。
」と締めくくった。舞台挨拶の最後には、2日後に控える杉良太郎68歳の誕生日を本人にはサプライズで、出演者5名、そして会場の120名の観客と共に、盛大に特製バースデーケーキとバースデーソングで祝福した。
・『dマーケット VIDEOストア powered by BeeTV』特集ページ
・『dマーケット VIDEOストア powered by BeeTV』特集ページ制服姿の大政絢やナルニアの王子などにも直撃＜2011年インタビューまとめ vol.1＞ 今年の映画界もたくさんの俳優・女優が活躍してきた。ムービーエンターでも、旬の人物にスポットを当てて独自のインタビューを実施。年末ということで、その総まとめをしていこうと思う。どんな人に取材をしてきたのか？懐かしい面々の姿も並ぶことだろう。まずは、2011年1月から2月に記事の配信をおこなった人物をピックアップしよう。
まずは、2011年1月から2月に記事の配信をおこなった人物をピックアップしよう。■黒沢あすか、梶原ひかり、神楽坂恵／『冷たい熱帯魚』リレーインタビュー（写真左）黒沢あすか、（写真中央）梶原ひかり、（写真右）神楽坂恵猛毒エンタテインメントと言われた園子温監督作の『冷たい熱帯魚』。特徴的な演技をしていた3人の女優をリレー形式でインタビュー。それぞれが「悪の片棒を担ぐ女」「暴力的な娘」「性の衝動が抑えられない母」など強烈な役を演じていた。神楽坂は、この作品の後に『恋の罪』にも出演。そして、園監督との結婚が決まった。・黒沢あすか「魔法を一日一日かけられていく」（1月13日）・梶原ひかり「監督にドキっとしたことがあったんです」（1月20日）・神楽坂恵「初日から“キスして！”と言われました」（1月27日）
■田原総一朗／『RED/レッド』ブルース・ウィリス、モーガン・フリーマン、ジョン・マルコヴィッチという超大物の“オヤジ”達が活躍する『RED/レッド』を、日本最強の“オヤジ”の一人である田原総一朗に語ってもらった。「日本では、この映画をつくることができない」と話す田原氏。ジャーナリストならではの鋭い視点で映画を斬ってくれた。本作は世界的大ヒットとなり、続編の制作も決定している。・田原総一朗「クレイジーなマルコヴィッチはこの映画の象徴」（1月21日）
■品川祐、トータルテンボス／『LOST』ファイナル・シーズンDVD日本でも大ヒットしたサバイバル・サスペンス『LOST』。ファイナル・シーズンDVDがリリースされたことを記念して「よしもと若手芸人をLOST芸人にしよう！プロジェクト」というものが行われた。何とストレートな企画だろうか。品川祐がリーダーとなり、若手芸人に魅力を伝えるのだが、メンバーによって温度差は大分あるようだった。今後も「○○芸人」育成企画が行われるだろうか。・品川祐＆トータルテンボス「友達をつくるツールですね」（1月24日）
次のページでは、制服姿の大政絢や岡本あずさ、そして、あのナルニア国の王子のインタビューなどもご紹介。1 2
人間と共存する“操り人形”がハリウッド殿堂入り 人間と“マペット”（操り人形）たちがごくフツーに共存するというありえない世界を描いたディズニー最新作『ザ・マペッツ』。本作のマペットたちに、米国時間3月20日、エンターテイメント界で活躍した人物に贈られる「ハリウッド・ウォーク・オブ・フェーム」の2,466番目の星が与えられ、ハリウッドの歴史にその名が刻まれた。「ハリウッド・ウォーク・オブ・フェーム」とは、アメリカ合衆国カリフォルニア州ハリウッドにある歩道のこと。5キロメートルほどの間に、エンターテイメント界で活躍した人物の名前が彫られた2,000以上の星型のプレートが埋め込まれており、世界的な観光名所となっている。1955年に、カーミットがはじめてテレビに出演して以来、世界的な人気者となったマペットたちだが、50年以上経った今でもその勢いはとどまることを知らない。特に、1976年に「ザ・マペット・ショー」が始まってから、カーミット、フォジー、アニマル、ゴンゾ、新たに加わったウォルター、そしてもちろんミス・ピギーをはじめとするマペットたちは、世界中の人々から愛され続け、長編映画、テレビ、雑誌、漫画、美術展、音楽、慈善活動など、その活躍の場を広げてきた。日本で5月19日から公開される最新映画『ザ・マペッツ』では、主題歌「マン・オア・マペット」が本年度アカデミー賞主題歌賞を受賞している。マペットたちが「ハリウッド・ウォーク・オブ・フェーム」の星を獲得しハリウッド殿堂入りを果たし、映画公開がますます楽しみである。映画『ザ・マペッツ』は、５月19日（土）全国ロードショー！
【MOVIE ENTER おすすめ記事】・中国武術の源流「少林拳」の強さの秘密に迫る“3つの極意”・今夏、新生“G.I.ジョー”が日本に上陸する・二度と見られない、故・森田芳光監督の貴重な演出シーン・【特別映像】“戦火の馬”の瞳に映る人間たちの姿
巨大都市ニューヨーク各所に出現した“どこでもドア” 自宅やオフィスなど、我々は毎日数え切れないほど多くのドアを開けている。ドアの向こうは見慣れた場所であることがほとんどかもしれないが、初めて訪れる見知らぬ場所で、ドアの向こうの景色が分からない時、ドアノブを回す手には少しばかりの勇気と期待を感じないだろうか。
ドアの向こうは見慣れた場所であることがほとんどかもしれないが、初めて訪れる見知らぬ場所で、ドアの向こうの景色が分からない時、ドアノブを回す手には少しばかりの勇気と期待を感じないだろうか。幼い頃に誰もが一度は手に入れたいと夢見ただろう、藤子・F・不二雄作「ドラえもん」のひみつ道具“どこでもドア”。目的地を声に出したり、頭に思い浮かべてドアノブを回すと、扉の向こうが行きたい場所へと変わる、22世紀のアイテムだ。
目的地を声に出したり、頭に思い浮かべてドアノブを回すと、扉の向こうが行きたい場所へと変わる、22世紀のアイテムだ。今年5月の劇場公開から、早くも9月16日にブルーレイ＆DVDが発売となるSFサスペンス『アジャストメント』では、その“どこでもドア”を越える“運命のドア”がアメリカ合衆国最大の都市ニューヨークの至る所に出現。物語の主人公デヴィッドと恋人エリースが自らの未来を切り開くべく、自由の女神、ヤンキース・スタジアム、中華街などの名所をドアからドアへと駆け抜ける。
物語の主人公デヴィッドと恋人エリースが自らの未来を切り開くべく、自由の女神、ヤンキース・スタジアム、中華街などの名所をドアからドアへと駆け抜ける。『アジャストメント』では、マット・デイモン演じる将来有望な若手政治家デヴィッドが、エミリー・ブラント演じる美しいバレリーナのエリースと“運命”的に出逢い、瞬時に意気投合。しかし、本来は恋に落ちる予定でなかった二人を引き離すべく、“アジャストメント・ビューロー（運命調整局）”と呼ばれる謎の男たちが突如、出現。この世のすべての運命は、ビューローが既に決めた運命から逸脱しないよう常に監視され、操作されているという、信じ難い現実の“裏側”が明らかになる。超人的な能力で運命を操作する彼らに対し、必死の抵抗を試みるデヴィッドだが、ビューローの真の目的に気付いた時、彼が手にする本当の“運命”とは…？
超人的な能力で運命を操作する彼らに対し、必死の抵抗を試みるデヴィッドだが、ビューローの真の目的に気付いた時、彼が手にする本当の“運命”とは…？同作の発売を記念してオープンした公式Facebookでは現在、豪華賞品が当たるキャンペーン「未来をアジャストせよ！」を実施中。運命を一緒に変えていくFacebook上の友達5人と共に、10個のドアの中から6つを選択すると、連番コードが表示される。それが運命調整局があらかじめ設定していたコードと一致すると、全ての賞品を手に入れることができる。9月30日まで何度でも（1日2回まで）再チャレンジが可能なので、あなたの友達とともに是非挑戦して欲しい。
9月30日まで何度でも（1日2回まで）再チャレンジが可能なので、あなたの友達とともに是非挑戦して欲しい。さらに、Facebookアプリ「運命の人を知る」では、「いずれあなたと共に仕事をすることになるのは…」「誰にもいえなかった悩みを打ち明けられるのは…」「あなたと人生最高の思い出をつくることになる人は…」「あなたの将来の道しるべになるのは…」「ずばり、腐れ縁になるのは…」という5つのタイプ別に、あなたの“運命の人”を知ることができる。予想もしなかった意外な人物など、今までたくさんの友達の一人だと思っていた“運命の人”の存在に気付かされるかも!?
そして、MOVIE ENTERの『アジャストメント』ブルーレイ＆DVD特集ページでは、デヴィッドとエリース、運命調整局による神経衰弱ゲーム「運命のドア」をプレイすることができる。タイムとお手つきの数によって順位が変わり、すでに多くの人がチャレンジしているが、ノーミスでも1位を獲るのは至難の業で、上位では相当ハイレベルな争いが繰り広げられている模様。あなたの記憶力と反射神経を駆使して、1位獲得を目指してみよう。
あなたの記憶力と反射神経を駆使して、1位獲得を目指してみよう。ちなみに“運命”と言えば、かの有名なベートーベンの交響曲第五番が、通称「運命」と呼ばれる由縁は、ダダダダーンという出だしが「運命がドアを叩く音」を表しているからだとか。
ちなみに“運命”と言えば、かの有名なベートーベンの交響曲第五番が、通称「運命」と呼ばれる由縁は、ダダダダーンという出だしが「運命がドアを叩く音」を表しているからだとか。あなたはデヴィッドとエリースのように運命調整局に屈服することなく、自らの手で運命を切り開くことができるだろうか？今すぐ仲間とともに“運命のドア”を叩け！
・『アジャストメント』ブルーレイ＆DVD 特集ページ - MOVIE ENTER ・『アジャストメント』ブルーレイ＆DVD公式Facebook 『アジャストメント』ブルーレイ＆DVD 公式Facebook キャンペーン「未来をアジャストせよ！」豪華賞品 オリンパス SZ-10 デジタルカメラ、FLIP Mino HD カメラ、Timex Ironman GPS グローバル トレーナー時計、Freeloader PICO 太陽光発電機、Skull Candy TITAN クローム イヤホーン、Maglite 電池式懐中電灯、Intempo サウンドドック
コント出演経験が決め手か!? 優香が長編アニメ映画の声優に抜擢される豊かな自然とやさしい人々が生きる瀬戸内の小さな島で、主人公「もも」に訪れる不思議な日々を描いた長編アニメーション映画『ももへの手紙』の声優キャストが決定した。
コント出演経験が決め手か!? 優香が長編アニメ映画の声優に抜擢される豊かな自然とやさしい人々が生きる瀬戸内の小さな島で、主人公「もも」に訪れる不思議な日々を描いた長編アニメーション映画『ももへの手紙』の声優キャストが決定した。主人公・もも役には、話題のドラマから映画まで数多く出演する若手実力派の美山加恋。父への想いを抱えたまま東京から移り住んだ瀬戸内で数々の不思議な出会いを経験し、成長する。
父への想いを抱えたまま東京から移り住んだ瀬戸内で数々の不思議な出会いを経験し、成長する。ももの母親・いく子役には、NHKドラマからバラエティまで、マルチに活躍する優香。気丈な母親を演じる。
気丈な母親を演じる。そして、ももが瀬戸内の島で出会う妖怪“見守り組”のリーダー格・イワ役には表情豊かな演技に定評のあるベテラン俳優・西田敏行。ももの成長を見守る愛されキャラを演じる。
ももの成長を見守る愛されキャラを演じる。『ももへの手紙』は、初監督作『人狼JIN-ROH』がベルリン国際映画祭に出品されるなど国内外で高く評価されている“鬼才”沖浦啓之監督が7年もの歳月をかけて完成させた待望の新作。制作には、クエンティン・タランティーノ、ウォシャウスキー兄弟など、海外にもファンが多いプロダクションI.G。さらに『もののけ姫』『千と千尋の神隠し』『AKIRA』『ヱヴァンゲリヲン新劇場版：破』など、日本が世界に誇るアニメーション作品を手がけてきた最高のスタッフが集結。主題歌は、原由子の書き下ろし。世界屈指のクリエーターの最高級品質の作に、豪華キャストが想いをこめて命を吹き込むことになった。
世界屈指のクリエーターの最高級品質の作に、豪華キャストが想いをこめて命を吹き込むことになった。声優キャストに選ばれた3人は、本作について次の様に述べている。
声優キャストに選ばれた3人は、本作について次の様に述べている。美山加恋（主人公・もも役）：画の表情に合わせて感情を作ったり、息づかいひとつでも変化をつけなければいけなかったりで大変でしたが、それぞれの場面で違いがあって楽しかったです。私も、もものように自分の感情を言葉にするのが難しく、伝えたいことを伝えられないところもありましたが、ももを見ていてきちんとそれを伝えられるようになりたいと思いました。
私も、もものように自分の感情を言葉にするのが難しく、伝えたいことを伝えられないところもありましたが、ももを見ていてきちんとそれを伝えられるようになりたいと思いました。優香（ももの母・いく子役）：久しぶりの声優のお仕事で、さらに初めての母親役だったのでとても緊張しました。『ももへの手紙』のキャラクターは、声がなくても感じられるような表情がとても豊かで繊細です。その雰囲気を壊してはいけないとプレッシャーも感じつつやりました。映像もキャラクターたちも素晴らしくて見所もたくさんあります。ぜひご家族揃ってご覧ください。
ぜひご家族揃ってご覧ください。西田敏行（ももを見守る妖怪・イワ役）：イワのルックスが何となく自分に似ているので、親近感を持ちました。かわいげのある、憎めないところも共通点でしょうか（笑）現実にいて欲しい愛すべき妖怪たちです。グッズが出たら買います（笑）
グッズが出たら買います（笑）世界に冠たるアニメ大国といわれている日本には、まだ素晴らしい逸材があります。それが映画『ももへの手紙』だと思います。「大切なことをちゃんと伝えよう」というテーマを、この作品は、声高にいうのではなく、“そうしようね”って優しく肩に手をかけてくれるように教えてくれる作品です。
「大切なことをちゃんと伝えよう」というテーマを、この作品は、声高にいうのではなく、“そうしようね”って優しく肩に手をかけてくれるように教えてくれる作品です。沖浦監督は、美山について「自然な演技に惹かれた」、西田については「暑苦しいおじさんキャラだけどチャーミングさが必要だったから」と選出した理由について語っている。優香については「コントなども出演されているため、難しい要求にも応じて頂けるのでは」とコメント。
優香については「コントなども出演されているため、難しい要求にも応じて頂けるのでは」とコメント。一体、どんな難題を優香にぶつけたの、そして、それがどのように作品の中に生きているのか気になるところである。
映画『ももへの手紙』は、2012年4月21日（土） 丸の内ルーブル他全国ロードショー 【 MOVIE ENTER おすすめ記事 】 ・ロサンゼルスでトワイライト現象！映画のために5日間テントで泊まり込み ・第一弾で惨敗の「はやぶさ」シリーズ、ファミリー層を狙い起死回生なるか ・アメリカを支配した男の禁断の半生が明らかに、『J・エドガー』本予告映像＆US版ポスターが公開 ・『冷たい熱帯魚』から『恋の罪』へバトンタッチ！モンスターからモンスターへ受け継がれるどす黒い血
“美魔女”に触発、『スノーホワイト』主題歌がデジタル発売 グリム童話誕生200周年を迎える今年、子どもから大人まで幅広く愛されている名作「白雪姫」をもとに、これまでのイメージを一新させ、“戦う白雪姫”を描いたアクション・アドベンチャー超大作『スノーホワイト』が6月15日より公開。同作の主題歌としてイギリスのバンド、フローレンス・アンド・ザ・マシーンの新曲「ブレス・オブ・ライフ」が、5月16日より日本にてデジタルリリースされることが決定した。
同作の主題歌としてイギリスのバンド、フローレンス・アンド・ザ・マシーンの新曲「ブレス・オブ・ライフ」が、5月16日より日本にてデジタルリリースされることが決定した。フローレンス・アンド・ザ・マシーンは、ロックとソウルにいろいろなジャンルの音楽を組み合わせたサウンドで知られ、2009年7月に発売したデビュー・アルバム『ラングス』が、全英アルバムチャートで5週連続2位を記録した後、2010年1月に首位を獲得。首位を獲得するまで28週間連続でチャート入り、65週に渡ってトップ40位内にランクインを果たした。
首位を獲得するまで28週間連続でチャート入り、65週に渡ってトップ40位内にランクインを果たした。デビュー・アルバム『ラングス』は、300万枚以上の大ヒットを記録し、ブリット・アワードのマスターカード・最優秀ブリティッシュ・アルバム賞を受賞。第53回グラミー賞で新人賞にもノミネートされ、映画『エクリプス／トワイライト・サーガ』サウンド・トラックでも「ヘヴィ・イン・ユア・アームス」を書き下ろして提供。タイム誌は、2011年版の『世界で最も影響力のある100人』のリストで、フローレンスを51位に選出するなど、音楽界のみならず、ファッション業界をはじめとするあらゆる世界にインスピレーションを与え続けている。
タイム誌は、2011年版の『世界で最も影響力のある100人』のリストで、フローレンスを51位に選出するなど、音楽界のみならず、ファッション業界をはじめとするあらゆる世界にインスピレーションを与え続けている。映画『スノーホワイト』のシーンを多用した主題歌「ブレス・オブ・ライフ」のミュージックビデオ 本作の主題歌「ブレス・オブ・ライフ」は、ヴォーカルのフローレンス・ウェルチとメンバーのイザベラ・サマーズによって共作され、110名ものオーケストラと共にアビー・ロード・スタジオで録音された映画のクロージング・クレジットにふさわしい楽曲。
映画『スノーホワイト』のシーンを多用した主題歌「ブレス・オブ・ライフ」のミュージックビデオ 本作の主題歌「ブレス・オブ・ライフ」は、ヴォーカルのフローレンス・ウェルチとメンバーのイザベラ・サマーズによって共作され、110名ものオーケストラと共にアビー・ロード・スタジオで録音された映画のクロージング・クレジットにふさわしい楽曲。バンドの中心人物であるフローレンス・ウェルチは、同曲について「ラヴェンナ女王は素晴らしいキャラクターで…若い女の子達からまさに命を吸い取っているわけだけど…まさにこの曲で観客を怖がらせることをできればと思ったの」と語るように、シャーリズ・セロン演じる女王ラヴェンナの永遠の若さ、美への執着に触発されている。
バンドの中心人物であるフローレンス・ウェルチは、同曲について「ラヴェンナ女王は素晴らしいキャラクターで…若い女の子達からまさに命を吸い取っているわけだけど…まさにこの曲で観客を怖がらせることをできればと思ったの」と語るように、シャーリズ・セロン演じる女王ラヴェンナの永遠の若さ、美への執着に触発されている。・映画『スノーホワイト』公式サイト・フローレンス・アンド・ザ・マシーン公式サイト
・映画『スノーホワイト』公式サイト・フローレンス・アンド・ザ・マシーン公式サイト■関連記事・世界で最も美しく、最もセクシーな“美魔女”が来日決定・“この世で一番美しい”美魔女と“戦う白雪姫”が対決
西田敏行も思わず涙ぐむ「父から娘」への手紙 家族の愛を瑞々しく描いた長編アニメーション映画『ももへの手紙』が21日に公開。初日、東京・千代田区の丸の内ルーブルにて、主人公“もも”の声を担当した美山加恋、“もも”の母親役の優香、主人公たちを温かく見守る妖怪（イワ）役の西田敏行の豪華なボイスキャストたちが登壇する舞台挨拶が行われた。
初日、東京・千代田区の丸の内ルーブルにて、主人公“もも”の声を担当した美山加恋、“もも”の母親役の優香、主人公たちを温かく見守る妖怪（イワ）役の西田敏行の豪華なボイスキャストたちが登壇する舞台挨拶が行われた。挨拶で、優香は「やっとこの日を迎えられて本当に嬉しいです。加恋ちゃんとのアフレコもすっごく楽しくて、本当にお母さんと呼んでほしくなっちゃうくらい仲良しになりました（笑）。」と美山との仲についてもコメントした。
」と美山との仲についてもコメントした。西田は「親子って近すぎてうまくコミュニケーションできないことが多いですよね。いなくなって初めてわかることもありますし、私自身、母をなくして初めて母親の偉大さを実感したりもしました。この作品は、そんなことを気付かせてくれるような、あたたかい気持ちになれる作品です。すべてのものに愛がぎっしり詰まっていることを教えてくれると思います。」と作品の深さについて話してくれた。
」と作品の深さについて話してくれた。今回、キャストたちによる舞台挨拶の他にも、「父から娘への手紙キャンペーン」の授賞式も行われた。映画「ももへの手紙」は、父から娘に残した手紙がキーとなることから、大切な人同士の、「思いを届ける＝思いを深める」という目的で“父から娘へ”の手紙を募集。美山らも選考委員となっている。
美山らも選考委員となっている。最優秀賞を受賞したのは、広島県在住の佐渡泰さん(49歳)。この日、広島からやってきた佐渡さん父娘も登場。受賞について「すごく緊張しています。このキャンペーンが無ければ、手紙を書くこともなかったと思います。本当にありがとうございます！」と喜びをコメントをした。実際に娘の仁美さん(18歳)の前で手紙を読み上げる場面では、緊張のあまり手が震えてしまうシーンもあった。手紙を読む様子に会場内はもちろん、キャスト陣も感動しきり。西田や美山は思わず目に涙を浮かべる場面もあった。
西田や美山は思わず目に涙を浮かべる場面もあった。自分へ送られた手紙を真剣な様子で聞いていた仁美さんも「心の準備をしていなくて…。初めて父の気持ちを知りました。私を支えてくれる唯一の肉親なので、人生をかけて恩返ししていきたいです。」と新生活スタートに気が引き締められたようだった。
」と新生活スタートに気が引き締められたようだった。ひとり暮らしを始めた仁美ちゃんへ 入学おめでとう！新しい生活、「ひとりぐらし」のスタートだね。大学生活、思いっきり楽しんで、いろんな良い経験を積んで、今までとはまた違った成長した仁美ちゃんに会えるのを楽しみにしています。
大学生活、思いっきり楽しんで、いろんな良い経験を積んで、今までとはまた違った成長した仁美ちゃんに会えるのを楽しみにしています。生まれてずっと二人で一緒に生活してきたので、仁美ちゃんが居なくなるとお父ちゃんも、ひとり暮らしの開始かな。
生まれてずっと二人で一緒に生活してきたので、仁美ちゃんが居なくなるとお父ちゃんも、ひとり暮らしの開始かな。高校の卒業式の日、最後のホームルームでひとりずつ挨拶する際、「私の家は父子家庭で、家ではお父さんにきつい事を言ったりしましたが、育ててくれて感謝しています。これからは親孝行したいと思います。」と挨拶してくれましたね。クラブの事とか楽しかった事なんかを話すと思っていたので、思わず涙ぐんでしまいました。
クラブの事とか楽しかった事なんかを話すと思っていたので、思わず涙ぐんでしまいました。お母さんが居ないこと。仁美ちゃんにとってもしんどかった事と思います。お父ちゃんに言えないこと、相談できないこと、いっぱい、いっぱいあったと思います。ひとりで悩んで、お父ちゃんに怒られてもいつもひとりで我慢していたことと思います。
ひとりで悩んで、お父ちゃんに怒られてもいつもひとりで我慢していたことと思います。「ごめんね」 一度だけ「あんたには私の気持ちはわからんのよ！私にはどうしてお母さんがおらんの！」とけんかをした時言いましたね。お父ちゃんはそのとき「ごめんね」としか言えませんでした。
お父ちゃんはそのとき「ごめんね」としか言えませんでした。仁美ちゃんが生まれる時、お母さんは亡くなりました。出産のとき、医学的に悪い状況がいくつも重なった事もありますが、一番の原因はお父ちゃんがお母さんを精神的に支えてあげる事が出来なかった事だと思っています。
出産のとき、医学的に悪い状況がいくつも重なった事もありますが、一番の原因はお父ちゃんがお母さんを精神的に支えてあげる事が出来なかった事だと思っています。いままでお母さんの話はしてこなかったし、優しい仁美ちゃんはお母さんの事を聴くことも無かったよね。
いままでお母さんの話はしてこなかったし、優しい仁美ちゃんはお母さんの事を聴くことも無かったよね。「仁美」の名前は亡くなる前、お母さんと一緒に決めた名前です。優しく心の美しい人になりますようにと。
優しく心の美しい人になりますようにと。仁美ちゃんが受け入れてくれる時、いつかお互いにゆっくりとお母さんの話をしたいと思います。
仁美ちゃんが受け入れてくれる時、いつかお互いにゆっくりとお母さんの話をしたいと思います。絵本を2冊以上読んであげないと眠らなかった仁美ちゃん。寝るときはいつも手をつないでいましたね。
寝るときはいつも手をつないでいましたね。出かけるときはいつも一緒。お父ちゃんのボランティア活動に何時もくっついて来ていた仁美ちゃん。
お父ちゃんのボランティア活動に何時もくっついて来ていた仁美ちゃん。だけど、中学・高校時代、お父ちゃんは完全に嫌われてしまいましたね。いつの間にか大人の階段を駆け上がって行っている仁美ちゃん。
いつの間にか大人の階段を駆け上がって行っている仁美ちゃん。頑張り屋で、優しく、しっかり者の仁美ちゃん。お父ちゃんはひとり暮らしをする事自体、あまり心配していません。ただ、これからひとりで決めて行くことが多く成ります。優しさゆえになかなか決められない事、迷うことも多くあると思います。役に立たないと思っているかもしれませんが、これ
役に立たないと思っているかもしれませんが、これでも結構人生経験積んでいるつもり。少しは当てにして下さい。いつでも良いのでたまには連絡下さいね。お父ちゃんより
親子の絆を深める映画『ももへの手紙』は、丸の内ルーブル他 全国絶賛公開中。・『ももへの手紙』 - 作品情報
インタビュー：パトリス・プーヤール監督「ピラミッドは地球のID」 人間は、本当に進化したのか——。エジプト・ギザの大ピラミッドの謎に迫るドキュメンタリー映画『ピラミッド 5000年の嘘』が2月18日（土）から全国で公開される。37年間の調査研究と6年間に渡る徹底検証で、これまでのピラミッドの常識を覆す“答え”を導き出している意欲作だ。このほど、フランスからパトリス・プーヤール監督が来日し、MOVIE ENTERのインタビューに応えてくれた。雄弁に語る監督の口からは、ピラミッドは「地球のIDだ」という驚きの発言が飛び出した。
雄弁に語る監督の口からは、ピラミッドは「地球のIDだ」という驚きの発言が飛び出した。——今回の映画を撮られたきっかけを教えてください。
——今回の映画を撮られたきっかけを教えてください。パトリス・プーヤール監督：1999年に原作者のジャック・グリモーに出会い、彼の研究について教えてもらいました。その内容に驚き、6年間かけて調査したところ、エジプト学の専門書には全く記載されていないことに気付きました。この事実を、みんなに知らせるべきではないかと思い、映画を作りました。
この事実を、みんなに知らせるべきではないかと思い、映画を作りました。——専門書に記載されていない事実というのは、例えばどういうことですか？監督：たくさんあります。例えば、ピラミッドは建設される前に大きな丘を切り開いて作ったこと。そこに、6万平方メートルの敷石の上に作ったこと。王の間は花崗岩で出来ていて、10分の1ミリ以下の精度をもって作られたとか、そういうことですね。
王の間は花崗岩で出来ていて、10分の1ミリ以下の精度をもって作られたとか、そういうことですね。——その中で特に驚いたことは何ですか？監督：非常に難しい質問だと思いますが、あえて1つ挙げるなら、グリモーが見せてくれた数学的な側面ですね。外からは見えないのですが、ピラミッドのコンセプトを作っている数学的要素は、彼らがいかに素晴らしい技術を持っていたかを示しています。
外からは見えないのですが、ピラミッドのコンセプトを作っている数学的要素は、彼らがいかに素晴らしい技術を持っていたかを示しています。——今回の撮影でエジプトはもちろん、世界各地を回られているようですが、特に撮影が大変だった場所は？
——今回の撮影でエジプトはもちろん、世界各地を回られているようですが、特に撮影が大変だった場所は？監督：ペルーやイースター島、メキシコなどいろいろな場所へ行きました。でも、一番難しかったのは、やはりエジプトですね。
でも、一番難しかったのは、やはりエジプトですね。——エジプトのどんなところが大変でしたか？監督：撮影許可を取るのが難しかったです。もし許可が取れたとしても非常に高額な料金がかかりましたし、払ったとしても全て自分たちが撮りたいものを撮れたわけではなかったので、上手く立ち回らなければなりませんでした。例えば、大ピラミッドの中で撮影する際には三脚を置くことが禁止されているので、視点を定めることが非常に難しかったし、内部を撮影するために、旅行者を装って入らざるを得なかったこともありました。実際に映画の中にもありますが、黒い岩のところにズームしていこうとすると、すぐに警察が寄ってくることもありましたし、ある日は「ここは撮影していいよ」と言っても、次の日には「撮影は駄目だ」と言われることもありました。
実際に映画の中にもありますが、黒い岩のところにズームしていこうとすると、すぐに警察が寄ってくることもありましたし、ある日は「ここは撮影していいよ」と言っても、次の日には「撮影は駄目だ」と言われることもありました。——撮影には多額の資金が必要だったようですが、やはり、スポンサーを探すのは大変でしたか？監督：非常に難しかったです。フランスのテレビ局を使ってお金を集めようとしましたが、真剣に取り上げてくれませんでした。講演会のようなものを開いて、一方にグリモーを招き、もう一方にエジプト学の専門家らグリモーの意見に反対する人を集めて討論し、この映画を作る価値があるかどうか決めればいいと提案しましたが、フランスのテレビ局はそれを断りました。結局は個人の資金に頼ることになりました。少なくとも彼らは議論に参加してくれました。でも、お金を集めるのには1年ほどかかり、何度も会議を行いました。すごく長くて、専門的な説明も行いましたが、最後にはお金を出してくれました。そうでなければ、今でもお金を探している途中でしょう。
そうでなければ、今でもお金を探している途中でしょう。——率直にお伺いしたいのですが、ピラミッドは何だと思いますか？監督：いろいろなことを同時に示しているものだと思います。まず、一つは、過去に高度に発展した文明があったことの証拠。知識の集積です。言ってみれば、3次元のヒエログリフ（聖刻文字）みたいなもので、この寸法を読み取ることで、地球について多くのことが学べます。ある意味、地球の「IDカード」だと思います。
ある意味、地球の「IDカード」だと思います。「IDカード」ということは、それを認証するモノが存在するということでしょうか？
「IDカード」ということは、それを認証するモノが存在するということでしょうか？監督：それは今後の研究によるとは思いますが、いずれにせよ、このピラミッドの中には地球を表す多くの要素が含まれています。少なくとも、ピラミッドは北半球の4万3200分の1の模型であると思いますし、それだけではなく、自転のスピード、光の速さを示す数字も入っています。ピラミッドの中に光の速さが示されていると知った瞬間、二つの反応をするでしょう。一つは、偶然だと聞き流すこと。もう一つは、それは意図的なものであると考えること。今は光の速さを測ることができますが、つい最近の50年前くらいのことです。しかし、ピラミッドを作った人は、光
しかし、ピラミッドを作った人は、光の速さを測る術を知っていたという証拠でもあります。——これまでの通説とかなり対立するところがあると思いますが、周囲の反応はいかがでしたか？
——これまでの通説とかなり対立するところがあると思いますが、周囲の反応はいかがでしたか？監督：フランスでは、エジプトの専門家たちがこの映画をバカにして映画を公開させまいとしています。彼らは事実に反論することができないので、「この映画はバカな映画だ」「素人が作った映画だ」「本当はこういうことはない」と映画をバカにすることしかできないのです。
彼らは事実に反論することができないので、「この映画はバカな映画だ」「素人が作った映画だ」「本当はこういうことはない」と映画をバカにすることしかできないのです。——最後にこれから映画をご覧になる日本の方にメッセージをお願いします。
——最後にこれから映画をご覧になる日本の方にメッセージをお願いします。監督：日本には感謝の意を表したいと思います。なぜなら、日本が初めてこの作品を映画館で公開してくれるからです。鑑賞する場所は映画館が最適だと思います。多くの情報を自分を解き放って受け入れることができるのが映画館だと思うからです。そして、この映画にある情報を一度確かめてみてください。インターネットで確かめるのもいいですし、いろいろな文献にあたるのもいいでしょう。そして、考古学者たちに、自分たちの考えを見直して欲しいともう一度問いかけて欲しいと思います。
そして、考古学者たちに、自分たちの考えを見直して欲しいともう一度問いかけて欲しいと思います。プーヤール監督は、人懐っこい笑顔を浮かべながら、難しい話題にも丁寧に応えてくれた。考古学者たちとの論争の話題では、よほど悔しい思いをしたのか怒りを露にしていたのが印象的だった。彼の言うとおり、ピラミッドが「地球のID」だとしたら、古代人から学ぶべきことは想像以上にたくさんありそうだ。
・『ピラミッド 5000年の嘘』 - 作品情報
iTunes史上最高のダウンロード数を記録した『ダークナイト ライジング』の予告映像を公開 「ゴッサムが灰と化したら、死なせてやる」。バットマンシリーズ最終章となる『ダークナイト ライジング』（7月28日公開）予告第2弾が公開された。撮影現場での取材で、全世界ジャーナリストに対し、一切ストーリーの説明がないなど、厳重な緘口令のもと撮影を敢行してきた本作。公開された予告映像では、最強の敵・ベイン（トム・ハーディ）がバッドマン（クリスチャン・べール）に、冒頭のようなセリフを言い放つなど、今までベールに包まれていた内容を垣間見ることができる。映像には、バットマン、ベインのほか、キャット・ウーマン／セリーナ・カイル（アン・ハサウェイ）ら主要キャストも登場している。さらに、空中を走行するバットモービルや、崩壊していくアメフトのグラウンドなど、迫力のある映像が次々と展開されていく。
さらに、空中を走行するバットモービルや、崩壊していくアメフトのグラウンドなど、迫力のある映像が次々と展開されていく。iTunesでは、一足先に公開され、24時間で1250万件というiTunes史上最高のダウンロード数を記録し、本作への注目度の高さが伺える。
iTunesでは、一足先に公開され、24時間で1250万件というiTunes史上最高のダウンロード数を記録し、本作への注目度の高さが伺える。監督を務めるクリストファー・ノーランは、本作について「前作『ダークナイト』から8年後という設定で始まる。バットマンは、ゴッサム・シティを破壊しようとする残虐な殺し屋のベインと対決し、謎めいたセリーナ・カイルの真実を暴くという内容だ。この映画で、ぼくが子供の時に刻み込まれた、ハリウッド映画の壮大さや興奮を映画に取り戻したいと思っている。今、それを再現することに格闘をしている。編集はまだ始めたばかりだから、最後にどうなるかといったことは聞かないで欲しい（笑）。本作は夏に公開されるが、きっと素晴らしい体験になると思う」と語っている。
本作は夏に公開されるが、きっと素晴らしい体験になると思う」と語っている。ノーラン監督は、『インセプション』を手掛け、今やハリウッドでは、ジェームズ・キャメロンに次ぐマネーメイキング・ディレクターといわれている。前作『ダークナイト』で長編映画として初の70mmIMAXカメラを使用。本作では、さらにカメラ台数を増やし、新たなる映像イノベーション創造に挑む。
本作では、さらにカメラ台数を増やし、新たなる映像イノベーション創造に挑む。ベールに包まれていた内容が徐々に明らかになっていく本作。果たして、どんな体験が待っているのだろうか。
映画『ダークナイト ライジング』は、7月28日（土）より丸の内ピカデリーほか全国ロードショー。・映画『ダークナイト ライジング』 - 公式サイト・映画『ダークナイト ライジング』 - 公式ファンページ
・映画『ダークナイト ライジング』 - 公式サイト・映画『ダークナイト ライジング』 - 公式ファンページ【関連ニュース】・バットマンが遂に引退か、ダークナイトシリーズ最終章の衝撃ポスター・アン・ハサウェイの夢が叶った、映画『ダークナイト』新キャットウーマンのビジュアル解禁・映画の歴史を覆す『ダークナイト』シリーズ最終章、異例のポスターが公開
【週末映画まとめ読み】宮崎あおい「いろいろな夫婦の形がある」 今週1週間に起こった出来事を振り返る「週末映画まとめ読み」。先週末は『アース』『オーシャンズ』のイギリス・BBC製作によるネイチャードキュメンタリー『ライフ −いのちをつなぐ物語−』が1日に公開され、土日2日間で18万1,760人を動員し、初登場1位を獲得。2位から4位は先週のトップ3が順位を下げる形で、3日に公開された『くまのプーさん』が5位に登場しました。
2位から4位は先週のトップ3が順位を下げる形で、3日に公開された『くまのプーさん』が5位に登場しました。今週の映画動員ランキング MOVIE ENTERでは今週、2本のインタビューを公開。1本目は、同名大ヒットエッセイを映画化し、10月8日に公開される『ツレがうつになりまして。』から、夫婦役を演じた宮崎あおいと堺雅人が、夫婦の関係性やうつ病との向き合い方について話してくれました。また、二人が暮らす愛の巣「高崎家」の玄関から、キッチン、納戸、縁側、リビング、寝室まで、生活感溢れるセットも徹底紹介しています。
また、二人が暮らす愛の巣「高崎家」の玄関から、キッチン、納戸、縁側、リビング、寝室まで、生活感溢れるセットも徹底紹介しています。2本目は、「ぽっぽ」で一世を風靡した伝説の一発屋・鼠先輩が、9月23日公開のラッセル・クロウ主演映画『スリーデイズ』を観て共感した、正義や愛について、真摯に語ってくれました。彼が「人として生まれたからには、観るべき」と絶賛する同作について、詳しくは、特集ページ内「3分でわかる『スリーデイズ』3つのPOINT」をチェック下さい。
・インタビュー：宮崎あおい＆堺雅人「一緒にいるのが当たり前」・宮崎あおいと堺雅人の愛の巣「高崎家」を完全公開！ここでうつ病になり、そして、愛の力で病と闘う
・インタビュー：鼠先輩「こう見えて脱獄経験なし」・一緒に逃避行したくなる？脱獄映画に名作あり・『スリーデイズ』特集ページ
続いて、今週6日に行われたイベントレポートを3本。1本目は、10月14日公開の『キャプテン・アメリカ／ザ・ファースト・アベンジャー』のイベントにダチョウ倶楽部の上島竜兵が登場。スーパーヒーロー“キャプテン・アメリカ”に変身する主人公を真似て、肉体改造を試みた竜ちゃんでしたが、果たして実験結果は如何に…
スーパーヒーロー“キャプテン・アメリカ”に変身する主人公を真似て、肉体改造を試みた竜ちゃんでしたが、果たして実験結果は如何に…2本目は、『アバター』のジェームズ・キャメロン製作総指揮により、来週16日に公開となるハイパー・リアル・アドベンチャー映画『サンクタム』のイベントに、芸能界屈指の洞窟探検家・石丸謙二郎、自他共に認める自然愛好家・ココリコ田中直樹、ベスト・ダイバー賞受賞・ドリームモーニング娘。の吉澤ひとみが登場し、洞窟やケーブダイブの魅力について熱く語りました。
の吉澤ひとみが登場し、洞窟やケーブダイブの魅力について熱く語りました。3本目はイタリアより、「第68回ヴェネチア国際映画祭」ではコンペティション部門で日本から唯一の出品となる、園子温監督の最新作『ヒミズ』の記者会見が行われ、園子温監督と、主演の染谷将太、ヒロインの二階堂ふみが登壇。
3本目はイタリアより、「第68回ヴェネチア国際映画祭」ではコンペティション部門で日本から唯一の出品となる、園子温監督の最新作『ヒミズ』の記者会見が行われ、園子温監督と、主演の染谷将太、ヒロインの二階堂ふみが登壇。レッドカーペッドで二階堂は、中世のマリー・アントワネット風のドレスを現代風にアレンジした衣装で登場し、その後行われた公式上映では、終了直後に嵐のようなスタンディングオベーションが約8分間沸き起こり、場内にいた園監督、染谷、二階堂を称賛し続けました。
レッドカーペッドで二階堂は、中世のマリー・アントワネット風のドレスを現代風にアレンジした衣装で登場し、その後行われた公式上映では、終了直後に嵐のようなスタンディングオベーションが約8分間沸き起こり、場内にいた園監督、染谷、二階堂を称賛し続けました。・上島竜兵が「出川には負けない！」と極秘実験でイケメンマッチョに変身 ・吉澤ひとみが新チーム結成「今、大事にしなきゃいけない人」 ・ヴェネチア国際映画祭で染谷将太、二階堂ふみに大歓声！ 園子温監督作『ヒミズ』に金獅子賞の期待膨らむ
そして、「ホラー映画」特集に続き、今週より「オトナの恋愛映画」特集がスタートしました。まず最初に紹介するのは、3日より公開中の庵野秀明プロデュースにより、平野勝之監督が元恋人で女優・林由美香との15年間を記録したドキュメンタリー『監督失格』。200本以上の作品に出演し、35歳を迎える誕生日前日に急逝した彼女が、処女喪失、AVデビュー、不倫旅行などについて赤裸々に告白。生前に彼女と親しかった人々が、彼女を失った悲しみと向き合う姿をカメラが捉えています。
生前に彼女と親しかった人々が、彼女を失った悲しみと向き合う姿をカメラが捉えています。・【オトナ女子映画部】林由美香、本能のままに生きた1人の女優『監督失格』 ・「オトナの恋愛映画」特集ページ 今週末に公開される作品の中からは、本日10日公開の映画『グリーン・ランタン』の公開を記念して、DCコミックの新ヒーロー、グリーン・ランタンと、日本代表のヒーロー、キン肉マンの奇跡のコラボキャンペーンが決定。
・【オトナ女子映画部】林由美香、本能のままに生きた1人の女優『監督失格』 ・「オトナの恋愛映画」特集ページ 今週末に公開される作品の中からは、本日10日公開の映画『グリーン・ランタン』の公開を記念して、DCコミックの新ヒーロー、グリーン・ランタンと、日本代表のヒーロー、キン肉マンの奇跡のコラボキャンペーンが決定。同じく10日公開の『探偵はBARにいる』では、タイトルにもなっている“BAR”のセットや小道具、そして大泉洋演じる探偵が愛飲するカクテルについて詳しく紹介。
同じく10日公開の『探偵はBARにいる』では、タイトルにもなっている“BAR”のセットや小道具、そして大泉洋演じる探偵が愛飲するカクテルについて詳しく紹介。主演の二人、大泉洋と松田龍平のインタビュ—など、詳しくは特集ページをご覧下さい。
・キン肉マンと『グリーン・ランタン』が奇跡のコラボ、ゆでたまご直筆オリジナルイラストが当たるチャンス
・大泉洋も飲んだ「探偵カクテル」でハードボイルドな世界を満喫
・大泉洋も飲んだ「探偵カクテル」でハードボイルドな世界を満喫・『探偵はBARにいる』特集
ページ 最後にDVD作品を2本。1本目は、震災直前3月5日の劇場公開から半年、昨日9日に発売された『わさお』。ブログをきっかけに全国の人気者となり、遂には主演俳優としてスクリーンデビューを果たした秋田犬・わさおと、人気ロックバンド the pillowsのヴォーカル・山中さわおとの奇跡の2ショット写真を披露しています。
ブログをきっかけに全国の人気者となり、遂には主演俳優としてスクリーンデビューを果たした秋田犬・わさおと、人気ロックバンド the pillowsのヴォーカル・山中さわおとの奇跡の2ショット写真を披露しています。2本目は、映画化も決定している話題ドラマ『荒川アンダー ザ ブリッジ』の主題歌を手掛ける注目のバンド、Galileo Galilei（ガリレオ・ガリレイ）の楽曲から誕生した映画『管制塔』が、7月にニューヨークで開催された映画祭「JAPAN CUTS」上映に引き続き、9月にロンドンで開催される映画祭「Raindance Film Festival 2011」にてプレミア上映されることが決定しました。21日には、DVDの発売とレンタルが開始されますので、ご注目下さい。
21日には、DVDの発売とレンタルが開始されますので、ご注目下さい。・「さわお」×「わさお」が奇跡の対面・日本最果ての地で誕生した映画が『しんぼる』『となりのトトロ』に続くプレミア上映決定
日別映画ニュースまとめ 5日（月） 6日（火） 7日（水） 8日（木） 9日（金）
日別映画ニュースまとめ 5日（月） 6日（火） 7日（水） 8日（木） 9日（金）映画界の“生きる伝説”が人類の起源に迫る 決して触れてはならない“謎”に巨匠が挑む！ 『エイリアン』『グラディエーター』など映画史上において、幾多の金字塔を打ち立ててきた“生きる伝説”リドリー・スコット監督の最新作『プロメテウス』（8月より公開予定）の衝撃的な予告映像、オリジナル劇場ポスターが公開された。一切ストーリーが明かされず、謎に包まれたままだった本作が、ついにベールを脱ぐ。
一切ストーリーが明かされず、謎に包まれたままだった本作が、ついにベールを脱ぐ。本作は、監督自らのアイディアを基に、人類の永遠なる疑問に挑んだエピック・ミステリー超大作。人類史上最大の謎“人類の起源”を解き明かす重大なヒントを古代遺跡で発見し、宇宙船プロメテウス号に乗って未知の惑星を訪れた科学者チームは、想像を絶する運命に出くわす。めくるめく神秘と衝撃に彩られた探査航海の果てに、決して触れてはならない“パンドラの箱”が開いた時、人類はすべてを目撃する。果たして、地球上のあらゆる歴史や文明の概念さえも覆す驚愕の真実とは何なのか。
果たして、地球上のあらゆる歴史や文明の概念さえも覆す驚愕の真実とは何なのか。今回、公開された予告映像がこちら。
今回、公開された予告映像がこちら。前人未踏の地で次々と起こる謎だらけのシーンとスケール感溢れるアクションシーンの数々が盛り込まれている。圧倒的なオリジナリティに満ちた先見性と、アーティスティックな映像感覚で名高いスコット監督だからこそ実現させた作品といえる。
圧倒的なオリジナリティに満ちた先見性と、アーティスティックな映像感覚で名高いスコット監督だからこそ実現させた作品といえる。出演は、『ミレニアム ドラゴン・タトゥーの女』のノオミ・ラパス、ハリウッドを代表するオスカー女優シャーリーズ・セロン、『SHAME -シェイム-』でヴェネチア国際映画祭主演男優賞を獲得したマイケル・ファスベンダーら豪華キャストが集結。
出演は、『ミレニアム ドラゴン・タトゥーの女』のノオミ・ラパス、ハリウッドを代表するオスカー女優シャーリーズ・セロン、『SHAME -シェイム-』でヴェネチア国際映画祭主演男優賞を獲得したマイケル・ファスベンダーら豪華キャストが集結。彼らは、どのように“人類の起源”の真実に迫るのか。
彼らは、どのように“人類の起源”の真実に迫るのか。監督は、本作について「このプロジェクトは、クリエイティブな過程を経て、『エイリアン』とは異なる新しいスケールの大きな神話へ、またオリジナル・ストーリーの舞台となる世界へと進化していきました。新作で取り組んだアイディアはユニークであり、広範にわたり、刺激的なものです。ずっと求めていた貴重なストーリーを見つけられて、これ以上の喜びはありませんし、私の気持ちにとても近い作品にやっと戻ってこられてうれしい限りです」と、自信を見せた。
ずっと求めていた貴重なストーリーを見つけられて、これ以上の喜びはありませんし、私の気持ちにとても近い作品にやっと戻ってこられてうれしい限りです」と、自信を見せた。今回、公開された日本版ポスターは、US版とは異なるビジュアルを採用。これは、監督が日本だけに特別に認めたもので、4月14日（土）より順次全国の劇場に掲出される予定だ。
これは、監督が日本だけに特別に認めたもので、4月14日（土）より順次全国の劇場に掲出される予定だ。映画『プロメテウス』は、8月より全国拡大ロードショー。
映画『プロメテウス』は、8月より全国拡大ロードショー。映画『プロメテウス』オフィシャルサイト
【週末映画まとめ読み】ゴールデン・グローブ賞で最多3冠を獲得した作品とは？今週1週間に起こった出来事を振り返る「週末映画まとめ読み」。動員ランキングは、ミッキー・カーチスこと五十嵐信次郎が主演を務めた『ロボジー』が『ミッション:インポッシブル／ゴースト・プロトコル』を抑え、初登場で首位を獲得。土日2日間で興行収入2億円を記録し、好調なスタートを切りました。また、オダギリジョーとチャン・ドンゴン主演の『マイウェイ 12，000キロの真実』は、初登場で3位を記録。詳しいランキングはこちらでチェック！
詳しいランキングはこちらでチェック！現地時間15日、米ロサンゼルスのカリフォルニア、ビバリー・ヒルズにあるビバリー・ヒルトン・ホテルにて、前年に発表された最新の映画・テレビ番組を賞賛する「ゴールデン・グローブ賞」授賞式が開催され、兼ねてから報道されているYOSHIKIが作曲・プロデュースしたオフィシャル・テーマ曲が披露されました。「2012年先取り映画」の【2012年先取り映画vol.5】で紹介した映画『ヘルプ 〜心がつなぐストーリー〜』で、黒人メイドのミニー役を演じたオクタヴィア・スペンサーは、自身初となるドラマ部門の助演女優賞を受賞。
「2012年先取り映画」の【2012年先取り映画vol.5】で紹介した映画『ヘルプ 〜心がつなぐストーリー〜』で、黒人メイドのミニー役を演じたオクタヴィア・スペンサーは、自身初となるドラマ部門の助演女優賞を受賞。そして、・【速報】第69回ゴールデン・グローブ賞、『アーティスト』が最多3冠・YOSHIKI、ゴールデン・グローブ賞授賞式でテーマ曲披露「感無量でした」・『ヘルプ 〜心がつなぐストーリー〜』、オクタヴィア・スペンサーが初のGG受賞
『ジョニー・イングリッシュ 気休めの報酬』の公開に先駆けて、タレントの高田純次による「＜気休め部長＞を囲む会」という試写会イベントが行われました。本作の見どころを聞くと“テキトー発言”を連発し、高田節を炸裂。最後に、ボンドガール風の美女2人から、高田の数々の偉業を称え、アタッシュケースに入れられた報酬が贈呈されました。果たして、その中身とは？詳しくは下記の記事をチェック！
映画『スピーク』のDVDレンタル発売を記念し、SDN48の芹那がトークイベントを行いました。今年こそ彼女は“独り身”を脱出することが出来るのでしょうか。
・高田純次に美女がキス「沢尻エリカを宇宙に行かせたかった」とテキトー発言
・SDN48芹那が激白「彼氏を作って独り身を“脱出”したい」
大ヒットシリーズの最新作や話題となっている映画の情報が公開されました。謎の疫病により男女の逆転した江戸時代の大奥を舞台にした大ヒット映画『大奥』の続編が決定。本作で堺雅人が1人2役に挑戦します。女将軍を演じるのは誰なんでしょうか。
そして、『スパイダーマン』シリーズ最新作が3D映画『アメイジング・スパイダーマン』が6月30日、ここ日本で世界最速公開されることが決定しました。公開に先駆けて、新たな主人公ピーター・パーカー役を演じるアンドリュー・ガーフィールドと、新ヒロインを演じるエマ・ストーンらが来日し、記者会見が行われました。
さらに、ウォルト生誕110周年記念作品『ジョン・カーター』の場面写真が公開されました。『スター・ウォーズ』『アバター』に多大なインスピレーションを与えたと言われるSF小説を原作にした本作に登場する怪物たちとは、どんな姿をしているのでしょうか。
・堺雅人主演で『大奥』の続編が製作決定！女将軍を演じるのは？
・『スパイダーマン』新ヒロインのエマ・ストーン「素敵なキスシーンはあります！」
・ディズニーの夢を叶えた巨編『ジョン・カーター』、迫り来る異形の怪物たち
連載の「いちおう妖ヶ劇場」「DVDエンター！」「オトナ女子映画部」は、もうチェックしましたか？まだの方は、是非チェックしてくださいね。
まだの方は、是非チェックしてくださいね。・【いちおう妖ヶ劇場】第5話：妖怪集まりゃ、メジャーなんて目じゃーないの巻
・【DVDエンター！】十字架、ニンニク…ヴァンパイアに対抗する武器といえば何？
・【オトナ女子映画部】しらふで男性と関係が持てないアラフォー女性「恋愛依存症」
・【オトナ女子映画部】しらふで男性と関係が持てないアラフォー女性「恋愛依存症」今週は、松本潤と小雪主演でドラマ化された人気コミックをチャン・グンソク主演で映画化した『きみはペット』や、爆笑間違いなしの『ジョニー・イングリッシュ 気休めの報酬』『ALWAYS 三丁目の夕日’64』などの話題作が公開します。果たして、『ミッション：インポッシブル／ゴースト・プロトコル』の快進撃を止めた『ロボジー』は首位を守ることはできるのでしょうか。
日別映画ニュースまとめ：14日（土）｜15日（日）｜16日（月）｜17日（火）｜18日（水）｜19日（木）｜20日（金）
日別映画ニュースまとめ：14日（土）｜15日（日）｜16日（月）｜17日（火）｜18日（水）｜19日（木）｜20日（金）『ヒミズ』原作古谷実の描き下ろしイラストを解禁 第68回ヴェネチア国際映画祭で、主演の染谷将太、ヒロインの二階堂ふみが最優秀新人俳優賞（マルチェロ・マストロヤンニ賞）をW受賞した映画『ヒミズ』が2012年1月14日に公開される。公開に先立ち、原作者・古谷実が主演二人をモデルに描き下ろしたイラストと映画チラシのリリースが解禁された。
公開に先立ち、原作者・古谷実が主演二人をモデルに描き下ろしたイラストと映画チラシのリリースが解禁された。「行け！稲中卓球部」で一時代を確立したカリスマ漫画家・古谷実がギャグ路線を完全に封印した「ヒミズ」。長らく映画化が熱望され続けた本作が、『愛のむきだし』『冷たい熱帯魚』で世界から高い評価を受ける園子温監督の手によって実写化された。
長らく映画化が熱望され続けた本作が、『愛のむきだし』『冷たい熱帯魚』で世界から高い評価を受ける園子温監督の手によって実写化された。本作を観賞した古谷は「若い二人の演技が素晴らしく、感動しました！」と絶賛。染谷が演じた住田と二階堂が演じた茶沢をベースに映画版『ヒミズ』のオリジナルイラストを描き下ろした。
染谷が演じた住田と二階堂が演じた茶沢をベースに映画版『ヒミズ』のオリジナルイラストを描き下ろした。また、いち早く映画を鑑賞したマスコミや著名人たちからも、下記のような賞賛の声が上がっている。
また、いち早く映画を鑑賞したマスコミや著名人たちからも、下記のような賞賛の声が上がっている。●戦いに挑んだ園監督。その強烈な戦いぶりを見せられているような映画。凄かった。開始一分。なんか背骨に電気が走った感じがした。- 鈴木おさむ（放送作家）
- 鈴木おさむ（放送作家）●原作にはないエモーショナルなラストシーンに、絶望の果ての暗闇に光を見た。- 水道橋博士（浅草キッド）
- 水道橋博士（浅草キッド）●『愛のむきだし』も『冷たい熱帯魚』も、ここに至る一つの過程にすぎなかった。暴力と絶望は、不様にぶつかり合う少年と少女の手で、限りない希望へ変わる。- 門間雄介（編集者/ライター）
- 門間雄介（編集者/ライター）●言葉の一つ一つが、こちらの精神に襲いかかってくる！観たあとの何とも言えない疲労感がたまらない。こんな映画がまた観たい。- 関根勤（タレント）
- 関根勤（タレント）今回のイラストが描かれたチラシは、12月17日から全国の劇場等で配布される予定。映画『ヒミズ』は、2012年1月14日（土）より新宿バルト9、シネクイント他全国ロードショー。
映画『ヒミズ』は、2012年1月14日（土）より新宿バルト9、シネクイント他全国ロードショー。『ヒミズ』 - 作品情報
【プレゼント】人種問題のタブーに挑んだ映画『ヘルプ 〜心がつなぐストーリー〜』のブルーレイ+DVDセット 第69回ゴールデン・グローブ賞で、女優賞にヴィオラ・デイヴィス、主題歌賞にはメアリー・J・ブライジの歌う「THE LIVING PROOF」など4部門で5ノミネートされた映画『ヘルプ 〜心がつなぐストーリー〜』のブルーレイ＆DVDが9月19日より発売される。本作は、アカデミー賞やゴールデン・グローブ賞のほか、全米映画俳優組合賞など56賞受賞、77部門でノミネートされ、全米の映画賞を席巻した大ヒット作品。全米で公開されると、観客の口コミで話題となり興行収入1億7千万ドルという大ヒットを記録した。原作は、ニューヨーク・タイムズ紙による書籍ランキングで103週連続ランクインを記録した、キャスリン・ストケットの大ベストセラー小説。主人公・米国南部の上流階級出身で作家志望のスキーターは、黒人メイドが当たり前という環境で育つも、大人になり疑問を抱くようになる。そこで身近なメイドにインタビューを試みるものの真実を語る者はいない。しかし、親友の家のメイドが応じてくれることになる。こうして、一冊の本「ヘルプ」が出版された。やげて、その本は、アメリカ南部の小さな街に大騒動を巻き起こす。それは、時代を動かす“変化”の始まりだった……。主演は、『アメイジング・スパイダーマン』のエマ・ストーン。その他、『ダウト〜あるカトリック学校で〜』で第81回アカデミー賞助演女優賞にノミネートされたヴィオラ・デイヴィス、オクタビア・スペンサーなど演技派キャストが勢揃いしている。白人女性と友情を育む黒人メイドのミニー役を演じたオクタヴィア・スペンサーは、現地時間1月15日に開催された第84回アカデミー賞で、自身初となるドラマ部門の助演女優賞を受賞している。
白人女性と友情を育む黒人メイドのミニー役を演じたオクタヴィア・スペンサーは、現地時間1月15日に開催された第84回アカデミー賞で、自身初となるドラマ部門の助演女優賞を受賞している。今回、人種問題のタブーに挑んだ本作のブルーレイ＋DVDセットをプレゼントします。人種差別が色濃く残る1960年代のアメリカ南部を舞台に、白人女性スキーターが、黒人メイドたちの現実を伝える本を執筆しようと奮闘する姿が感動を呼んだ本作。そんな話題作を自宅で鑑賞できるこの機会をお見逃しなく！映画『ヘルプ 〜心がつなぐストーリー〜』のブルーレイ＆DVDは、9月19日（水）より発売。
映画『ヘルプ 〜心がつなぐストーリー〜』のブルーレイ＆DVDは、9月19日（水）より発売。プレゼント概要 映画『ヘルプ 〜心がつなぐストーリー〜』のブルーレイ+DVDセット 当選数 3名様 【応募方法】 MOVIE ENTER公式Twitterアカウント「@movie_enter」をフォローのうえ、 本記事のURL（http://news.livedoor.com/article/detail/6870676/）をツイートしてください。【応募期間】 2012年8月20日（月）〜 9月18日（日）まで ※当選者には、ツイッターのDM（ダイレクトメッセージ）でご連絡いたします。【応募条件】 ・日本に居住されている方（賞品配送先が日本国内の方）。・応募に関する注意事項に同意いただける方。【注意事項】 ※本キャンペーンに関して、弊社が不適切な行為がされていると判断いたしましたアカウントは、キャンペーン対象外とさせていただきます。※弊社は、応募いただいた方のツイート内容には一切の責任を負いません。※当選発表は、当選者様への当選のご連絡をもってかえさせていただきますので、ご了承ください。※当選通知後、4日間ご連絡がない場合は、当選を無効とさせていただきます。※当選結果に関するお問い合せは受け付けておりませんので、ご了承ください。※当キャンペーンの掲載内容や条件は、予告なく変更する場合がございます。あらかじめご了承ください。※当選の権利の譲渡はできません。※キャンペーン参加にあたっては、必ず弊社個人情報保護方針「プライバシーポリシー」をお読みください。※当選時にご連絡いただく住所、氏名、電話番号は、その確認などの関連情報のご案内のみに使用し、キャンペーン終了後は弊社の定める方法に基づき消去いたします。※インターネット通信料・接続料およびツイートに関しての全ての費用はお客様のご負担になります。※次の場合はいずれのご応募も無効となりますのでご注意ください。・応募時の内容に記載不備がある場合。・お客さまのご住所が不明、または連絡不能などの場合。
・お客さまのご住所が不明、または連絡不能などの場合。作品情報 ・映画『ヘルプ 〜心がつなぐストーリー〜』 - 作品情報 その他のプレゼント ・堺雅人が“伝説の殺し屋”になって大ピンチに！『鍵泥棒のメソッド』一般試写会にご招待
・サッカー強豪国ドイツの知られざる真実とは？ 『コッホ先生と僕らの革命』試写会にご招待
・ジュリア・ロバーツが悪役に初挑戦！『白雪姫と鏡の女王』特別試写会にご招待
最先端3Dで全長500メートル超の魔物たちが大暴れ 人類、神、そして、神々の生みの親である巨神が、三つ巴の壮絶バトルを繰り広げる『タイタンの逆襲』が前作から圧倒的にスケールアップして登場。その新たなメインビジュアルが公開された。
その新たなメインビジュアルが公開された。前作は主人公ペルセウスの人間からの覚醒と、その父ゼウスや冥界の王ハデスとの確執を中心に物語が描かれていたが、本作ではバトルパートが大幅にパワーアップ。双頭獣の"キメラ"、一つ目巨人"サイクロプス"、牛頭人身の"ミノタウロス"、戦闘の鬼"マカイ"など誰しも一度は耳にしたギリシャ神話の魔物たちがすべて3Dで大暴れする。特に圧巻なのは巨神族の王・クロノス。前作のクライマックスに登場した大海獣"クラーケン"を遥かに超える全長500メートルという、まさに"規格外"の強敵である。しかも新たに公開されたメインビジュアルの巨大な魔物はクロノスではないとのこと。
しかも新たに公開されたメインビジュアルの巨大な魔物はクロノスではないとのこと。この巨大な敵にサム・ワーシントン演じるペルセウスがどのような戦いを見せるのか、さらに期待が高まる。もちろんゼウス役のリーアム・ニーソンや、ハデス役のレイフ・ファインズも続投。さらに鍛冶の神へパイストス役でビル・ナイ（『パイレーツ・オブ・カリビアン/デッドマンズ・チェスト』）も登場するので、おじ様俳優大好きな方も必見だ。
さらに鍛冶の神へパイストス役でビル・ナイ（『パイレーツ・オブ・カリビアン/デッドマンズ・チェスト』）も登場するので、おじ様俳優大好きな方も必見だ。『タイタンの逆襲』は、4月21日(土)より丸の内ピカデリー他全国ロードショー。
『タイタンの逆襲』は、4月21日(土)より丸の内ピカデリー他全国ロードショー。■ストーリー 神々の力が弱まったことで、"冥界"に封じ込められた巨神(タイタン)・クロノスの覚醒が始まり、地上にも異変が起こり始めた。続々と出現する魔物たちに、逃げ惑う人々。クロノスが完全復活を遂げるとき、世界は終焉を迎える。この闘いに、立ち上がったのは"人の心"と"神の力"を併せ持つ男・ペルセウス。愛する息子を守るため、囚われた父を救うため、仲間とともにクロノスの眠る"タルタロスの牢獄"を目指す。未知なる脅威と衝撃を秘めて、今"冥界"での闘いが始まる。
未知なる脅威と衝撃を秘めて、今"冥界"での闘いが始まる。■『タイタンの逆襲』予告編
■『タイタンの逆襲』予告編■『タイタンの逆襲』公式サイト
【MOVIE ENTERおすすめ記事】 ・【元気東北・宮城編】仙台から東北そして日本全国へ、ヒーローと凡人との強い絆
【MOVIE ENTERおすすめ記事】 ・【元気東北・宮城編】仙台から東北そして日本全国へ、ヒーローと凡人との強い絆・ポスターのテーマは、剣心の"封印された狂気"
・『マダガスカル』シリーズ待望の最新作は、夏休みファミリー映画の大本命！
・『マダガスカル』シリーズ待望の最新作は、夏休みファミリー映画の大本命！・【DVDエンター！】人類への警鐘、人が猿に“支配”される日は近い
助演女優賞は『ヘルプ 〜心がつなぐストーリー〜』のオクタヴィア・スペンサー第84回アカデミー賞の授賞式が日本時間27日10時半より開催された。助演女優賞は『ヘルプ 〜心がつなぐストーリー〜』のオクタヴィア・スペンサーが選ばれた。
助演女優賞は『ヘルプ 〜心がつなぐストーリー〜』のオクタヴィア・スペンサーが選ばれた。【他にノミネートされていた作品】 ・ベレニス・ベジョ（アーティスト） ・ジェシカ・チャステイン（ヘルプ 〜心がつなぐストーリー〜） ・メリッサ・マッカーシー（Bridesmaids） ・ジャネット・マクティア（アルバート・ノッブス）
【他にノミネートされていた作品】 ・ベレニス・ベジョ（アーティスト） ・ジェシカ・チャステイン（ヘルプ 〜心がつなぐストーリー〜） ・メリッサ・マッカーシー（Bridesmaids） ・ジャネット・マクティア（アルバート・ノッブス）『ヘルプ 〜心がつなぐストーリー〜』ストーリー “ヘルプ”とは、お手伝いをする人のことで、かつてのアメリカ南部では黒人メイドたちのことを意味していた。しかし、自由のない時代に様々な苦しみを抱えて生きるメイドたちこそ、声にできない自分たちの叫びを聞いてくれる誰かの“ヘルプ”を必要としていた。彼女たちの“心の声”は、一冊の本「ヘルプ」として出版された。
彼女たちの“心の声”は、一冊の本「ヘルプ」として出版された。やがて、その本は、アメリカ南部の小さな街に大騒動を巻き起こす。それは、時代を動かす“変化”の始まりだった——。
それは、時代を動かす“変化”の始まりだった——。オクタヴィア・スペンサーは、白人女性と友情を育む黒人メイド役を演じた。
・第84回アカデミー賞特集
・第84回アカデミー賞特集・【速報】第84回アカデミー賞 【関連記事】・名もなきメイドたちの声を集め、時代を変えた一冊の「ストーリー」
“悪夢の新作”『プロメテウス』に著名人から絶賛コメントが続々 8月4日からの先行上映を経て、いよいよ24日に全国公開となったリドリー・スコット監督最新作、人類最大の謎《人類の起源》に迫る3Dエピック・ミステリー超大作『プロメテウス』。25日（土）と26日（日）の2日間で20万人以上を動員し、著名人からも絶賛のコメントが続々と届いている。
25日（土）と26日（日）の2日間で20万人以上を動員し、著名人からも絶賛のコメントが続々と届いている。「おーっ」てなりたい人は、絶対に劇場に行ってください！度肝を抜かれます！大画面で観るべき、異空間に連れていってくれる映画です。そして、今までのリドリー・スコット作品のように物議をかもすこと間違いなし！非現実的だけど、リアル、そこがすごい！
非現実的だけど、リアル、そこがすごい！天野ひろゆき（キャイ〜ン） 映画を観ていくうちに「…え？」「ん？」「こ、これは…？」となってくる…！そして…「うわぁ〜!!!」一体どういう事なのか?!是非とも劇場で体験していただきたいっ!!竹中直人（俳優・映画監督） リドリー・スコットの大問題作。私は映像のスケール感とデラックスな音響を堪能しました。これはリドリーさまの「2001年」への回答です。
これはリドリーさまの「2001年」への回答です。押井 守（映画監督） 俺たち人類って宇宙の何者なのか？知りたいならば創造主に訊け、 とリドリー・スコットは悪夢の新作を撮った。俺たち人類の起源も未来も、みんなここに繋がっていた？荒俣 宏（作家） プロット・デザイン・グラフィック。久しぶりにここまで完成度の高い映画を観た。是非3Dをお勧めします。藤原ヒロシ（音楽プロデューサー）
藤原ヒロシ（音楽プロデューサー）そして本作の大ヒットを記念して、総額10万円相当の“ミステリアス”ブルーレイ・セットのプレンゼントが決定。謎に満ち溢れた本作のように、どの作品タイトルが入っているかはまったくの“謎”。アンケートに答えて応募するだけで、『アバター』『タイタニック』など20世紀フォックスが誇る珠玉のラインナップのブルーレイが当たる企画となっている。
アンケートに答えて応募するだけで、『アバター』『タイタニック』など20世紀フォックスが誇る珠玉のラインナップのブルーレイが当たる企画となっている。キャンぺーン詳細 応募期間：9月30日（日）まで 応募方法： PCもしくは携帯・スマートフォンから、『プロメテウス』オフィシャルサイトにアクセス。ページ上のバナーから『プロメテウス』大ヒット感謝キャンペーンサイトにアクセス。アンケートに答え、必要項目を入力して応募。※当選者の発表は景品の発送をもって代えさせて頂きます。※景品の発送は10月上旬を予定しております。
※景品の発送は10月上旬を予定しております。・映画『プロメテウス』オフィシャルサイト ・『プロメテウス』特集ページ
【DVDエンター！】神によって定められた“運命”に抗う恋人たち 運命とは、人間の意志を超越して、人に幸、不幸を与える力。また、その力によってめぐってくる幸、不幸のめぐりあわせを意味します。信じる、信じないは人それぞれかと思いますが、自分にとって困難な状況に直面した時、その運命を素直に受け入れて従うか、あるいは運命に立ち向かい切り開こうとするかによって、その後の人生が大きく左右されるのではないでしょうか。
信じる、信じないは人それぞれかと思いますが、自分にとって困難な状況に直面した時、その運命を素直に受け入れて従うか、あるいは運命に立ち向かい切り開こうとするかによって、その後の人生が大きく左右されるのではないでしょうか。「ボーン」シリーズでトップスターの仲間入りを果たした、マット・デイモンの主演により、今年5月に劇場公開された“運命”をめぐる衝撃のSFサスペンス『アジャストメント』が早くも9月16日、ブルーレイ＆DVDとなって発売されました。
「ボーン」シリーズでトップスターの仲間入りを果たした、マット・デイモンの主演により、今年5月に劇場公開された“運命”をめぐる衝撃のSFサスペンス『アジャストメント』が早くも9月16日、ブルーレイ＆DVDとなって発売されました。『アジャストメント』 上院議員選挙の有力候補デヴィッドの前に、アジャストメント・ビューロー（運命調整局）なる謎の集団が出現。自らの人生の“運命“が彼らによって操作されていることを知ったデヴィッドは、かつて愛し合った女性エリースと再会したことで重大な決断を迫られ……。
自らの人生の“運命“が彼らによって操作されていることを知ったデヴィッドは、かつて愛し合った女性エリースと再会したことで重大な決断を迫られ……。信じ難い現実の“裏側”が明らかに マット・デイモン演じる将来有望な若手政治家デヴィッドは、エミリー・ブラント演じる美しいバレリーナのエリースと“運命”的に出逢い、瞬時に意気投合します。しかし、本来は恋に落ちる予定でなかった二人を引き離すべく、“アジャストメント・ビューロー（運命調整局）”と呼ばれる謎の男たちが突如、出現。「この世のすべての運命は、ビューローが既に決めた運命から逸脱しないよう常にモニターされ、操作されている」という、信じ難い現実の“裏側”が明らかに。超人的な能力で運命を操作する彼らに対し、必死の抵抗を試みるデヴィッドだが、ビューローの真の目的に気付いた時、彼が手にする本当の“運命”とは…？
超人的な能力で運命を操作する彼らに対し、必死の抵抗を試みるデヴィッドだが、ビューローの真の目的に気付いた時、彼が手にする本当の“運命”とは…？ニューヨークの各所に出現する“どこでもドア” レールの敷かれた安全な道を進むのか、道無き道を自らの手で切り開くのか。人生において、取捨選択しなければならない場面は多々あるかと思います。運命調整局によって引き離されそうになるデビッドとエリースは、ドラえもんの“どこでもドア”のようにニューヨークの名所へと繋がる数々の扉を開いて、目指す場所へと駆け抜けます。
運命調整局によって引き離されそうになるデビッドとエリースは、ドラえもんの“どこでもドア”のようにニューヨークの名所へと繋がる数々の扉を開いて、目指す場所へと駆け抜けます。選択肢は彼らが開いた扉の数だけ存在し、選択を重ねることによって得られた結果を、自らの意志で切り開いたと思うか、神によって始めから定められたと思うかは、あなた次第です。
選択肢は彼らが開いた扉の数だけ存在し、選択を重ねることによって得られた結果を、自らの意志で切り開いたと思うか、神によって始めから定められたと思うかは、あなた次第です。決して完全な存在ではない、神と天使たち 人智を超えて人間の人生を操作する力をもつ運命調整局とは、いわゆる天使であり、彼らの頂点に立つ議長を、人は神と呼ぶのかも知れません。そんな彼らですが、公園のベンチでうたた寝してしまい、デヴィッドの運命操作に失敗したり、恋人エリースの運命を操作して不幸にすると脅迫したりと、決して完全な存在とはいえないのも、観る者に運命を切り開こうと思わせるのかもしれません。
・『アジャストメント』ブルーレイ＆DVD 特集ページ - MOVIE ENTER アジャストメント [DVD]posted with amazlet at 11.09.18ジェネオン・ユニバーサル (2011-09-16) 売り上げランキング: 433 Amazon.co.jp で詳細を見る
・『アジャストメント』ブルーレイ＆DVD 特集ページ - MOVIE ENTER アジャストメント [DVD]posted with amazlet at 11.09.18ジェネオン・ユニバーサル (2011-09-16) 売り上げランキング: 433 Amazon.co.jp で詳細を見るどん底の男を支えた“本当の強さをもつ”ヒロインに、多くの女性が共感 スティーブン・スピルバーグ＆ロバート・ゼメキス製作、ヒュー・ジャックマン主演最新作『リアル・スティール』が、12月9日より全国513スクリーン（字幕版306スクリーン、吹替え版207スクリーン）で公開。初日3日間で初登場3位となる興行収入2億7.765万円を記録した。
初日3日間で初登場3位となる興行収入2億7.765万円を記録した。初日には、早朝から公開を待ちわびる熱心なファンの姿が多く見受けられ、アクション映画ファンから親子連れや中高年層の客が来場。
初日には、早朝から公開を待ちわびる熱心なファンの姿が多く見受けられ、アクション映画ファンから親子連れや中高年層の客が来場。夕方以降の回になると一転してカップルなどの10代から20代のカップルなどが目立ち、幅広い観客層が訪れた。
夕方以降の回になると一転してカップルなどの10代から20代のカップルなどが目立ち、幅広い観客層が訪れた。ヒュー・ジャックマン演じる、かつて自分の夢のために家族を捨てた父親チャーリーと、母を失いチャーリーと暮らす羽目になった息子マックスは、彼ら同様に世の中から見捨てられた旧式ロボットATOMとの出会いにより、親子の絆を取り戻していく。その親子関係の修復を誰よりも願い、“本当の強さを持つ人”という意味のタイトル通り、強い意志を持った女性ベイリーを演じているのが、人気海外ドラマ「LOST」で準主役に抜擢され大ブレイクを果たした、注目の女優エヴァンジェリン・リリーだ。
その親子関係の修復を誰よりも願い、“本当の強さを持つ人”という意味のタイトル通り、強い意志を持った女性ベイリーを演じているのが、人気海外ドラマ「LOST」で準主役に抜擢され大ブレイクを果たした、注目の女優エヴァンジェリン・リリーだ。吹替え版では、女優の天海祐希がベイリーを熱演しており、天海が演じた吹替え版に多くの女性ファンが劇場に詰めかけたことも、吹替え版が初日3日間で高稼働した一因となっている。
吹替え版では、女優の天海祐希がベイリーを熱演しており、天海が演じた吹替え版に多くの女性ファンが劇場に詰めかけたことも、吹替え版が初日3日間で高稼働した一因となっている。その他にも『リアル・スティール』は、ぴあ「初日満足度ランキング」、coco「Twitterのつぶやきが多い映画ランキング」「映画マニアたちの注目作品ランキング」、Wishry「『観たい！』＆『観た！』映画ランキング」でそれぞれ1位を獲得。「涙出て、鳥肌立った」、「久々に映画館でボロ泣き！」、「ラスト、マジやばいっ!!」といった感動コメントが多く寄せられ、来週以降も引き続き期待できる結果に。最終的には20億円を超える興行となる見込みとなっている。
最終的には20億円を超える興行となる見込みとなっている。MOVIE ENTERの『リアル・スティール』特集ページでは、iPad 2が当たるキャンペーンを実施中なので、お見逃し無く。
MOVIE ENTERの『リアル・スティール』特集ページでは、iPad 2が当たるキャンペーンを実施中なので、お見逃し無く。・映画『リアル・スティール』特集ページ - MOVIE ENTER
“FBI行動分析課”に学べ！ 『クリミナル・マインド』流トラブルを生き抜くビジネス術 注目の海外ドラマから、ビジネスシーンで役立つスキルを学ぶ「海外ドラマから学ぶ勝てるビジネス術」。第二弾で取り上げる作品は、『クリミナル・マインド／FBI vs.異常犯罪 シーズン5』だ。この物語は、連続放火、絞殺、爆弾……ありとあらゆる異常犯罪に、並外れた洞察力を武器に挑むFBIのエリート・プロファイラー軍団「行動分析課（通称BAU）」が、科学捜査や法医学分析とも全く違う捜査方法で、犯人像に迫る姿を描く。たった一つのミスが多くの命を左右する極限状態での、彼らエキスパート集団の仕事ぶりは、きっとビジネスマンにも学ぶべきところが多いはずだ。早速、『クリミナル・マインド』に見るビジネス術を紐解いてみようではないか？チェックペンの準備はいいだろうか？
チェックペンの準備はいいだろうか？ビジネス術その1：思わずうなる！ 心に刻むべき偉人たちの名言の数々！！本作の各エピソードの序盤と終盤に入る登場キャラクターたちのモノローグには、多くの示唆に富んだ偉人たちの名言が引用されており、これが観る者をグッと惹きつける。胸に刻むべき一文をご紹介しよう。
胸に刻むべき一文をご紹介しよう。●弱い人間は決断する前に疑い、強い人間は後から疑う。−第1話のモノローグ：カール・クラウス (オーストリアの作家・ジャーナリスト)●どんな過去を持ち、どんな未来が待っているのかは些細なこと。大事なのは自分の中に何があるかだ。−第10話のモノローグ：ラルフ・ウォルドー・エマーソン (アメリカの思想家・作家)●必要なくなった物を捨てられないのは、その物に所有されているということだ。物質主義の現代社会において、多くの人間が所有物に所有されている。−第12話のモノローグ：ミルドレッド・リセット・ノーマン (アメリカの平和活動家)●優しさより強いものはなく、本物の強さより優しいものはない。−第21話のモノローグ：ラルフ・W・ソックマン (アメリカのメソジスト教会の牧師)
−第21話のモノローグ：ラルフ・W・ソックマン (アメリカのメソジスト教会の牧師)いかがだろうか？思わずメモを取りたくなる名言の数々ではないか。これだけでも、本作を見る価値があると言っても過言ではない。だがこれだけではないのだ。ドラマの本編に散らばる様々なシチュエーションは、ビジネスシーンに大いに役立つものばかりなのだ！
ドラマの本編に散らばる様々なシチュエーションは、ビジネスシーンに大いに役立つものばかりなのだ！ビジネス術その2：相手を見抜け！ 男女で使い分けるコミュニケーション法 BAU（行動分析課：The Behavioral Analysis Unit）のメンバーは、犯罪現場に残されたありとあらゆるものから、凶悪な犯人像に迫っていく。シーズン5の第1話では、ヴァージニア州でヒスパニック系の中年男性が相次いで殺らる事件に遭遇。そして、ある救命医に「息子を殺す。息子を隠せば身代わりに毎日ひとり殺す」という脅迫状が届き、メンバーは護衛と犯人の割り出しに当たることに。ここでは脅迫状の文面から、犯人の性別をあぶり出すテクニックを披露している。女は形容詞を使ったり、細かい表現を好む。男は直接的。「お前を殺す」など、主語が自分であることが多い。（脅迫状の文面を見て）というものだ。このテクニックは、ビジネスシーンにも応用ができるのではないだろうか？例えば、メールの送信相手が女性ならば、「素晴らしい」「面白い」などの形容詞を文面に盛り込むように心がけ、相手が男性ならば簡潔な文章で、相手が主体になるような内容にする。ギクシャクしがちなメールでのコミュニケーションも、よりスムーズに行うことができるだろう。
ギクシャクしがちなメールでのコミュニケーションも、よりスムーズに行うことができるだろう。●コミュニケーションにおける最大の問題は、意思が伝わったと錯覚することだ。−第2話のモノローグ：ジョージ・バーナード・ショー （アイルランド出身の劇作家・劇評家・音楽評論家）ただし！バーナード・ショーが警告するように、メールを送っただけで意思が伝わったと思い込まないようにしなければならない。BAUのメンバーは、メールよりもスピーカーホンを使って常に情報共有を行い、頻繁にミーティングを持って意思疎通を図ることが多い。スピーディな意思の疎通は、多くのビジネス現場で求められるスキルなので、大いに参考にしたい。
スピーディな意思の疎通は、多くのビジネス現場で求められるスキルなので、大いに参考にしたい。ビジネス術その3：上司も部下も同じチームメイト！ 最強の連携プレーに注目せよ！！冷静沈着なBAUのリーダー、アーロン・ホッチナー捜査官は、10年越しの宿敵である殺人鬼に家族の命を狙われ、仕事に打ち込むも不安定な状態に。そんな中、BAU創設メンバーでもありホッチナーの師デヴィッド・ロッシは、デレク・モーガンとの会話の中で、ホッチナーを気遣うこんな言葉をつぶやくのだ。ホッチナーには、我々が付いていると分からせなければならない。（でも、それは彼も分かっているのでは？）じゃあ、それを忘れさせないようにしよう。
）じゃあ、それを忘れさせないようにしよう。チームリーダーがトラブルを抱え
チームリーダーがトラブルを抱えているとき、リーダーであるが故に、誰にも相談することなく、自分自身で抱え込んでしまうことがある。メンバーは、自分自身の存在をリーダーに気付かせることが大切だ。ビジネスはチームワーク！トラブルは、リーダーだけでなく、各メンバーが解消するよう努めることが肝要なのである。
トラブルは、リーダーだけでなく、各メンバーが解消するよう努めることが肝要なのである。●人は他人の才覚を認めることを嫌う。その他人が敵でない限り。−第8話のモノローグ：アルバート・アインシュタイン (「相対性理論」で知られるドイツの物理学者)●経験は残酷な教師だが、人を大きく成長させてくれる。−第13話のモノローグ：C・S・ルイス (イギリスの小説家・学者)一方のチームリーダーも、アインシュタインが戒めるように、メンバーの才覚を信じ、経験を積ませることが、チーム全体の成長につながることを忘れてはならないだろう。ホッチナー捜査官を常に支えるのは、彼が率いるメンバーでもあるのだ。様々な問題を抱えるものの、それぞれの個性を活かした最強のチームとも言える彼らの連携プレーに要注目だ！
様々な問題を抱えるものの、それぞれの個性を活かした最強のチームとも言える彼らの連携プレーに要注目だ！ビジネス術その4：経験をもとに推理し、仮説を立て、証明する。それがプロファイリングの極意！BAUの捜査官は、犯行現場で犯人の行動をイメージし再現する。そこで犯人が、何をどう感じたのか、犯人の立場になって徹底的に考えるのだ。BAUメンバーのDr.スペンサー・リードは、容疑者の部屋の棚に飾られた人形を見て、「あなたは、子供を虐待していませんか？」という疑問を投げかける。当然、怒り出す相手に対し、 推理したんです。推理は経験に基づく勘です。それを基に仮説を立てます。仮説を証明するために、とことん考える。このプロファイリングの極意は、顧客や同僚、上司など、相手の立場になって物事を推理し、仮説を立てて行動することが重要なビジネスシーンでも活用できるだろう。ビジネスシーンでいきなり「子供を虐待していませんか？」という質問は、もちろんタブーだが……。
」という質問は、もちろんタブーだが……。『クリミナル・マインド／FBI vs.異常犯罪』には、これ以外にもビジネスシーンに役立ちそうな場面がたくさんある。手に汗握るアクションと、スピード感あふれるストーリー展開、そして明快なプロファイリングだけでなく、この1話完結型のドラマには、日常では思いもよらないトラブル（異常犯罪）が解決にまで導かれる過程が、約1時間の内に凝縮されているのだ。ビジネスシーンでトラブルはつきもの。いつかドラマを見た経験が生きる日が来るかもしれない。
では、最後にヘレン・ケラーの言葉を紹介して、今回の講義を終えよう。あなたは、価値ある目的に忠実に取り組めているだろうか？●本当の幸せとは何か、誤解している人が多い。それは自分の欲求を満たすことではなく、価値ある目的に忠実に取り組むことだ。—第19話のモノローグ：ヘレン・ケラー （アメリカの教育家・社会福祉事業家）
・『クリミナル・マインド／FBI vs.異常犯罪 シーズン5』特集
・『クリミナル・マインド／FBI vs.異常犯罪 シーズン5』特集■作品情報『クリミナル・マインド／FBI vs.異常犯罪 シーズン5』 11月2日(水) DVDレンタル開始！以降、順次リリース予定。11月16日(水) ＜コレクターズ BOX Part1＞DVD発売 12月2日(金) ＜コレクターズ BOX Part2＞DVD発売 発売元：ウォルト・ディズニー・スタジオ・ジャパン (C) ABC Studios and CBS Studios, Inc.
【関連記事】 ・意外と使える海外ドラマ『弁護士イーライ』のビジネス術「情報に含まれる“心”を読み取れ！」
若手ハリウッド女優たちが顔をゆがめて三三七拍子、『スクリーム4』の絶叫映像が公開 10月29日より公開となる『スクリーム』シリーズ最新作『スクリーム４：ネクスト・ジェネレーション』の絶叫映像が公開となった。ラストゲームとなるはずの最終章『スクリーム3』から11年、沈黙を破り復活する。
ラストゲームとなるはずの最終章『スクリーム3』から11年、沈黙を破り復活する。本作のサブタイトル“ネクスト・ジェネレーション”とあるように、次世代へと引き継がれ、生まれ変わった謎と恐怖が復活する。10年前に起こったウッズボロー連続殺人事件で生き残ったシドニーは、トラウマを克服し、作家となり成功していた。本の宣伝のため、故郷へと戻った彼は、保安官のデューイ、その妻・ゲイルと再会。事件を基にした映画『スタブ』はシリーズ７作目にまでなり、町にはキャラクター化された“マスク”がディスプレイされるなど、悲劇は笑い話になっていた。しかし、シドニーの帰郷を機に、二人の女子高生が惨殺される。厳戒体制がひかれる町でシドニーの周囲にいる人たちが次々と狙われていく。過去の事件をなぞるかのように犠牲者は増え続ける。一体、犯人は誰なのか。
一体、犯人は誰なのか。これまでのホラー映画の概念を覆す謎と恐怖と面白さで大ブームを巻き起こした『スクリーム』シリーズ。
これまでのホラー映画の概念を覆す謎と恐怖と面白さで大ブームを巻き起こした『スクリーム』シリーズ。今回、本シリーズの復活を記念して公開されたのは、ヤングハリウッド達が“三三七拍子”のリズムで絶叫しているユーモアな映像。
今回、本シリーズの復活を記念して公開されたのは、ヤングハリウッド達が“三三七拍子”のリズムで絶叫しているユーモアな映像。絶叫しているのは、人気ドラマ『プリティー・リトル・ライヤーズ』のルーシー・へイル、ドラマ『新ビバリーヒルズ青春白書』で主演を務めるシェネイ・グライムス、『マッドメン』のアリソン・ブリー、『プライド 栄光への絆』のエイミー・ティーガーデン、ドラマ『Life Unexpected』で主演を務めるブリタニー・ロバートソン。さらに、ジュリア・ロバーツの姪で児童向け番組『Unfabulous』でブレイクし、最新作が目白押しのエマ・ロバーツといったハリウッド期待の女優たちが勢揃いした。
さらに、ジュリア・ロバーツの姪で児童向け番組『Unfabulous』でブレイクし、最新作が目白押しのエマ・ロバーツといったハリウッド期待の女優たちが勢揃いした。過去、本シリーズには、ドリュー・バリモアをはじめ、若手スターの起用が毎回シリーズの目玉となっている。本作でも、3部作に引き続き、ネーヴ・キャンベル、デイヴィッド・アークェット、コートニー・コックスという馴染みのメンバーに加え、今回の映像で絶叫した若手スターが共演する。
本作でも、3部作に引き続き、ネーヴ・キャンベル、デイヴィッド・アークェット、コートニー・コックスという馴染みのメンバーに加え、今回の映像で絶叫した若手スターが共演する。コートニー・コックスは、2009年のFoxニュースが発表するハリウッドの歴代絶叫クイーン第9位に選ばれている。“絶叫クイーン”とは、本作のようなホラー映画で絶叫や悲鳴をあげることによって、作品の恐怖度を演出する女優のこと。本作では、若手女優も顔をゆがめて絶叫しているが、コートニーとどちらが観る者の恐怖を増長させることが出来るだろうか。
本作では、若手女優も顔をゆがめて絶叫しているが、コートニーとどちらが観る者の恐怖を増長させることが出来るだろうか。10月29日（土）より、シネマスクエアとうきゅう他、全国ロードショー。・映画『スクリーム４：ネクスト・ジェネレーション』 - 公式サイト・映画『スクリーム４：ネクスト・ジェネレーション』 - 作品情報
・映画『スクリーム４：ネクスト・ジェネレーション』 - 公式サイト・映画『スクリーム４：ネクスト・ジェネレーション』 - 作品情報【関連ニュース】 ・沈黙から11年、再びあの恐怖が蘇る！『スクリーム』シリーズ最新作の予告映像公開
美少女が高校時代を振り返る「恋愛より友達と遊ぶことに夢中」 AAAの西島隆弘が主演を務める映画『シグナル〜月曜日のルカ〜』（6月9日公開）の女子高生限定試写会が行われた。本作が映画初出演でヒロインを務める三根梓、主題歌を歌うKyleeが登壇し、会場に集まった制服姿の女子高生を前に、2人が本作の見どころや高校時代の恋愛について語った。
本作が映画初出演でヒロインを務める三根梓、主題歌を歌うKyleeが登壇し、会場に集まった制服姿の女子高生を前に、2人が本作の見どころや高校時代の恋愛について語った。本作は、ひと夏の恋をつづった青春物語。主人公は、東京の大学に通う恵介。夏休みの間だけ地元の映画館でアルバイトすることになった恵介は、そこで映写技師として働き、映画館から一歩も出ないルカと出会う。しかし、支配人から「ルカとの恋愛は禁止」と言われてしまう。それでも、不思議な魅力を放つルカに、恵介はどんどん惹かれていく。
——今日が初対面ですが、お互いの第一印象はいかがでしたか？三根梓（以降、三根）：ファッションも髪型もすごくかわいくて、お人形みたいで見惚れてしまいました。お会いできて嬉しいです。Kylee：スクリーンで観ていた方とこうしてお会いできるのはとても不思議ですが、映画の印象のままで、とてもかわいらしい方ですね。
Kylee：スクリーンで観ていた方とこうしてお会いできるのはとても不思議ですが、映画の印象のままで、とてもかわいらしい方ですね。——本作の公開が近づいていますが、今のお気持ちは？三根：公開が近づいて、無意識にこの映画の事を考えてしまう自分がいるんですが、どんな風に皆さんに見て頂けるのか考えると、ドキドキわくわくしています。
三根：公開が近づいて、無意識にこの映画の事を考えてしまう自分がいるんですが、どんな風に皆さんに見て頂けるのか考えると、ドキドキわくわくしています。——主題歌「未来」は、どんな気持ちで作りましたか？
——主題歌「未来」は、どんな気持ちで作りましたか？Kylee：映画で描かれている、ロマンチックで恋に落ちる女の子のかわいらしさを表現しました。人生の壁にぶつかったり、思い通りにいかなくても、未来に向かって頑張り続けることが大切だという思いを込めて作りました。
人生の壁にぶつかったり、思い通りにいかなくても、未来に向かって頑張り続けることが大切だという思いを込めて作りました。三根：たくさんの方が勇気をもらえる、とても素敵な楽曲だと思います。
三根：たくさんの方が勇気をもらえる、とても素敵な楽曲だと思います。——本作では恋愛模様がとても印象的に描かれていますが、胸を打たれたシーンはありましたか？三根：ルカが弱ってしまった時に恵介が「オレが守りますから」と言ってくれるシーンです。強くて頼もしい姿にぐっときました。Kylee：最初から最後まで笑顔で、ずっとルカに寄り添ってくれる恵介の姿に胸を打たれました。
Kylee：最初から最後まで笑顔で、ずっとルカに寄り添ってくれる恵介の姿に胸を打たれました。——お二人は、どんな高校生時代を送っていましたか？
——お二人は、どんな高校生時代を送っていましたか？三根：高校の時は、バレー部で皆で仲良く毎日笑って過ごしていました。恋愛には憧れを抱いていましたが、友達と遊ぶことに夢中でした。
恋愛には憧れを抱いていましたが、友達と遊ぶことに夢中でした。Kylee：私はアリゾナに住んでいて、高校を卒業したばかり。私も友達と遊ぶことに夢中でした。友達の話を聞いて、人を好きになる気持ち、一目惚れの甘い気持ち、恋愛に向かって頑張り続ける気持ちなどについていろいろ考えることが、今回の楽曲作りにも生かされたと思います。
友達の話を聞いて、人を好きになる気持ち、一目惚れの甘い気持ち、恋愛に向かって頑張り続ける気持ちなどについていろいろ考えることが、今回の楽曲作りにも生かされたと思います。舞台挨拶の後には、kyleeが本作の主題歌“未来”を披露。会場に集まった女子高生が彼女の歌声に聴き入る中、三根もまた歌声に感極まり、目を潤ませていた。三根は「ルカの気持ちを丁寧に歌い上げて頂いて光栄です。とても感動して胸がいっぱいです」とコメント。本作の主人公やヒロインと同世代のKyleeが気持ちを込めて歌いあげる主題歌に注目したい。
本作の主人公やヒロインと同世代のKyleeが気持ちを込めて歌いあげる主題歌に注目したい。映画『シグナル〜月曜日のルカ〜』は、6月9日より全国公開。
映画『シグナル〜月曜日のルカ〜』は、6月9日より全国公開。・映画『シグナル〜月曜日のルカ〜』 - 作品情報 【MOVIE ENTERおすすめ特集】
・『グレイヴ・エンカウンターズ』特集 -霊能力者ヒューストンが怪現象に遭遇
・海外ドラマ『スパルタカス』特集 − 紗綾がセクシー甲冑に挑戦する特別企画も！
・『リアル・スティール』ブルーレイ/DVD/オンデマンド特集 - 興奮VS感動 どちらが勝つか！
・ガール』特集 - 香里奈、麻生久美子ら競演の“女子力のバイブル”
“ハートがバクバクしちゃう”未公開シーン収録、『モテキ』BD&DVD発売決定 今年9月、200万部を突破した大人気コミックを原作者・久保ミツロウ書き下ろしによるオリジナルストーリーで映画化した『モテキ』。21億を超える興行収入を記録した大ヒット映画が2012年3月23日、ブルーレイ＆DVD化され発売されることが決定した。
21億を超える興行収入を記録した大ヒット映画が2012年3月23日、ブルーレイ＆DVD化され発売されることが決定した。映画は、原作のラストから１年後を描くオリジナルストーリー。ついに伝説の“セカンドモテキ”がやってくる。
ついに伝説の“セカンドモテキ”がやってくる。ブルーレイ＆DVDの豪華版には、大根監督監修のメイキング映像や、未公開映像を収録した特典ディスク付き。更に、ブルーレイ＆DVDの豪華版を予約購入すると、ハートがバクバクしちゃう未公開シーンを収録した特典DVD「みゆきの部屋＆るみ子の部屋（仮題）」を先着でプレゼント。気になる内容は後日、公開となる。
気になる内容は後日、公開となる。ストーリー 藤本幸世(３１歳)。金なし夢なし彼女なし。派遣社員を卒業し、ニュースサイトのライター職として新しい生活を踏み出そうとしているが、プライベート（＝恋愛）の方はまるで充実しないまま。新しい出会いも無く、恋する事も忘れ、ロンリーな日々を送っていたが…ある日突然、異性にモテまくる奇跡のシーズン「モテキ」が訪れた！
新しい出会いも無く、恋する事も忘れ、ロンリーな日々を送っていたが…ある日突然、異性にモテまくる奇跡のシーズン「モテキ」が訪れた！趣味が合い見た目もど真ん中タイプなのだが彼氏持ちの雑誌編集者・みゆき。みゆきの親友で清楚な美形ＯＬ・るみ子。ガールズ・バーのハデかわ嬢・愛。クールビューティな先輩社員・素子。まったくタイプの異なる4人の美女の間で揺れ動く幸世。
まったくタイプの異なる4人の美女の間で揺れ動く幸世。「こんなのはじめてだ…今まで出会った女の子と全然違う…冷静になれっ！…期待しちゃダメだぁ…」めくるめくモテキと４人の美女に翻弄されながら、幸世は本当の恋愛（含むセックス）にたどりつけるのか？
…期待しちゃダメだぁ…」めくるめくモテキと４人の美女に翻弄されながら、幸世は本当の恋愛（含むセックス）にたどりつけるのか？「モテキ Blu-ray豪華版」Special BOX＋豪華デジパック仕様 2枚組（本編BD１枚＋特典DVD１枚）／本編118分＋映像特典／¥7,035（税込） 映像特典：超豪華映像が収録された特典DISC付き ・大根仁監督監修！映画「モテキ」メイキング映像 ・幸世、みゆき、るみ子、墨さんの未公開映像 ・ライブ映像 ・スポット７種.（特報・予告・TVスポット?5ver.） 音声特典：オーディオコメンタリー ・ボーイズサイド（森山未來＆大根仁監督） ・ガールズサイド（長澤まさみ＆久保ミツロウ） 封入特典：ブックレット ・モテキ - 作品情報
せっかくの3D恐怖動画なのに、はしゃぎ過ぎの満島ひかり 神出鬼没の“ウサギ男”に襲われる恐怖を描いた映画『ラビット・ホラー3D』。あの『呪怨』の清水崇監督が、ホラーで習得したショック演出を3Dに活用して、さらなる恐怖を生み出したことで話題となっている。
あの『呪怨』の清水崇監督が、ホラーで習得したショック演出を3Dに活用して、さらなる恐怖を生み出したことで話題となっている。その方式は、3Dの“奥行き効果”で観客を恐怖世界に引き込みながら、3D映画本来の持ち味である“飛び出し効果”を強化したこと。そのことで、ハリウッド製3Dとはひと味違う刺激的空間を創出し、新たなホラーの世界をつくりあげたのだ。
そのことで、ハリウッド製3Dとはひと味違う刺激的空間を創出し、新たなホラーの世界をつくりあげたのだ。この映画の3Dへのこだわりは、半端ではない。なんと作品の宣伝も3Dでやっている。それがこちらである。
それがこちらである。映画「ラビット・ホラー3D」予告編 3D版 - 満島ひかり 香川照之 予告編を3Dで配信するとは、前代未聞ではないだろうか。しかし、3Dへの執念は、さらにそれだけでは止まらなかった。他にも出演者へのインタビューまでも3Dで配信してしまったのだ。
他にも出演者へのインタビューまでも3Dで配信してしまったのだ。映画「ラビット・ホラー3D」 3D版 満島ひかり インタビュー 映画「ラビット・ホラー3D」 3D版 香川照之 インタビュー 恐ろしいまでの3Dへのこだわりである。ただ、満島ひかりが「シュシュシュシュ」と声を発しながら機敏に動いたり、「監督は、変な奴です。おじさんのふりした童顔の人です」と悪口（？）を言っているところは、恐怖と言うより、クスッと笑ってしまう。まあ恐怖とは程遠いが、その無邪気な姿がかわいらしいので良しとしよう。
まあ恐怖とは程遠いが、その無邪気な姿がかわいらしいので良しとしよう。実際に3Dでこの動画を見たいという方は、こちらで簡単な「3Dメガネのつくり方」を紹介しているので、早速トライしてみよう。
本作は、9月17日(土)より全国ロードショー。・映画『ラビット・ホラー3D』- 作品情報 ・MOVIE ENTERホラー映画特集
・映画『ラビット・ホラー3D』- 作品情報 ・MOVIE ENTERホラー映画特集【 MOVIE ENTER おすすめ恐怖記事 】 ・テレビ放送禁止の「お蔵入り恐怖映像」をウェブで公開 ・“本当に怖いもの”を追求した、究極の恐怖 ・恐怖の流血と女性のヌードが一体になった“罪悪的快感” ・この夏は、背筋の凍るホラー映画で節電対策
【 MOVIE ENTER おすすめ恐怖記事 】 ・テレビ放送禁止の「お蔵入り恐怖映像」をウェブで公開 ・“本当に怖いもの”を追求した、究極の恐怖 ・恐怖の流血と女性のヌードが一体になった“罪悪的快感” ・この夏は、背筋の凍るホラー映画で節電対策沢尻エリカがしっちゃかめっちゃか、掟破りの特報映像が公開 「見せたいものを見せてあげる」。沢尻エリカ7月14日より公開となる映画『ヘルタースケルター』の特報映像が公開された。
沢尻エリカ7月14日より公開となる映画『ヘルタースケルター』の特報映像が公開された。監督は、色彩豊かな写真で国内外問わず多くのファンを持つ写真家の蜷川実花。土屋アンナ主演映画『さくらん』で監督デビューを果たし、本作が監督第2作目となる。また、約5年ぶりに映画復帰となる沢尻エリカが主演を務めるとあって、すでに注目を浴びている。
また、約5年ぶりに映画復帰となる沢尻エリカが主演を務めるとあって、すでに注目を浴びている。本作は、第8回手塚治虫文化賞マンガ大賞を受賞した岡崎京子の同名コミックを映画化したもの。芸能界のトップスターに上りつめた主人公のりりこには、誰にも言えない“究極の秘密”があった。「もとのままのもんは、骨と目ん玉と髪と耳とアソコぐらい。あとは全部つくりもんさ」と言うりりこは、全身整形でつくりものの美をまとっていた。欲望渦巻く世界をめちゃくちゃに疾走していく彼女が巻き起こす事件とは？冒険の果てに辿り着く場所はどこなのか。
冒険の果てに辿り着く場所はどこなのか。今回、公開された“掟破り”の特報映像がこちら。冒頭25秒にセリフも音楽も一切ないという、日本映画史上初の仕上がりになっている。
冒頭25秒にセリフも音楽も一切ないという、日本映画史上初の仕上がりになっている。“ヘルタースケルター”とは、英語で“しっちゃかめっちゃか”という意味。全身整形をして人気モデルになったりりこが、ヘルタースケルターに芸能界を駆け抜ける様子が描かれている。
全身整形をして人気モデルになったりりこが、ヘルタースケルターに芸能界を駆け抜ける様子が描かれている。主人公りりこを演じる沢尻エリカのほか、事件を追う検事を大森南朋、りりこのマネージャーを寺島しのぶ、その恋人を綾野剛、りりこの後輩を水原希子が演じる。さらに、新井浩文、鈴木杏（友情出演）、寺島進、哀川翔、窪塚洋介（友情出演）、原田美枝子、桃井かおりといった豪華キャストが勢揃いしている。
さらに、新井浩文、鈴木杏（友情出演）、寺島進、哀川翔、窪塚洋介（友情出演）、原田美枝子、桃井かおりといった豪華キャストが勢揃いしている。映画『ヘルタースケルター』は、7月14日（土）より丸の内ピカデリーほか全国ロードショー。
映画『ヘルタースケルター』は、7月14日（土）より丸の内ピカデリーほか全国ロードショー。・映画『ヘルタースケルター』 - 公式サイト【関連記事】 ・エリカ様が“演じる”のは「次々と事件を巻き起こしていくトップスター」
「本人そっくり」と世界中で話題の“鉄の女”、ポスター画像と予告編が解禁 英国史上初、かつ唯一の女性首相として、1979年から1990年まで在任したマーガレット・ヒルダ・サッチャー。彼女はその強い信念により、当時の封建的な男社会の中でも強力なリーダーシップを発揮し、フォークランド紛争では勝利をおさめ、労働組合制度の改革や低迷する財政の立て直しなど、国内のみならず世界中に影響を与えた。“鉄の女”と呼ばれた彼女が、妻として、母として、国のリーダーとして力の限り闘い続けた感動の物語に、アカデミー賞女優メリル・ストリープが全身全霊で挑む、映画『マーガレット・サッチャー 鉄の女の涙』が来年3月16日に公開。そのポスター画像と予告編が公開された。
そのポスター画像と予告編が公開された。『マーガレット・サッチャー 鉄の女の涙』は製作期間中、メリル・ストリープ演じるマーガレット・サッチャーの写真がネットで公開されると、「そっくり！」「アカデミー賞はすでに射程距離！」といった噂が世界をかけめぐり、ニューヨーク映画批評家協会賞やニューヨーク・オンライン映画批評家協会賞では、すでに主演女優賞を受賞。更に、アメリカ文化への貢献を果たした人物に贈られる「ケネディ・センター名誉賞」をオバマ大統領から受け取るなど話題となっている。
更に、アメリカ文化への貢献を果たした人物に贈られる「ケネディ・センター名誉賞」をオバマ大統領から受け取るなど話題となっている。第69回ゴールデン・グローブ賞主演女優賞では「ドラマ部門」にノミネートされ、今回で26回目のノミネートとなるメリル・ストリープは、俳優では単独トップを独走中。アカデミー賞でも作品賞、さらには主演女優賞候補の大本命として呼び声も高く、史上最多16回ノミネート（内2回受賞）を誇るメリル・ストリープが17回目のノミネートを果たし、ギネス更新にも注目が集まっている。
アカデミー賞でも作品賞、さらには主演女優賞候補の大本命として呼び声も高く、史上最多16回ノミネート（内2回受賞）を誇るメリル・ストリープが17回目のノミネートを果たし、ギネス更新にも注目が集まっている。ポスター画像には、強気の姿勢でイギリスを導いた、誰もが知る“鉄の女”サッチャーが映し出されている。その鉄の意志の向こうに、彼女はどんな涙を隠していたのか——。予告編では、愛する夫や子供たちとの時間を犠牲にし、失墜した英国を再建するために、たった一人で闘い続けたサッチャーの深い孤独を抱えた姿が垣間見える。
予告編では、愛する夫や子供たちとの時間を犠牲にし、失墜した英国を再建するために、たった一人で闘い続けたサッチャーの深い孤独を抱えた姿が垣間見える。ハリウッドを代表する演技派女優、メリルのサッチャーそっくりな渾身の演技が見どころになっている本作。年老いたサッチャーがある決断を下すまでのたった2日間を軸にしつつ、栄光と失墜、鉄と涙の物語に心を震わせることが期待される。
年老いたサッチャーがある決断を下すまでのたった2日間を軸にしつつ、栄光と失墜、鉄と涙の物語に心を震わせることが期待される。・マーガレット・サッチャー 鉄の女の涙 - 公式サイト
・マーガレット・サッチャー 鉄の女の涙 - 公式サイト『マーガレット・サッチャー 鉄の女の涙』メイクアップ賞、ハリポタに勝つ 日本時間27日の10時半より開催された第84回アカデミー賞の授賞式。続々と受賞作品が発表される。メイクアップ賞を受賞したのは『マーガレット・サッチャー 鉄の女の涙』。英国初の女性の首相となり、保守的かつ強硬な政治方針から“鉄の女“と呼ばれたマーガレット・サッチャーの人生を描いた作品だ。【他にノミネートされていた作品】 ・アルバート・ノッブス ・ハリー・ポッターと死の秘宝 PART2 『マーガレット・サッチャー 鉄の女の涙』ストーリー 政治家を志すマーガレットは、初めての下院議員選挙で落選してしまう。そんな傷心の時期、彼女の前に事業家デニスが現れる。ふたりは時をまもなくして結婚。マーガレットは、幸せな家庭を築くと同時に、政治家として大成し、遂にはイギリスの首相となった。サッチャー役を演じたのはメリル・ストリープ。本人そっくりということが話題になったことも受賞に影響したのかも知れない。映画批評家協会賞では、主演女優賞を受賞。更に、アメリカ文化への貢献を果たした人物に贈られる「ケネディ・センター名誉賞」をオバマ大統領から受け取るなど話題となっていた。
更に、アメリカ文化への貢献を果たした人物に贈られる「ケネディ・センター名誉賞」をオバマ大統領から受け取るなど話題となっていた。・第84回アカデミー賞特集 ・【速報】第84回アカデミー賞 ・『マーガレット・サッチャー 鉄の女の涙』作品情報 【関連記事】 ・「本人そっくり」と世界中で話題の“鉄の女”、ポスター画像と予告編が解禁 ・“ゴールデン・グローブ主演女優”メリル・ストリープの来日が決定
【いちおう妖ヶ劇場】第4話：謹賀新年、サイコロの目でサイが飛び出すの巻 【前回までのあらすじ】 ある事情から妖怪が住むアパートに住むことになった元・大富豪の勅使河原 栄華（てしがわら えいか）。映画のうんちくを語る奇妙なネコ仙人など、妖怪たちが巻き起こすトラブルに巻き込まれる日々を送っている。新しい年を迎えた栄華たちだが、貧乏なので、お節料理などはなく、あるのは日本酒とスルメだけ。寂しいお正月となっているのだが……（まずは第1話を読む）
■次のページへ 『ジュマンジ』（アメリカ：1995年） 1869年、いじめられっ子のアランは、工事現場で不思議なボードゲームを拾う。そのゲーム「ジュマンジ」を友達のサラと始めるが、ボードの止まったマスで出る指示が現実のものになるという不思議な現象に襲われる。アランは、ゲームを続けていくうちにジャングルに閉じ込められてしまう。時が経った1995年、かつてアランが住んでいた屋敷に引っ越してきたジュディとピーターという姉弟が、再び「ジュマンジ」を発見。ゲームを始めることに——。
ゲームを始めることに——。1 2 3 4
中川翔子がジャッキー作品の吹き替えキャストに選ばれる ジャッキー・チェン出演100作目にあたる記念すべき超大作『1911』の日本語吹替版キャストに中川翔子が参加することが決定した。本作は、1911年の中国を舞台に、衰退の一途をたどる清朝を憂い、新たなる国づくりを目指して、信念を貫こうと奮闘する男たちの姿を描いた物語。構想10年、製作費30億円をかけた本作はジャッキー・チェン自ら総監督も務め、『レッドクリフ』のスタッフにより制作された。中川が演じるのは、ジャッキー・チェンが演じる革命軍総司令・黄興の同志で、革命により命をなくした若き革命家、林覚民の残された妻、陳意映（ちんいえい）役。中川は、「昔から繰り返し見て聞いてきたジャッキー・チェン様の吹き替えの石丸博也さんからバトンタッチでセリフが始まり、もう本当に夢みたいで、胸がいっぱいです。ジャッキー・チェン様の100作記念という、大スペクタクル、宇宙の歴史に残る、一大ビッグバンイベントで、それに抜擢して頂いたということで、もう本当にどうしたらいいんでしょうか。世界中の方にたくさんの勇気と笑顔と希望を与えてきたジャッキー・チェン様のやりたかったことが詰まった映画ですので、一人でも多くの方にこの映画が届くように、全身全霊で全てを注ぎ込んでいきたいと思います。」と、愛してやまないジャッキーの記念作に抜擢された感激を語っていた。『1911』は、11月5日（土）丸の内TOEI他にて全国ロードショーとなる。
『1911』は、11月5日（土）丸の内TOEI他にて全国ロードショーとなる。・『1911』- 作品情報 【MOVIE ENTER おすすめ記事】 ・15歳の天才空手美少女「デビュー作を見てもらえることにワクワクどきどき」 ・オーランド・ブルームが初の悪役でポスト“ジャック・スパロウ”に ・若手ハリウッド女優たちが顔をゆがめて三三七拍子、『スクリーム4』の絶叫映像が公開 ・第24回東京国際映画祭作品ガイド＜特別招待作品部門＞
仮面ライダーヒロイン・高田里穂のコスプレ願望＜2011年インタビューまとめ vol.6＞ ムービーエンターの今年の俳優・女優取材を紹介する「2011年インタビューまとめ」も、いよいよ最後となる。これまでのまとめをもう一度振り返ろう。
これまでのまとめをもう一度振り返ろう。・【1、2月】黒沢あすか、梶原ひかり、神楽坂恵、田原総一朗、品川祐＆トータルテンボス、大政絢＆岡本あずさ＆岡本杏理、オリバー・ストーン、チュ・ジンモ、ベン・バーンズ ・【3、4月】島田秀平＆城田優＆椿姫彩菜、吉高由里子、武田梨奈、瑛太＆松田龍平、エル・ファニング ・【5、6月】大宅映子、忽那汐里、immi、関和亮、加藤夏希、AeLL. ・【7、8月】日笠陽子、あやまんJAPAN、藤岡みなみ、渡辺謙＆菊地凛子、大泉洋＆松田龍平、プラッチャヤー・ピンゲーオ、相武紗季 ・【9、10月】宮崎あおい＆堺雅人、ウォンビン、アンバー・ハード、桜庭ななみ、竹内結子、三池崇史、谷村美月、加藤夏希 旬のタレントや来日した俳優など、そうそうたる顔ぶれである。
・【1、2月】黒沢あすか、梶原ひかり、神楽坂恵、田原総一朗、品川祐＆トータルテンボス、大政絢＆岡本あずさ＆岡本杏理、オリバー・ストーン、チュ・ジンモ、ベン・バーンズ ・【3、4月】島田秀平＆城田優＆椿姫彩菜、吉高由里子、武田梨奈、瑛太＆松田龍平、エル・ファニング ・【5、6月】大宅映子、忽那汐里、immi、関和亮、加藤夏希、AeLL. ・【7、8月】日笠陽子、あやまんJAPAN、藤岡みなみ、渡辺謙＆菊地凛子、大泉洋＆松田龍平、プラッチャヤー・ピンゲーオ、相武紗季 ・【9、10月】宮崎あおい＆堺雅人、ウォンビン、アンバー・ハード、桜庭ななみ、竹内結子、三池崇史、谷村美月、加藤夏希 旬のタレントや来日した俳優など、そうそうたる顔ぶれである。ラストを飾る11、12月は、「ヒュー・ジャックマン」「木下優樹菜」「斉藤和義」「マシュー・グレイ・ギュブラー＆シェマー・ムーア」「高田里穂」のインタビューを紹介する。
ラストを飾る11、12月は、「ヒュー・ジャックマン」「木下優樹菜」「斉藤和義」「マシュー・グレイ・ギュブラー＆シェマー・ムーア」「高田里穂」のインタビューを紹介する。■ヒュー・ジャックマン、木下優樹菜／『リアル・スティール』 ロボット格闘技の世界を舞台に、人生に挫折した男の再起のドラマと、父と息子とのかけがえのない絆を描いた『リアル・スティール』。『X-NEN』シリーズでウルヴァリンを演じたヒュー・ジャックマンが、本作では自暴自棄な生活を送る元ボクサーとなる。家族向けの映画なので、家族総出で観に行ったらしい。子供たちにもやっと「お父さんはカッコイイ職業なんだ」と認めてもらえたそうで満足気であった。そんな大人も子供も楽しめる本作を、昨年8月に、お笑いコンビFUJIWARAの藤本と入籍した木下優樹菜がいち早く鑑賞。理想の父と子の姿とは？親子の絆、そして“リアル・スティール＝本当の強さ”とは何かを聞いてみた。
親子の絆、そして“リアル・スティール＝本当の強さ”とは何かを聞いてみた。・ヒュー・ジャックマン「“本当の強さ”とは、自分を信じること」（11月25日）
・ヒュー・ジャックマン「“本当の強さ”とは、自分を信じること」（11月25日）・木下優樹菜「“本当の強さ”とは、ブレない何かを貫き通している人」（12月5日）
■斉藤和義／『忌野清志郎 ナニワ・サリバン・ショー 〜感度サイコー!!!〜』 「KING OF ROCK」の異称を取った忌野清志郎の伝説のライブをスクリーンに蘇らせた本作。三度全ての“ナニサリ”に出演を果たした唯一のアーティストである斉藤和義は、本作について「本当の音楽好きの、音楽バカのカッコ良さ」を感じることができる作品と語っていた。斉藤が“キヨシロー”から受けた影響は「伝えたいメッセージにユーモアを加えて面白おかしく出そうとする所」だそうだ。
斉藤が“キヨシロー”から受けた影響は「伝えたいメッセージにユーモアを加えて面白おかしく出そうとする所」だそうだ。・斉藤和義「音楽バカのカッコ良さを喰らいやがれ！」（11月22日）
■マシュー・グレイ・ギュブラー、シェマー・ムーア／『クリミナル・マインド』 常識を覆す犯罪者たちを相手に難事件解決に挑む、米国FBIのエリート・プロファイラー・チーム「BAU（行動分析課）」の活躍を描いた、大人気ドラマ「クリミナル・マインド」シリーズ。同シリーズにおいて、Dr.リード役のマシュー・グレイ・ギュブラーと、デレク・モーガン役のシェマー・ムーアが揃って来日。“セクシーアイコン”として女性に大人気の二人は、テンションが高かった。
“セクシーアイコン”として女性に大人気の二人は、テンションが高かった。・マシュー・グレイ・ギュブラー、シェマー・ムーア「お互いに、今が一番いい状態」（11月28日）
■高田里穂／『仮面ライダー×仮面ライダー フォーゼ＆オーズ MOVIE大戦 MEGA MAX』 最後を締めくくるのは、8月28日にTVシリーズの放送が終了した仮面ライダーオーズのヒロインの高田里穂。劇場版で、再度、ファンたちの前に登場。本人は、演じてきた泉比奈を大変気に入っている様子で、“オーズ愛”に満ちていた。実はコスプレ願望があるということもインタビューで語ってくれた。
実はコスプレ願望があるということもインタビューで語ってくれた。・高田里穂「また仮面ライダーオーズのヒロインに（12月7日）
・高田里穂「また仮面ライダーオーズのヒロインに（12月7日）いかがだっただろうか。2011年は、総勢55名のインタビューを掲載した。2012年もたくさんの著名人を取材して、スクリーンの中では語られない裏話を紹介していく予定なので、来年もよろしくお願いします。良いお年を。
良いお年を。【関連特集】 ・インタビュー・レポート一覧 ・2011年下半期編集部的アワード ・2011年上半期編集部的アワード
【関連特集】 ・インタビュー・レポート一覧 ・2011年下半期編集部的アワード ・2011年上半期編集部的アワードインタビュー：鈴木勝大＆馬場良馬＆小宮有紗「良い距離感の年齢を超えたチームワーク」 8月4日に全国公開となる『仮面ライダーフォーゼ THE MOVIE みんなで宇宙キターッ！／ 特命戦隊ゴーバスターズ THE MOVIE 東京エネタワーを守れ！』。人気爆発中の二大ヒーローがスクリーンに登場ということで、大人から子供まで待ち遠しくなっていることであろう。今回は、ゴーバスターズとして活躍する3人に映画の見どころや撮影秘話を聞いてみた。
今回は、ゴーバスターズとして活躍する3人に映画の見どころや撮影秘話を聞いてみた。鈴木勝大（桜田 ヒロム / レッドバスター） 馬場良馬（岩崎 リュウジ / ブルーバスター） 小宮有紗（宇佐見 ヨーコ / イエローバスター）
鈴木勝大（桜田 ヒロム / レッドバスター） 馬場良馬（岩崎 リュウジ / ブルーバスター） 小宮有紗（宇佐見 ヨーコ / イエローバスター）——それでは、早速、インタビュー、レディーゴー！ と行きましょうか！
と行きましょうか！3人：はい！ よろしくお願いします。——今までのスーパー戦隊シリーズと違って年齢がバラバラですが、チームワークはいかがですか？鈴木（ヒロム）：気にならないですね。ヨーコとは、ほぼ同じ歳ですし。小宮（ヨーコ）：私は、リュウさんと、ほぼ二桁違うんですけどね。鈴木（ヒロム）：そんなに離れている感じがしないですね。小宮（ヨーコ）：離れているから逆にケンカとかもなく、仲が良いですね。リュウさんは、まとめる時はまとめてくれるし、ふざける時はふざけてくれるし、良い距離感かな、と思います。——馬場さんは、この年齢差についてどうですか？馬場（リュウジ）：僕から言わせていただければ、僕の精神年齢が低いのでちょうど良いのかも（笑）小宮（ヨーコ）：若いってことですね（笑）馬場（リュウジ）：年上であるからこそしっかりしなきゃいけない部分もあるし、バランスはすごく良いな、と思いますね。別に歳が離れているデメリットってあんまりないよね？（馬場、小宮がうなずく）——やっぱり年上だな、と思ったエピソードはありますか？小宮（ヨーコ）：観ている戦隊が違ったことですよね。馬場（リュウジ）：否定できないですよね（笑）。僕が夢中になったものと、この二人が夢中になっていたものの世代のギャップがあるんですよ。僕の世代は、「超獣戦隊ライブマン」や「仮面ライダー BLACK RX」なのですが、全く二人は何の事か分からないらしくて（笑）
僕の世代は、「超獣戦隊ライブマン」や「仮面ライダー BLACK RX」なのですが、全く二人は何の事か分からないらしくて（笑）——ゴーバスターズそれぞれのメンバーの良きパートナーである“バディロイド”についてどう思われますか？鈴木（ヒロム）：初めて見た時は、よく分からなかったんですけど（笑）。設定を聞いてからは、面白いと思いました。それぞれに一番近い存在だから、仲が良いパートナーであり、友達であり、仕事仲間でありという“相棒感”が良いですね。——それぞれのバディロイドにキャラクターがあると思いますが、それについてはどう思われますか？鈴木（ヒロム）：ニックが一番、キャラクターとして難しいなと思っちゃいます。ウサダとか小さいし、置いてあったら、それなりにキャラがあるし（笑）小宮（ヨーコ）：いや、ニックもあるでしょ。鈴木（ヒロム）：ゴリサキは“大きいのに弱虫です”みたいにキャラがしっかりしているよね。ニックは一番分かりづらいですよね。目立つけど、「何キャラです」っていうのが…。最初「エセアメリカンキャラです」みたいな設定だったけど「そうか？」って感じだし（笑）小宮（ヨーコ）：江戸っ子みたいな（笑）鈴木（ヒロム）：そう、江戸っ子みたいな。
ルール無用の一匹狼がゲイの警官とバディに「同性愛恐怖症じゃないのは素晴らしい」 『トランスポーター』シリーズを始め、スタントなしのアクションと英国なまりのハスキーボイスが特徴で、現存するアクション俳優の中でナンバーワンの人気を誇る、ジェイソン・ステイサム。
ルール無用の一匹狼がゲイの警官とバディに「同性愛恐怖症じゃないのは素晴らしい」 『トランスポーター』シリーズを始め、スタントなしのアクションと英国なまりのハスキーボイスが特徴で、現存するアクション俳優の中でナンバーワンの人気を誇る、ジェイソン・ステイサム。今年8月の『メカニック』公開からわずか2ヶ月、早くも10月15日には最新作『ブリッツ』が新宿バルト9他で全国ロードショーとなる。
今年8月の『メカニック』公開からわずか2ヶ月、早くも10月15日には最新作『ブリッツ』が新宿バルト9他で全国ロードショーとなる。2011年は、『ロシアン・ルーレット』、『メカニック』、『ブリッツ』と、ジェイソン・ステイサム作品が立て続けに公開されたが、この3作品には意外にも“バディムービー”という共通点が。『ロシアン・ルーレット』では、レイ・ウィンストン演じる実兄とバディを組んで死のゲームに挑み、『メカニック』では親友の息子とバディを組んで暗殺を繰り返した。
『ロシアン・ルーレット』では、レイ・ウィンストン演じる実兄とバディを組んで死のゲームに挑み、『メカニック』では親友の息子とバディを組んで暗殺を繰り返した。『ブリッツ』でジェイソン・ステイサムが演じるのは、サウスロンドン警察に勤めるルール無用の荒くれ刑事ブラント。そんな彼の前に、パディ・コンシダイン演じるゲイのポーター・ナッシュ巡査が現れ、二人は性格が正反対ながらもバディを組み、警官ばかりを連続して殺害する史上最凶の愉快犯と対決していく。
そんな彼の前に、パディ・コンシダイン演じるゲイのポーター・ナッシュ巡査が現れ、二人は性格が正反対ながらもバディを組み、警官ばかりを連続して殺害する史上最凶の愉快犯と対決していく。以下、バディを組んだブラント役のジェイソン・ステイサムと、ナッシュ役のパディ・コンシダインにインタビュ—。
以下、バディを組んだブラント役のジェイソン・ステイサムと、ナッシュ役のパディ・コンシダインにインタビュ—。——ブラントとナッシュの関係はとてもユニークです。それについて聞かせてもらえますか？
それについて聞かせてもらえますか？ジェイソン・ステイサム（ブラント）：正反対のふたりの人間が魅力を感じ合うケースだと思う。“魅力”といっても意味が違う。別にラブストーリーを描く映画じゃないからね！ナッシュはブラントとは全然違うタイプの警官だが、ふたりは互いに尊敬し合っている。ふたりは一緒にいて本領を発揮できるし、最終的には本当にいいチームになるんだ。
ふたりは一緒にいて本領を発揮できるし、最終的には本当にいいチームになるんだ。——ナッシュ役のパディ・コンシダインとの共演はいかがですか？
——ナッシュ役のパディ・コンシダインとの共演はいかがですか？ジェイソン・ステイサム：パディの作品はたくさん観ているんだ。僕にとっては彼のような優れた俳優と共演するのは、めったにないチャンスだ。パディのように経験豊かな俳優と仕事をすると気持ちが引き締まるよ。彼との共演を本当に楽しんでいるんだ。
——ナッシュとブラントの関係を聞かせてください。
——ナッシュとブラントの関係を聞かせてください。パディ・コンシダイン（ナッシュ）：ブラントは無法者に近い。彼には自分が法律なんだ。そんな彼がナッシュとチームを組むなんて面白いよね。ナッシュは融通が利かないし、マニュアル通りにやる男だ。でもナッシュにも過去がある。彼は児童買春に私的制裁を加えたんだ。でもそれはこの映画には出てこない。つまりナッシュにも少しブラント的なところがあるし、ナッシュもそれに気づいている。でもほとんどの場合、ブラントが強気で先に突っ走る。ナッシュはマニュアル通りにやるが、事態がそれでは収まらなくなった時点で、法律からはみ出したことをするんだ。
ナッシュはマニュアル通りにやるが、事態がそれでは収まらなくなった時点で、法律からはみ出したことをするんだ。彼らのチームは面白い。ブラントが予期したとおり紋切り型の同性愛恐怖症じゃないのは素晴らしい。何度かからかうけど、彼はナッシュを尊敬している。ナッシュの性的指向がずっとジョークにされないのはいいことだ。
ナッシュの性的指向がずっとジョークにされないのはいいことだ。映画の最初に出てきて、それで終わる。あと仕事の話だけだからね。
あと仕事の話だけだからね。——ジェイソン・ステイサムは明らかに銃とパンチのアクションヒーローとして有名です。彼との共演はいかがですか？
彼との共演はいかがですか？パディ・コンシダイン：楽しんでいるよ。それに僕はジェイソンが自分の得意とするジャンルをもっていることを尊敬している。彼の作品を愛するたくさんのファンがいる。彼はその分野での自分をよく理解していると思う。とてもうまくこなしている。それに彼との仕事は本当に楽しい。パーティみたいだよ。
パーティみたいだよ。アクション映画の王道を行くジェイソン・ステイサムが、母国英国を舞台に、乱暴者だが義理堅いユニークな刑事を演じ、新境地を見せる。バディムービーとしても新たな一面を見ることができる『ブリッツ』を、友人、恋人、夫婦など自分のバディと一緒に鑑賞するとよいだろう。
バディムービーとしても新たな一面を見ることができる『ブリッツ』を、友人、恋人、夫婦など自分のバディと一緒に鑑賞するとよいだろう。・ブリッツ - 公開情報
キャストの職業、名前、恋愛やケンカ、すべてが“リアル”なドラマ 世界最大級ユース向け音楽＆エンターテインメント・ブランド「MTV」が初めて日本で制作し、今年1月より放送を開始したリアリティ・ドラマ「SHIBUHARA GIRLS」。12月4日からは、CS女性エンターテインメントチャンネル「LaLa TV」にて「SHIBUHARA GIRLS 2」が放送開始となる。「SHIBUHARA GIRLS」とは、通常の、俳優があらかじめ用意されたセリフで演じるドラマとは異なり、実在の人物に密着し、実際のライフスタイル、交友関係、恋愛関係を切り取った、新たな手法のドラマ。最大の魅力は、キャストの職業、名前、そして繰り広げられる出来事、ケンカや会話にいたるまで、すべてが“リアル”という点にある。舞台は、華やかでエネルギーに満ちた、渋谷・原宿を中心とした世界的ファッション・エリア“SHIBUHARA”。
舞台は、華やかでエネルギーに満ちた、渋谷・原宿を中心とした世界的ファッション・エリア“SHIBUHARA”。出演者は、SHIBUHARAをベースに活動しているモデルやアーティストで、雑誌やショー等を中心に活動している24歳のモデル・礼美、渋谷のアパレルショップで働きながら読者モデルをしている村岡綾菜、クラブイベントのダンスパフォーマンスやモデルをしているeRina、雑誌や神戸コレクション、GIRLS AWARDにモデルとして出演している大出千尋、グラビアアイドルをしている23歳の辰巳奈都子の5人。番組は、彼女たちの日常生活をドラマタッチに映し出す。
番組は、彼女たちの日常生活をドラマタッチに映し出す。5人は、1月に放送された「SHIBUHARA GIRLS」に出演し話題となったアーティスト、石川マリーの新曲「Ray of life」＜石川マリー with VERBAL(m-flo)＞のミュージックビデオ出演のオーディションがきっかけで出会う。生まれも育ちも違う彼女たちの唯一の共通点は渋谷、原宿が活動の拠点でそれぞれの夢を追いかけている点。ミュージックビデオの撮影を終えて、5人はお互いの恋愛や仕事、夢について語り合う。日を追うごとに打ちとける5人。果たしてこの先どんなドラマが待っているのか。決められた台本がないだけにいつ何が起こるかは予測不能。一人一人の個性やライフスタイル、人間関係が織りなすドラマに期待が高まる。
一人一人の個性やライフスタイル、人間関係が織りなすドラマに期待が高まる。「SHIBUHARA GIRLS 2」は、11月23日（水）20時よりBSスカパー！にて第1話から第3話を先行放送。また、11月28日（月）よりSHIBUHARA GIRLS 2のXperia（TM）向け無料公式アプリが配信される。本アプリでは、番組情報、関連コンテンツやキャンペーン情報を配信する。
本アプリでは、番組情報、関連コンテンツやキャンペーン情報を配信する。キャスト 礼美 雑誌、ショーを中心に活動している24歳のモデル。日々オーディションに励んでいる。モデルとして成功したいという夢を抱いて地元を離れ、渋谷で一人暮らしをスタートさせた。「やらずに後悔するよりやって後悔したほうがいい」と考える行動型タイプ。
村岡綾菜 渋谷のアパレルショップで働きながら読者モデルをしている22歳。独特なテンポと雰囲気を持つ天然系。5人の中で唯一彼氏がいるが…。
5人の中で唯一彼氏がいるが…。eRina クラブイベントのダンスパフォーマンスやモデルをしている24歳。バーでアルバイトをしながら自分の表現場所を広めるべく奮闘中。勝気な性格だが、弱い一面も？！
大出千尋 雑誌や神戸コレクション、GIRLS AWARDで活躍しているモデル。夢はアジア進出でモデルの仕事を愛している。今年で4年専属を務めた雑誌が休刊することが決定しており、そのことは自分の仕事の幅を広げるいいチャンスと前向きに考えている。
辰巳奈都子 23歳のグラビアアイドル。映画、ドラマ、CMにも出演経験あり。キャリアは7年目を迎え、今後の自分の在り方について考える毎日。昔からの夢は女優。
昔からの夢は女優。1話から3話までのエピソード ・第1話…礼美、村岡綾菜、eRina、大出千尋、辰巳奈都子は東京でそれぞれの夢を追いかけている。今まで何の接点もなかった5人は石川マリーの「Ray of life」のミュージックビデオのオーディションに合格したことで出会う。
今まで何の接点もなかった5人は石川マリーの「Ray of life」のミュージックビデオのオーディションに合格したことで出会う。・第2話…「Ray of life」の撮影現場へ。演技を求められる映像の現場に戸惑いながらも全力で取り組む5人。撮影を通じて徐々に打ち解け、礼美、eRina、大出千尋はミュージックビデオの撮影終了後も親交を深め、お互いの恋愛観や夢について語りあう。
撮影を通じて徐々に打ち解け、礼美、eRina、大出千尋はミュージックビデオの撮影終了後も親交を深め、お互いの恋愛観や夢について語りあう。・第3話…彼氏とデート中の村岡綾菜を偶然発見する辰巳奈都子。礼美、eRina、大出千尋は友好を深め、eRina の提案でミュージックビデオ撮影で知り合った5人で女子会を行うことに。
SHIBUHARA GIRLS 2 放送スケジュール BSスカパー！（第1話〜第3話） ・11月23日（水）20:00〜21:30（初回放送） ・11月24日（木）13:00〜
（第1話〜第3話） ・11月23日（水）20:00〜21:30（初回放送） ・11月24日（木）13:00〜14:00（再放送） ・11月30日（水）20:00〜21:30（再放送） LaLa TV 12月4日スタート ・（日）19：30〜20：00（初回放送） ・（木）21：00〜21：30（再放送） MTV 12月4日スタート ・（日）24:30〜25:00（初回放送） ・（金）17:00〜17:30（再放送） ・（土）25:30〜26:00（再放送） ・（日）24:00〜24:30（再放送）・SHIBUHARA GIRLS 2 - MTV（PC／ケータイ共通）
14:00（再放送） ・11月30日（水）20:00〜21:30（再放送） LaLa TV 12月4日スタート ・（日）19：30〜20：00（初回放送） ・（木）21：00〜21：30（再放送） MTV 12月4日スタート ・（日）24:30〜25:00（初回放送） ・（金）17:00〜17:30（再放送） ・（土）25:30〜26:00（再放送） ・（日）24:00〜24:30（再放送）・SHIBUHARA GIRLS 2 - MTV（PC／ケータイ共通）【いちおう妖ヶ劇場】最終話：A級映画に永久になれないのかの巻 元お嬢様の勅使河原 栄華（てしがわら えいか）は、映画好きのネコ仙人ら妖怪たちと共に、奇妙な貧乏生活を送っている。今回は、名作『スター・ウォーズ』の話なのだが、栄華ちゃんは“新3部作派”、ぐれむりんは“旧3部作派”と好みが分かれているようで——。・初めてなので過去の作品から読む
・初めてなので過去の作品から読む■次のページへ 『スター・ウォーズ』シリーズ（1977〜2005：アメリカ） 銀河系の平和を守るジェダイと悪の帝国軍との攻防を、アナキン・スカイウォーカーとその子供達の成長と共に描いた物語。ジョージ・ルーカスの代表作で、SF映画の金字塔。
ジョージ・ルーカスの代表作で、SF映画の金字塔。1 2 3 4
『アメイジング・スパイダーマン』新予告が全世界で解禁 6月30日の日本での世界最速公開に先駆けて（全世界同時公開は7月3日）、昨日7日に日本を含む世界11ヶ国13都市で先行イベント「THE UNTOLD STORY」を開催した映画『アメイジング・スパイダーマン』。同イベントで3D上映された第2弾となる予告編が全世界で解禁となった。今回、解禁された新予告では、アンドリュー・ガーフィールド演じるスパイダーマン＝ピーター・パーカーの抱える孤独と秘密、そしてエマ・ストーン演じる新ヒロインのグウェン・ステーシーとの出会い、ピーターが思い出でしか知らない両親の秘密を知るリース・イーヴァンズ演じる科学者カート・コナーズ博士、悪役でもある謎の“リザード”の全容など、本作で重要な意味を持つであろうキャラクターが、より深く語られている。
今回、解禁された新予告では、アンドリュー・ガーフィールド演じるスパイダーマン＝ピーター・パーカーの抱える孤独と秘密、そしてエマ・ストーン演じる新ヒロインのグウェン・ステーシーとの出会い、ピーターが思い出でしか知らない両親の秘密を知るリース・イーヴァンズ演じる科学者カート・コナーズ博士、悪役でもある謎の“リザード”の全容など、本作で重要な意味を持つであろうキャラクターが、より深く語られている。・アメイジング・スパイダーマン - 公式サイト ■関連記事 ・世界11カ国13都市で先行イベントを同時開催「スパイダーマンの武器は“軽口”」 ・『スパイダーマン』新ヒロインのエマ・ストーン「素敵なキスシーンはあります！」
インタビュー：リン・コリンズ「現代にはヒーローが求められている」 発表以来、数々の大作映画に影響を与えてきたと言われる伝説的SF小説「火星のプリンセス」を原作に、ウォルト・ディズニー生誕110周年を迎えた今年4月13日に公開される『ジョン・カーター』。映像化不可能と言われた本作で、ヒロインとなる王女デジャー・ソリス役を演じたのは、『ウルヴァリン：X-MEN ZERO』（2009年公開）でヒュー・ジャックマンの恋人役を務めたリン・コリンズ。本作では、愛する祖国のために戦い、ジョン・カーターに惹かれながらも彼が地球へ帰還するのを手助けする、勇敢で情熱的な女性を演じている。
本作では、愛する祖国のために戦い、ジョン・カーターに惹かれながらも彼が地球へ帰還するのを手助けする、勇敢で情熱的な女性を演じている。——まずは、物語の舞台となる未知の惑星バルスームにある、ヘリウム王国の王女を演じるに際して、どんなことを心掛けましたか？
——まずは、物語の舞台となる未知の惑星バルスームにある、ヘリウム王国の王女を演じるに際して、どんなことを心掛けましたか？リン・コリンズ（以降、リン）：女性として、戦士として、プリンセスとして、民をまとめる人物として、理想の姿とは何だろう？と自分自身に問いかけたわ。その考えに徹底的に焦点を当てて集中して、潜在意識に残そうとしたの。ちょっとやり過ぎだと思える瞬間もあったけれど、デジャー・ソリスにはどこか原型的な所がある。そこであまり考えすぎることはやめて、単純にこのパワフルな女性の力に周波数を合わせるようにしたわ。
そこであまり考えすぎることはやめて、単純にこのパワフルな女性の力に周波数を合わせるようにしたわ。——デジャー・ソリスは、白馬の王子様から手を差し伸べられるのを待つようなお姫様タイプではなく、自らが剣を手に戦う勇敢な女性ですが、役柄に対する印象と、リンさんご自身は自分のことをどんなタイプの女性だと認識していますか？
——デジャー・ソリスは、白馬の王子様から手を差し伸べられるのを待つようなお姫様タイプではなく、自らが剣を手に戦う勇敢な女性ですが、役柄に対する印象と、リンさんご自身は自分のことをどんなタイプの女性だと認識していますか？リン：デジャーは、古典的な意味でのプリンセスの要素もほんの少しだけ携えながら、女性的な性格と男性的な性格の両面を少しずつ備えているからこそ、とてもパワフルな存在になっていると思うの。彼女にはとても強い女性的な力と女性としての脆弱さを持ち合せているから、こういうキャラクターを演じることに興奮を覚えたし、とてもやりがいがあったわ。私自身もテキサス州の出身なので、確実に剣を取って戦うタイプね。今までも何かあれば、自分から挑戦していくし、率先してやるタイプよ。
今までも何かあれば、自分から挑戦していくし、率先してやるタイプよ。——本作のタイトルにもなっている主人公ジョン・カーター役のテイラー・キッチュは、何ヵ月にも及ぶトレーニングで鍛え上げた肉体を披露していますよね。日本には、恋愛に積極的な“肉食女子”や、恋愛に消極的な“草食男子”と呼ばれる男女もいるのですが、リンさんご自身はどんな女性でありたいですか？リン：私は、常に肉食でありたいわね（笑）。
リン：私は、常に肉食でありたいわね（笑）。——物語の中でとても美しい婚礼衣装を着ていますが、リンさんが結婚相手に求める条件とは？リン：私の場合は“信頼感”。物語の中でも、ジョン・カーターとデジャー・ソリスは最初、信頼し合っていないの。だけど旅を続けて、お互いを助け合う内に、どんどん信頼関係を築き上げていって、例えお互いがどうなろうとも、絶対に愛し合うと信頼した関係へと至る訳ね。
だけど旅を続けて、お互いを助け合う内に、どんどん信頼関係を築き上げていって、例えお互いがどうなろうとも、絶対に愛し合うと信頼した関係へと至る訳ね。次のページ：もし自分に変身能力があったら、誰に変身して、何をしたい？ 1 2
“モノクロ3D”で奇妙な世界を描く、ティム・バートン監督最新作の特報映像が公開 『ナイトメアー・ビフォア・クリスマス』『アリス・イン・ワンダーランド』の鬼才ティム・バートン監督が贈るモノクロ3D映画『フランケンウィニー』（12月15日公開）の特報映像が公開された。
“モノクロ3D”で奇妙な世界を描く、ティム・バートン監督最新作の特報映像が公開 『ナイトメアー・ビフォア・クリスマス』『アリス・イン・ワンダーランド』の鬼才ティム・バートン監督が贈るモノクロ3D映画『フランケンウィニー』（12月15日公開）の特報映像が公開された。本作は、ディズニー史上最も奇妙な3Dワンダーランド。科学が大好きな少年ヴィクターは、両親から友達がいないことを心配されていた。しかし、彼には最高の相棒、愛犬のスパーキーがいたから平気だった。スパーキーが不幸な事故により死んでしまった時、ヴィクターは、まるで自分の半分が死んでしまったかのように悲しんだ。「スパーキーを甦らせたい」という強い思いと、ちょっとマニアックな“科学の知識”があったヴィクターの取った行動は、大事件の始まりだった。
「スパーキーを甦らせたい」という強い思いと、ちょっとマニアックな“科学の知識”があったヴィクターの取った行動は、大事件の始まりだった。バートンの輝かしい才能とキャリアのルーツである、1984年に製作された同名短編作品「フランケンウィニー」を元に、モノクロ3Dという形で長編化を実現。映画ファンはもちろんのこと、彼自身がこよなく愛する作品をストップモーション・アニメーションで再生させた夢のプロジェクトだ。
映画ファンはもちろんのこと、彼自身がこよなく愛する作品をストップモーション・アニメーションで再生させた夢のプロジェクトだ。今回、公開された特報映像がこちら。ヴィクターは、イナズマを浴びさせるという科学実験でスパーキーを生き返らせようとする。長編化に伴い、ひと癖もふた癖もあるキャラクターはパワーアップ。奇妙な世界をモノクロで表現しながらも、愛らしく、人間味あふれるキャラクターは、バートンの独創性がたっぷりと詰め込まれている。
奇妙な世界をモノクロで表現しながらも、愛らしく、人間味あふれるキャラクターは、バートンの独創性がたっぷりと詰め込まれている。映画『フランケンウィニー』は、12月15日（土）より全国公開。
映画『フランケンウィニー』は、12月15日（土）より全国公開。【関連記事】 ・ティム・バートン監督が映画ファンへ贈る、最高の“モノクロ3D”映画とは ・MOVIE ENTERのTOPへ
かわいいパンダ写真37枚、仕事の合間に見て癒される 2006年、成都パンダ研究基地で体重わずか51グラムの超未熟児で生まれたパンダ「ウーイー」。彼の成長記と選りすぐりのかわいいコパンダの姿を縦糸に、そして、明らかにされる自然界の厳しい掟や母と子の切ない絆を横糸にして、未知のパンダの世界を感動的に織り上げた映画『51 世界で一番小さく生まれたパンダ』が2月11日より公開となります。ムービーエンターでは、作品内のかわいらしいパンダ画像をいち早く入手することができました（写真一覧）。そこで、その中のいくつかをご紹介することに。自ら癒されるも良し。同僚の女の子に見せてポイントアップを狙うも良し。映画に誘うきっかけにするのも良し。使い方は皆さんしだいです。さあ、癒しの世界に行ってみましょう。
さあ、癒しの世界に行ってみましょう。■たのしい食事編 写真をクリックすると拡大 動物園などで単独で笹を食べている姿は見たことがあるでしょう。でも、この様に集団でミルクを飲む姿をみたことは、さすがにないのでは？学生が買い食いをしてみんなでジュースを飲んでいるような「僕たち仲良しグループです」というような雰囲気ですね。
学生が買い食いをしてみんなでジュースを飲んでいるような「僕たち仲良しグループです」というような雰囲気ですね。さて、次からのページでは、こんなシーンを紹介しますよ。・かわいい赤ちゃんパンダ・子パンダ編 ・パンダの驚異の生態編 1 2 3
ベルセルク“100人斬り”のグルメメニュー 『ベルセルク 黄金時代篇II ドルドレイ攻略』が、23日から全国公開する。その映画の公開初日より、カラオケパセラにて「ベルセルク」オリジナルメニュー“ビストロベルセルク”の販売が決定した。
その映画の公開初日より、カラオケパセラにて「ベルセルク」オリジナルメニュー“ビストロベルセルク”の販売が決定した。・メニュー写真一覧 『ベルセルク』×カラオケパセラのコラボメニューは、前作「覇王の卵」に続き今回が第二弾。前回も好評だった主人公・ガッツのトレードマークである巨大な剣「ドラゴンころし」をイメージした「ドラゴンころしのガッツステーキ」もパワーアップしている。さらに本作のタイトルでもあり、圧倒的な存在感を誇るドルドレイ城をハニートーストで表現した「勝ち鬨(どき)を上げろ！！ドルドレイ攻略ハニトー」や見どころの一つである100人斬りをイメージしたカツカレー「100人斬りガッツ」など、ベルセルクのキャラクターとコラボしたメニューやドリンクを販売する。メニュー１品注文につきオリジナル缶バッジを1つもらえるので、こちらも見逃せない。映画を観る前に食べて力をつけるも良し。映画を観た後に食べて余韻に浸るも良し。ベルセルクの世界を思う存分楽しもう。
ベルセルクの世界を思う存分楽しもう。『ベルセルク 黄金時代篇II ドルドレイ攻略』は、6月23日（土）より全国ロードショー。・『ベルセルク 黄金時代篇II ドルドレイ攻略』特集 ・『ベルセルク 黄金時代篇II ドルドレイ攻略』公式サイト
吉高由里子「顔はCGかも知れない」発言に、女性ファンたち大爆笑「一足お先に後篇を観て、どうでしたか？」吉高由里子の問いに会場から大きな拍手が沸き起こった。興行収入20億を超える大ヒットを記録している映画『僕等がいた』の前篇。4月21日の後篇公開を前に、女性限定の後篇試写会が行われた。
4月21日の後篇公開を前に、女性限定の後篇試写会が行われた。主人公・矢野と七美の一途な思いが運命をも変える“最愛”を描いた壮大な純愛ストーリー『僕等がいた』。前篇は高校時代を中心に描かれ、“10代の恋”の映画として同世代から圧倒的支持を得た。後篇は一転、社会人となった主人公たちの過酷な運命に翻弄される“20代の愛”が描かれる。
後篇は一転、社会人となった主人公たちの過酷な運命に翻弄される“20代の愛”が描かれる。試写が終わった会場に吉高由里子が、映画とタイアップしているアパレルブランド「ユナイテッドアローズ グリーンレーベル リラクシング」の衣裳に身を包んで登場。麦わら帽子を被った夏先取りの衣装を観客たちに足先までよく見せるために吉高は足をあげる。「あんまり上げ過ぎると変な写真撮られちゃいますね」と話し、会場を“吉高節”で沸かせた。
「あんまり上げ過ぎると変な写真撮られちゃいますね」と話し、会場を“吉高節”で沸かせた。司会とのトークの後、会場に集まったファンからの質問も受け付けられた。後篇で一番大変だったシーンについての質問には「七美が大人になって竹内と屋上で再開するシーン」と答えた。このシーンは、大人になった七美が竹内にあることを告白され、その回想に入るというもの。でも、実は、前篇の撮影中にこのシーンは撮られ「まだ（前篇の学生時代の）撮影が終わっていないのに、何を振り返れば良いんだ」と表情をつくることに苦労したことを明かした。司会から良い表情だったと言われると「顔、CGかも知れないですよ」とこれまた冗談を言い、会場に笑いを呼んだ。
司会から良い表情だったと言われると「顔、CGかも知れないですよ」とこれまた冗談を言い、会場に笑いを呼んだ。他にも、釧路と東京で撮影が行われて、その気温差や太陽の動きの違いに対処することが大変だったことも明かされた。時には朝6時から夜の10時過ぎまでの長時間撮影が行われ疲れと暑さで熱射病のような状態になってしまったこともあったようだ。「体力があると思っていた生田さんが膝から砕けました。」とその大変さについても語った。
」とその大変さについても語った。作品は、一部批評家からも「しっかりした出来の作品」と言われているが、その裏にはこんな過酷な撮影を乗り越えた苦労があったからなの知れない。
作品は、一部批評家からも「しっかりした出来の作品」と言われているが、その裏にはこんな過酷な撮影を乗り越えた苦労があったからなの知れない。最後に会場のファンと記念の写真を撮影。和やかなイベントとなった。
『僕等がいた』後篇は、4月21日（土）から全国ロードショー。・『僕等がいた』公式サイト・『僕等がいた』特集
ウィキ・ペディアにも負けない!? キャプテン・アメリカの戦力を徹底解剖！「スーパー・ヒーローが強いのはもちろんだが、実際にはどれほどの実力なのだろうか？」という疑問を感じたことがないだろうか？今週１0月14日から3D公開となる 『キャプテン・アメリカ/ザ・ファースト・アベンジャー』のキャプテン・アメリカは、“すべてのヒーローの原点であり頂点”とも言われているキャラクター。全米公開時には、それまで断トツの1位を独走していた「ハリー・ポッター」シリーズ最終作を抜き去り初登場No.1を獲得。その人気の高さを世界中に知らしめた。今回はそんな人気のキャプテン・アメリカの能力値と、その魅力を徹底分析することで算出してみよう！
今回はそんな人気のキャプテン・アメリカの能力値と、その魅力を徹底分析することで算出してみよう！ヒーローの素質を備えるも、驚くほど非力な主人公！小柄で病弱な青年スティーブ・ロジャースの能力値
小柄で病弱な青年スティーブ・ロジャースの能力値【身長】推定163cm 【肩幅】推定31.2cm 【筋力】腕立て伏せスピードが通常兵士の4分の1
【身長】推定163cm 【肩幅】推定31.2cm 【筋力】腕立て伏せスピードが通常兵士の4分の1【武器】正義の心、勇気、ゴミ箱のふた
【武器】正義の心、勇気、ゴミ箱のふた【備考】喘息、リウマチなどの持病多数
「キャプテン・アメリカ」の戦力を分析するに当たって、変身前の主人公スティーブ・ロジャースの能力を先に分析してみる。彼は、ヒロインの女将校ペギー・カーターと並ぶと、ほぼ同じ身長。つまり、ペギーをアメリカ人女性の平均身長と仮定すると、推定163センチメートルとなる。また、肩幅はペギーよりも5分の1程狭く、31.2センチメートルとなるであろう。こんな小柄で非力そして持病もある、絵に描いたような“もやしっ子”スティーブだったが、一刻も早く戦争を終わらせたい一心で、軍の“スーパーソルジャー計画”の被験体に志願。実験責任者のアースキン博士に「ナチスを殺したいのか？」と問われると、「誰も殺したくない。悪が嫌いだ。出身は関係ない。」と答える姿は、純粋な正義感を持つ彼のキャラクター性が実に表れている。敵国だから倒したいのではなく、悪の行いをするから倒すのだ。
敵国だから倒したいのではなく、悪の行いをするから倒すのだ。なお余談だが、路地裏で絡まれ殴られた際には、とっさにゴミ箱のふたを手に取り身構える。後に武器ではなく、盾がキャプテン・アメリカのアイテムとなるが、既に変身前から本能的にその素養があったようだ。
さて、次のページでは、いよいよキャプテン・アメリカの分析結果を公開！
さて、次のページでは、いよいよキャプテン・アメリカの分析結果を公開！・キャプテン・アメリカ戦力分析を見たい人は⇒こちら
・キャプテン・アメリカ戦力分析を見たい人は⇒こちら・ヒドラ党が第二次世界大戦中に存在していたという情報を見たい人は⇒こちら 1 2 3
【DVDエンター！】エレベーターという密室に潜む“殺人犯＝デビル”いよいよ5月22日にグランドオープンを控える、最高高さ634メートルを誇るスカイツリー。都市開発が進み、都心では留まることなく次から次へと新たな高層ビルや高層マンションが乱立していきます。そこで働き、暮らす人々は、高層フロアではなく、2階や3階に上がるだけでも、毎日当たり前のごとくエレベーターを利用しています。今年3月の震災時、まるで苦手な遊園地のアトラクションに無理矢理乗せられてしまったかのような長時間の揺れに身を晒され、その後エレベーターが動かなくなったことによって、それまでは見晴らしの良さが自慢であったハズの高層階が一転、その問題点を浮き彫りにしてしまったのではないでしょうか。
今年3月の震災時、まるで苦手な遊園地のアトラクションに無理矢理乗せられてしまったかのような長時間の揺れに身を晒され、その後エレベーターが動かなくなったことによって、それまでは見晴らしの良さが自慢であったハズの高層階が一転、その問題点を浮き彫りにしてしまったのではないでしょうか。約4ヶ月後の7月16日には、密室である高層ビルのエレベーター内に閉じ込められた5人の男女が、照明が消えると共に一人、また一人と殺害されていく恐怖を描いた映画『デビル』が公開。そして、11月23日には同作がブルーレイ＆DVDとなって発売されました。
そして、11月23日には同作がブルーレイ＆DVDとなって発売されました。デビル高層ビルで墜落事故が発生し、警察が現場へ急行。その頃、同ビルのエレベーターが男女5人を乗せたまま停止するという怪事件が。警備員や刑事が解決に当たるが、エレベーターはまったく動かない。
警備員や刑事が解決に当たるが、エレベーターはまったく動かない。やがて電灯が消えた瞬間エレベーター内のひとりが惨殺され……。
やがて電灯が消えた瞬間エレベーター内のひとりが惨殺され……。逃げ場を失った、地上数百メートルの密室エレベーターは見方を変えれば、正体不明の人々と共有する、宙に浮いた密室とも言えます。高所や閉所というだけで既に恐怖を感じる人もいますが、予期せぬエレベーターの非常停止によって、毎日乗り馴れていたハズの空間は突如、逃げ場を無くした密室へと姿を変えます。
高所や閉所というだけで既に恐怖を感じる人もいますが、予期せぬエレベーターの非常停止によって、毎日乗り馴れていたハズの空間は突如、逃げ場を無くした密室へと姿を変えます。そして、もし同乗者の中に“殺人犯＝デビル”が紛れ込んでいたとしたら、あなたは果たしていつまで正気を保ち続けていられるでしょうか？
そして、もし同乗者の中に“殺人犯＝デビル”が紛れ込んでいたとしたら、あなたは果たしていつまで正気を保ち続けていられるでしょうか？5人が乗り合わせたのは偶然か、それとも運命なのか非常停止したエレベーターには、ビルの管理室とのインターホンや、監視カメラによる映像など、わずかながらも外部との通信手段が残されています。しかし、本来は双方向通話が可能のはずのインターホンは、管理室からエレベーターへの一方通話しか出来ず、照明は不安気にチカチカと点滅を繰り返し始めます。そして、ようやく暗転から復帰した直後、5人の内の一人は残酷な死体と化して、その姿を照らし出されます。
そして、ようやく暗転から復帰した直後、5人の内の一人は残酷な死体と化して、その姿を照らし出されます。監視カメラからの映像と入館時の身分登録で5人の正体が明らかになり、誰もが疑わしく見えてくる一方で、エレベーター内に増える死体の数と共に、不信と緊張が高まっていきます。
監視カメラからの映像と入館時の身分登録で5人の正体が明らかになり、誰もが疑わしく見えてくる一方で、エレベーター内に増える死体の数と共に、不信と緊張が高まっていきます。人間の姿形をした“デビル”神や悪魔の存在を信じるか信じないかは人それぞれですが、科学や常識だけでは決して証明できない現象もまた世の中には多数存在するのではないでしょうか。初めは5人全員が常識的な人間に見えたハズが、死の恐怖に追い詰められ、疑心暗鬼で平常心を失っていくにつれ、あたかも狂気に満ちた悪魔のごとく、人間の本性を現していきます。最後に生き残った人物は、果たして悪魔なのでしょうか。
・デビル - 作品情報デビル [DVD]posted with amazlet at 11.11.27ジェネオン・ユニバーサル (2011-11-23)売り上げランキング: 1182Amazon.co.jp で詳細を見る
剛力彩芽、“愛情たっぷり”の手作りチョコケーキをプレゼント 「第84回アカデミー賞」作品賞を含む2部門にノミネートされ、いよいよ今週末18日に公開となる映画『ものすごくうるさくて、ありえないほど近い』。公開に先駆けて、バレンタインデーの14日には、本作の主人公オスカー役のトーマス・ホーン（14）が初来日を果たし、本作に深く感動した若手女優・剛力彩芽（19）と「家族の愛と絆」をテーマにトークショーを行った。
公開に先駆けて、バレンタインデーの14日には、本作の主人公オスカー役のトーマス・ホーン（14）が初来日を果たし、本作に深く感動した若手女優・剛力彩芽（19）と「家族の愛と絆」をテーマにトークショーを行った。映画『ものすごくうるさくて、ありえないほど近い』は、ある日突然に最愛の父親を失い、その事実を受け入れられない少年の心の旅と、家族の愛と絆を描いた感動作。
映画『ものすごくうるさくて、ありえないほど近い』は、ある日突然に最愛の父親を失い、その事実を受け入れられない少年の心の旅と、家族の愛と絆を描いた感動作。本作を観た剛力は「普通にしてたら見過ごしちゃうようなことが実はすごく大切だったり、当たり前にやってることが実は当たり前じゃないと気付かせてくれました。家族って誰にも敵わないし、見てないようで一番見てる存在だなと。家族の温かさや、言葉を交わしてなくても全てが伝わっている空気感がすごく素敵で、どんどん見入ってしまいましたね。」と感想を述べた。
」と感想を述べた。また、本作の題材となる、2001年9月11日に起きたアメリカ同時多発テロに触れ「9.11で悲しい思いをした方もたくさんいると思うのですが、人と人との繋がりを通して希望や、家族を通して愛情の再確認って大切だなと思えました。昨年の3.11の時も『家族を大切にしたいな』と思いましたし、家族と明日も一緒にいられるのが当たり前と思っちゃいけないなと。感謝や愛情を伝えるのってすごく大事だなと、改めて実感しましたね。私の同世代でも親に感謝が言えなかったり、反抗しちゃう方も多いので、家族の大切さを伝えたいです。」と語った。
」と語った。劇中では、9.11から1年後のNYを舞台に、トーマス演じる11歳の少年オスカー・シェルが、父が遺した1本の“鍵”に合う鍵穴を探し、それぞれの苦しみや哀しみから立ち直った、あるいは立ち直ろうとしている様々な人と出会い、成長していく姿が描かれる。トーマスは、本作への出演を通じて「この作品を作る上で、9.11で家族を失った方とか、悲しい経験をされた方とたくさん話すことができました。様々な人の悲しみや、様々な過去があって今に至っていることが良く理解できたので、人に対する共感や同情を今までよりも感じられるようになりました。日本の方も地震があったということで、とても心から同情しています。」とメッセージを寄せた。
」とメッセージを寄せた。本作で、映画初出演＆初主演を果たしたトーマスは、オスカーを演じるに際し「撮影前に2ヶ月間ほどリハーサル期間を与えられ、監督とか、様々なダイアログの話し方のコーチとか、感情表現のために色々な方から様々な演技指導を受けることができました。インテンションという方法で『こういうことを考えるのは、こういう意図があってやるものだ』という風に、キャラクターの台詞や感情を、様々な動詞と結びつけることによって、より良く理解できるよう色々な練習をしました。場面場面を切り離して練習したり、感情表現をより強くするために身体を動かしたり、様々な指導を受けて、やっとここまで出来たと思います。」と役作りの苦労を語った。
」と役作りの苦労を語った。そんなトーマスの演技について、剛力は「私も家族から見たら子供なので、親にもっと気付いて欲しいと思ってることとか、すごく共感する部分が多くて。お芝居にも、映画の中にも、惹き込まれていきましたね。自分と置き換えて、私の父と母にこういうことをしたいなと考えたり、親子のシーンでたくさん泣いてしまいましたね。」と明かした。
」と明かした。本日はバレンタインデーということで、剛力が「日本に来て良かったと思ってもらえるように、愛情をたっぷり込めて作りました。」と語る手作りのチョコケーキを渡されると、トーマスは「どうもありがとうございます（日本語）。前に作ったことがあって、すごく難しいことが分かっています。」と笑顔を見せた。
」と笑顔を見せた。最後に、大切な人へのメッセージとして、剛力は「『愛してる』とか『ありがとう』とか、愛情表現や感謝の気持ちって、伝えられる時に伝えないと、すごく後悔するなと、この映画を観て思いました。普段は恥ずかしくて伝えられなかったり、言い辛かったりすると思うけど、そんなことを考えてたら、いつの間にか言えなくなっちゃうこともあるので。言える時にたくさん言って、表現して。私は基本的に『ありがとう』とか家族にもすぐ伝える方なので、これからもっとたくさん伝えて。家族や友達といつも一緒にいられることは当たり前じゃないと思いながら、一緒に生活していけたらいいなと思います。今日はたくさん『大切な人に、今日伝えてみよう』と思ってもらえたらいいなと思います。」とコメント。
」とコメント。続いて、トーマスは「父は眼科医なんですけど、患者を抱えながら、僕と一緒に日本に来てくれて感謝してます。もしかしたら僕が演技
もしかしたら僕が演技をすることに対して疑問を感じたことがあるかもしれません。でも、最終的には僕がこの新しい経験をすることに賛成してくれて、ものすごくサポートしてくれたことに感謝してます。父は心からありがとうと言いたいです。」と会場にいる父にメッセージを伝えた。
・「第84回アカデミー賞」特集ページ
・「第84回アカデミー賞」特集ページ■関連記事
■関連記事・天才少年トーマス・ホーン「日本のマンガは読まない」・“今年の顔”剛力彩芽「きものの魅力をたくさんの方に」
“貞子”が渋谷に大量出現、呪いの手紙を配る ゴールデンウィーク最終日の渋谷スクランブル交差点に“貞子”の集団が登場、一時、パニック状態になった。これは『リング』シリーズの完全最新作、映画『貞子3D』のプロモーションの一つ。
これは『リング』シリーズの完全最新作、映画『貞子3D』のプロモーションの一つ。「大増殖祭」と銘を打ったこのイベントでは、これまでケロロ軍曹とのコラボ、プロ野球の始球式など、世間をにぎわせてきた。そして、その最後のお騒がせイベントとして、50人以上の貞子が渋谷の街頭に出現する街頭ジャックイベントが実施された。
そして、その最後のお騒がせイベントとして、50人以上の貞子が渋谷の街頭に出現する街頭ジャックイベントが実施された。突如現れた大量の貞子の姿に、渋谷の街はパニック。悲鳴を上げ、思わず後ずさる通行人やその姿に泣き叫ぶ子供たち。しかし、怖いもの見たさか、貞子たちに近寄る勇気ある人々も。そんな勇気ある人々へは、なんと貞子から呪いの手紙をプレゼント。本作の公開につき、暗い井戸の中からはい出してきてはさまざまなプロモーションに励んできた貞子。その様子に「かわいい！」「頑張って！」など、意外にも多くの方々から応援を受けてきた彼女は、ここでも意気揚々と呪いのつまった手紙を配り、しっかりと本作の恐ろしさをPRしていた。
」など、意外にも多くの方々から応援を受けてきた彼女は、ここでも意気揚々と呪いのつまった手紙を配り、しっかりと本作の恐ろしさをPRしていた。貞子からの手紙には「意外とナイス・バディ」「呪演女優賞はもらった…」などといったお茶目な内容が。中にはベビーカーに乗った赤ちゃんが貞子から手紙を受け取る姿も見られ、手紙をもらった人達は、大はしゃぎの様子でした。
中にはベビーカーに乗った赤ちゃんが貞子から手紙を受け取る姿も見られ、手紙をもらった人達は、大はしゃぎの様子でした。さらに、渋谷などの都心を中心に巨大な貞子人形をのせた“メガ貞子”なるトレーラーも登場。今回の渋谷ジャックを皮切りに、各所都内を走行して呪いを拡散していく予定だ。
今回の渋谷ジャックを皮切りに、各所都内を走行して呪いを拡散していく予定だ。映画『貞子3D』は、5月12日（土） 全国ロードショー!!・『貞子3D』 - 作品情報
映画『貞子3D』は、5月12日（土） 全国ロードショー!!・『貞子3D』 - 作品情報【MOVIE ENTERおすすめ記事】 ・恐怖の生“貞子”の登場に、シドの新曲お披露目会場は騒然 ・ケロロ軍曹が貞子に！？ 恐怖のコラボ第2弾が決定 ・ホラー映画界に“革命”を起こす、キューバ発のゾンビ映画が世界を席巻 ・人体模型と骨格標本の最強コンビ誕生
“永遠のタフガイ”ブルース・ウィリス役を演じる日本のスターといえば？ダイハツ「ミライース」のCMでのお茶目な姿が話題のハリウッド・スター、ブルース・ウィリス（57）。今年は3月に公開された『セットアップ』に続き、4月7日より公開となった『キリング・ショット』に出演。その後も『G.I.ジョー バック2リベンジ』や『エクスペンダブルズ2』の日本公開が決定しており、本国アメリカでは「ダイ・ハード」シリーズ第5弾『A Good Day To DieHard（原題）』や『RED／レッド』の続編企画が進行している。
その後も『G.I.ジョー バック2リベンジ』や『エクスペンダブルズ2』の日本公開が決定しており、本国アメリカでは「ダイ・ハード」シリーズ第5弾『A Good Day To DieHard（原題）』や『RED／レッド』の続編企画が進行している。ブルース・ウィリスがマフィアのボス、メルを演じる『キリング・ショット』は、彼が『パルプ・フィクション』や『シン・シティ』、『ラッキーナンバー7』などに続き、脚本に惚れこんで出演を決めた話題作。舞台は真夜中のラスベガス。登場人物は、全員クセ者。物語は、薬物の取引が行われるという、とあるダイナーを中心に展開していく。
物語は、薬物の取引が行われるという、とあるダイナーを中心に展開していく。プライベートでは、23歳年下の再婚妻エマ・ヘミングに4月1日待望の赤ちゃん（メイベル・レイ・ウィリス）が誕生したというHOTな話題も。
プライベートでは、23歳年下の再婚妻エマ・ヘミングに4月1日待望の赤ちゃん（メイベル・レイ・ウィリス）が誕生したというHOTな話題も。日本でも、郷ひろみやブラザートムなど、アラ還スターのおめでたいニュースが止まらない状況。
日本でも、郷ひろみやブラザートムなど、アラ還スターのおめでたいニュースが止まらない状況。世界中で愛されるブルース・ウィリスだが、日本での人気も衰えを知らない。『キリング・ショット』の一般試写会では、20代から60代のブルースファンが殺到し、大盛況となった。男女比もほぼ半々で、アクションのイメージから男性ファンが多いと思いきや、女性の姿も多く見受けられた。頼り甲斐のある“男らしさ”に加え、大人の男の“可愛らしさ”も併せ持つキャラクターが多くの支持を集めているようだ。
頼り甲斐のある“男らしさ”に加え、大人の男の“可愛らしさ”も併せ持つキャラクターが多くの支持を集めているようだ。そこで「世界中に今なお活力を与え続けるスーパースター、ブルース・ウィリスのような存在は他にいないのか？」「低迷する日本社会に元気を与えるスターは日本にもいるのではないか？」と、新たな日本の宝を発掘するため、以下のアンケートを実施した。
」と、新たな日本の宝を発掘するため、以下のアンケートを実施した。まず「『キリング・ショット』を日本で映画化するとしたら、ブルース・ウィリス役はどの俳優にしてほしいか？」との質問に対して、1位にダントツで選ばれたのは「渡辺謙」。
」との質問に対して、1位にダントツで選ばれたのは「渡辺謙」。その理由は以下の通りだ。・マフィアのボスの役なので、渡辺さんには迫力があるので、とても似合いそう・眼力、オーラがあり、渋い役の顔と、CMで見せるちょっとお茶目な顔の両方ができる印象が、 ブルースと通じている・国際的に活躍しているから、度胸がありそう
・マフィアのボスの役なので、渡辺さんには迫力があるので、とても似合いそう・眼力、オーラがあり、渋い役の顔と、CMで見せるちょっとお茶目な顔の両方ができる印象が、 ブルースと通じている・国際的に活躍しているから、度胸がありそう2位以下では、竹中直人（理由：見た目の雰囲気が近い、声が渋いから）、綿引勝彦（理由：ミライースのCMが面白かったから）、ビートたけし（理由：危険な感じと面白いキャラをあわせ持っているから、ヤクザ役をよくやっているから）、山崎努（理由：威厳があるから）、阿部寛（理由：顔が濃いから）、西田敏行（理由：他の映画でマフィアのボスをやっていた気がしたから）などの回答が上位を占めた。
2位以下では、竹中直人（理由：見た目の雰囲気が近い、声が渋いから）、綿引勝彦（理由：ミライースのCMが面白かったから）、ビートたけし（理由：危険な感じと面白いキャラをあわせ持っているから、ヤクザ役をよくやっているから）、山崎努（理由：威厳があるから）、阿部寛（理由：顔が濃いから）、西田敏行（理由：他の映画でマフィアのボスをやっていた気がしたから）などの回答が上位を占めた。また「最強タフガイ、ブルース・ウィリスと戦わせてほしい俳優は誰？」との質問に対して、1位に選ばれたのは「綿引勝彦」。その理由は以下の通り。
その理由は以下の通り。・ミライースのCMでブルースと見事に相対している・吹き替え編でも完全にブルースの声がはまっているから・年齢もブルースより上のようなので、年の功で意外と勝てそうな気がするから・キャラの強さがブルースと張っている
・ミライースのCMでブルースと見事に相対している・吹き替え編でも完全にブルースの声がはまっているから・年齢もブルースより上のようなので、年の功で意外と勝てそうな気がするから・キャラの強さがブルースと張っている2位以下では、渡辺謙（理由：眼力で勝てる気がするから）、竹中直人（理由：アクの強さで対抗している）、役所広司（理由：侍の気合で勝てそう）、西田敏行（理由：戦ったら面白そう）などの回答が得られた。
2位以下では、渡辺謙（理由：眼力で勝てる気がするから）、竹中直人（理由：アクの強さで対抗している）、役所広司（理由：侍の気合で勝てそう）、西田敏行（理由：戦ったら面白そう）などの回答が得られた。渡辺謙がブルース・ウィリス役を演じ、その敵を綿引勝彦が演じる。いつか、そんな夢の映画が実現する日が訪れるかもしれない。年を重ねたタフガイ達は、観る者に明日を生きる元気を与えてくれるだろう。
年を重ねたタフガイ達は、観る者に明日を生きる元気を与えてくれるだろう。・キリング・ショット - 作品情報
■関連記事・電撃発表！ブルース・ウィリスが育毛剤をプロデュース!?
【2012年先取り映画vol.1】“時は金なり”という言葉が現実になった世界 皆さん、明けましておめでとうございます。本年も皆さんの楽しい映画ライフの助けになる情報をたくさん掲載していきますので、ムービーエンターをどうぞよろしくお願いします。さて、まずは2012年公開の新作映画の中で、編集部員が注目している作品を取り上げる「2012年先取り映画」から。1月1日から4日まで一日に2本ずつ計8本ご紹介していきますが、トップバッターはヒーロー妄想のカンタ。20世紀フォックス映画のSF超大作『TIME／タイム』を紹介しましょう。なんとこの映画は“時は金なり”という言葉が現実のものに世界が舞台となります。
なんとこの映画は“時は金なり”という言葉が現実のものに世界が舞台となります。『TIME／タイム』 21世紀末、人口増加を抑制するため人類は遺伝子操作により26歳以後は時間を買わなければ生き続けられない社会が舞台。金持ちは悠然と生き、貧しき者は奴隷の如く働き続けなければ若くして絶命する。時間格差社会で起こる出来事を描いた近未来アクション・サスペンス。
時間格差社会で起こる出来事を描いた近未来アクション・サスペンス。（公開予定日：2月17日）
（公開予定日：2月17日）この映画の一番の魅力は世界観 ・この世界の唯一の通貨は“時間” ・全ての人間の成長は25歳で止まる（40年生きていても25歳の容姿） ・25歳になると左腕に埋め込まれたボディクロックが動き出し“余命”がカウントダウン（最初に持っている余命は1年） ・手をつなぐ行為で時間を“分け与える”または“奪う”事が可能
この映画の一番の魅力は世界観 ・この世界の唯一の通貨は“時間” ・全ての人間の成長は25歳で止まる（40年生きていても25歳の容姿） ・25歳になると左腕に埋め込まれたボディクロックが動き出し“余命”がカウントダウン（最初に持っている余命は1年） ・手をつなぐ行為で時間を“分け与える”または“奪う”事が可能通貨の代わりとなるのが“時間”なので、物を買うにも乗り物に乗るにも“時間”を支払わないといけません。
通貨の代わりとなるのが“時間”なので、物を買うにも乗り物に乗るにも“時間”を支払わないといけません。例えばコーヒーは寿命4分、バス運賃は寿命2時間というように、その度に命を削って生活をしなければならない。
例えばコーヒーは寿命4分、バス運賃は寿命2時間というように、その度に命を削って生活をしなければならない。この映画の世界を見ると、いかに自分が時間を無駄にして生きているか反省させられてしまいます。
この映画の世界を見ると、いかに自分が時間を無駄にして生きているか反省させられてしまいます。どんな世界でも金持ちと貧乏人がいる “お金”がなくても、やはり貧富の差はあるようです。何百年も生きられる“時間長者”の者もいれば、日雇い労働で命をつなぎ常に寿命を気にする貧しい者もいる。
何百年も生きられる“時間長者”の者もいれば、日雇い労働で命をつなぎ常に寿命を気にする貧しい者もいる。そしてこの“奪う”という行為ができるという設定があるから、“時間強盗”という人の時間を奪う悪も現れてきます。
そしてこの“奪う”という行為ができるという設定があるから、“時間強盗”という人の時間を奪う悪も現れてきます。この物語は、ある貧しいスラム街の青年を主人公にして語られます。「生きたくても生きられない貧乏人」「たくさんの時間があり過ぎて退屈で自殺を願う富裕者」という社会の矛盾に遭遇し、同時にあることで何百年もの時間を手に入れたことから彼はどのような行動を起こすのでしょうか。ヒーローとも言えないし、悪とも言えない、等身大の一般人の心の揺れが見どころです。
■投票しよう ヒーロー妄想のカンタの全体まとめ 【見どころ】リアルに命（時間）を削りながら生きる設定 【こんな人に観て欲しい】日々にマンネリを感じる人 【おすすめ度】★★★★ 一覧を見る ・編集部が新作を紹介『2012年先取り映画』 ・2011下半期アワード ・2011上半期アワード ・編集部的映画批評
【MOVIE ENTER おすすめ記事】 ・仮面ライダーヒロイン・高田里穂のコスプレ願望＜2011年インタビューまとめ vol.6＞ ・AKB48、ステージ裏の過酷な姿 ・トム・クルーズがロックの神様に！絶大な人気を誇るミュージカルが映画化 ・「海底基地が古代文明の正体」 未知の文明に対する専門家の答え
絶大な人気を誇るミュージカルが映画化 ・「海底基地が古代文明の正体」 未知の文明に対する専門家の答え佐藤健が斬りまくる！ 世界配給も視野に入れた特報映像が公開 なかなか実写化できずにいた人気コミックが、ついに実写映画化される！日本だけでなく、世界中から注目を集めている映画『るろうに剣心』（8月25日公開）の特報映像が公開された。
日本だけでなく、世界中から注目を集めている映画『るろうに剣心』（8月25日公開）の特報映像が公開された。本作の主人公は、幕末に「人斬り抜刀斎」として恐れられていた伝説の剣客の緋村剣心。彼は、明治という新しい時代の訪れとともに姿を消し、「不殺（ころさず）」の誓いをたて、流浪人として旅をしていた。ある日、神谷道場の師範代を務める薫を助けたことから、薫のもとで居候することになる。ちょうどその頃、街では剣心のかつての呼び名・抜刀斎を名乗った人斬り事件が勃発していた。
ちょうどその頃、街では剣心のかつての呼び名・抜刀斎を名乗った人斬り事件が勃発していた。今回、公開された特報映像がこちら。主演を務める佐藤健を始め、武井咲、吉川晃司、蒼井優、青木崇高、奥田瑛二、江口洋介、香川照之ら豪華キャストの姿を確認できる。
主演を務める佐藤健を始め、武井咲、吉川晃司、蒼井優、青木崇高、奥田瑛二、江口洋介、香川照之ら豪華キャストの姿を確認できる。また、大友啓史監督が撮影時から「CGに頼らず、生身のアクションにこだわりたい」と話していたように迫力あるアクションシーンが盛り込まれている。
また、大友啓史監督が撮影時から「CGに頼らず、生身のアクションにこだわりたい」と話していたように迫力あるアクションシーンが盛り込まれている。2011年12月に公開された本編映像は、世界136カ国からアクセスが殺到。それを踏まえて、今回の特報映像は、英語、中国語、フランス語、スペイン語の4カ国語の字幕付きで製作されることが決定した。こちらは、完成次第、公式サイトで公開される。世界配給も視野に入れた展開が開始されているようだ。
原作となる同名コミックは、1994年から1999年にかけて「週刊少年ジャンプ」で連載。単行本は、全28巻で累計発行部数5000万部を超えるほどの人気ぶりだ。連載中の1996年には、テレビアニメ化され、当時アニメ主題歌を担当するアーティストが次々とブレイクするなど、その人気を不動のものにした。また、世界23カ国で翻訳版が刊行され、現在も世界中のファンに愛され続けている。
また、世界23カ国で翻訳版が刊行され、現在も世界中のファンに愛され続けている。さらに今年は、テレビアニメ化15周年を記念して、OVA・劇場版のブルーレイ化や新作アニメの製作が決定するなど、人気は衰えを見せない。また、原作の出版社である集英社のバックアップ体勢が整い、「ジャンプスクエア」6月号（5月2日発売）で13年ぶりに連載を開始することが決定。これからも人気が衰えることはなさそうだ。
これからも人気が衰えることはなさそうだ。映画『るろうに剣心』は、8月25日（土）より公開。・映画『るろうに剣心』 - 公式サイト・映画『るろうに剣心』 - Facebookファンページ・映画『るろうに剣心』 - 公式Twitter
・映画『るろうに剣心』 - 公式サイト・映画『るろうに剣心』 - Facebookファンページ・映画『るろうに剣心』 - 公式Twitter【関連記事】 ・ポスターのテーマは、剣心の“封印された狂気” ・映画『るろうに剣心』撮影終了、ビジュアルが初公開！ ・実写映画『るろうに剣心』のヒロイン決定！ 神谷薫役は武井咲に!!・映画『るろうに剣心』、「相楽左之助」「明神弥彦」「高荷恵」の配役が決定・映画『るろうに剣心』、主人公のライバル役に江口洋介、吉川晃司、香川照之
AKB48派生ユニット『渡り廊下走り隊』、再び監禁国民的アイドルグループAKB48の派生ユニットとして、昨年の「22ndシングル選抜総選挙」で5位に選ばれた渡辺麻友をセンターに活躍する『渡り廊下走り隊7』。一昨年に監禁された菊地あやかと仲川遥香に続き、今年も『渡り廊下走り隊7』のメンバーが再び監禁される。
一昨年に監禁された菊地あやかと仲川遥香に続き、今年も『渡り廊下走り隊7』のメンバーが再び監禁される。2010年秋に公開された『×ゲーム』に続き、今春に全国順次公開処刑される映画『×ゲーム2』。原案は「リアル鬼ごっこ」や「親指さがし」など、数々のヒット作品を生み出してきた今、若者の間で最も人気の高い作家・山田悠介（幻冬舎）。主演は、同じく『渡り廊下走り隊7』のメンバー、多田愛佳と平嶋夏海（2月5日に脱退）にバトンタッチされた。
主演は、同じく『渡り廊下走り隊7』のメンバー、多田愛佳と平嶋夏海（2月5日に脱退）にバトンタッチされた。主題歌は、3月14日にファーストアルバム「Restless」を発売するν[NEU]の新曲「Restless Love」に決定している。
主題歌は、3月14日にファーストアルバム「Restless」を発売するν[NEU]の新曲「Restless Love」に決定している。・×ゲーム2 OFFICIAL SITE・ν[NEU]オフィシャルサイト
ミス・フーターズ・ジャパンが1日限定“マリリン・モンロー”に変身 1963年8月5日、36歳の若さでこの世を去ったマリリン・モンロー。没後50年を迎えた今年3月には、彼女の知られざるラブロマンスを描いた映画『マリリン 7日間の恋』が公開され、いよいよ8月3日にブルーレイ＆DVDとなって発売される。本作の発売を記念して、命日である8月5日（日）には、アメリカンレストラン「HOOTERS GINZA」にて、一日限定の『マリリン 7日間の恋』キャンペーンが行われる。
本作の発売を記念して、命日である8月5日（日）には、アメリカンレストラン「HOOTERS GINZA」にて、一日限定の『マリリン 7日間の恋』キャンペーンが行われる。HOOTERS GINZAでは、8月5日（日）の一日限定で、ミス・フーターズ・ジャパンが“マリリン・モンロー”に変身。来場者にはマリリンより、イギリス来訪時に付けていたとされる“ラベンダー”の香り付き『マリリン 7日間の恋』特製うちわと、オリジナルメモパッドがプレゼントされる。
来場者にはマリリンより、イギリス来訪時に付けていたとされる“ラベンダー”の香り付き『マリリン 7日間の恋』特製うちわと、オリジナルメモパッドがプレゼントされる。マリリン 7日間の恋 1963年8月5日、36歳の若さでこの世を去ったマリリン・モンロー。没後50年を迎えた今年度のカンヌ国際映画祭でもポスターのビジュアルに選ばれ、未だ人々を魅了してやまない唯一無二の大スターだった彼女が、1956年『王子と踊り子』撮影当時、名もなき若い青年とピュアな恋愛をしていた—。コリン・クラークが、50年の時を越えて、胸に秘めていたマリリンとの出会いを小説として出版し映画化された本作。そのピュアな恋愛に世界がときめいた！
HOOTERS（フーターズ） 1983年に米国フロリダで誕生したアメリカンレストラン。日本には2010年10月に上陸。チアリーダーをイメージした健康的なフーターズガールのホスピタリティーあふれるおもてなしが人気。スポーツ観戦しながら名物のチキンウィング・フライドピクルス・ハンバーガー等が食べられる。現在は米国を中心に世界に450店舗以上あり、その中で日本は世界売上No.1。
現在は米国を中心に世界に450店舗以上あり、その中で日本は世界売上No.1。HOOTERS GINZA 住所：東京都中央区銀座8-5 銀座ナイン1号館2階 営業時間：11:00〜23:30（ラストオーダー23:00） http://www.hooters.co.jp
・映画『マリリン 7日間の恋』公式サイト
『ニューイヤーズ・イブ』出演のボン・ジョヴィ、サラ・ジェシカ・パーカーらの特別映像が解禁 『プリティ・ウーマン』のゲイリー・マーシャル監督が贈る感動のドラマ『ニューイヤーズ・イブ』が、12月23日より日本公開となる。そして、今回、出演キャストの豪華さが話題であるこの映画のキャストコメント入り特別映像が解禁された。
そして、今回、出演キャストの豪華さが話題であるこの映画のキャストコメント入り特別映像が解禁された。本作は、1年で最も煌びやかなニューヨークの大晦日、失われた絆を取り戻そうとする8組の人々の感動の物語を通じて、新しい年への希望をもらえる感動のドラマ。
本作は、1年で最も煌びやかなニューヨークの大晦日、失われた絆を取り戻そうとする8組の人々の感動の物語を通じて、新しい年への希望をもらえる感動のドラマ。死期が迫った孤独な病人と彼を見守る看護婦の物語、去年の大晦日に出会った女性との忘れられない約束、かつて恋人同士だった男女の偶然の再会など、それぞれが、人との失われた絆を取り戻そうと勇気を出して起こる奇跡のストーリーを描いている。
今回解禁となった特別映像は超豪華。「ゲイリー・マーシャル監督だからこそ集結した豪華キャストだ」と語る、世界のロック・スターであるボン・ジョヴィをはじめ、今注目の若手俳優からアカデミー賞受賞経験のあるベテラン俳優が勢ぞろいし、映画と監督について語ってくれた。
「ゲイリー・マーシャル監督だからこそ集結した豪華キャストだ」と語る、世界のロック・スターであるボン・ジョヴィをはじめ、今注目の若手俳優からアカデミー賞受賞経験のあるベテラン俳優が勢ぞろいし、映画と監督について語ってくれた。映画についてザック・エフロンは「（まるで）魔法だね」とコメントし、サラ・ジェシカ・パーカーは「希望に満ちてる」、そしてジョシュ・デュアメルは本作の内容について「恋愛だけでなく色んなストーリーがある」とコメント。
映画についてザック・エフロンは「（まるで）魔法だね」とコメントし、サラ・ジェシカ・パーカーは「希望に満ちてる」、そしてジョシュ・デュアメルは本作の内容について「恋愛だけでなく色んなストーリーがある」とコメント。また本作のゲイリー・マーシャル監督について、アカデミー賞受賞者のヒラリー・スワンクは「コメディの達人」と称し、海外ドラマ「glee」で一躍有名になったリー・ミシェルは「楽しい監督！」と表現をするなど、明るく楽しい、豪華な撮影現場の様子が感じられる。
」と表現をするなど、明るく楽しい、豪華な撮影現場の様子が感じられる。映画『ニューイヤーズ・イブ』は、12月23日（金）、丸の内ピカデリー他、全国ロードショーとなる。豪華ゲストたちが楽しみながら撮影した作品は、きっと皆さんのクリスマスに華やいだ気持ちを添えてくれること間違いなしだろう。
【MOVIE ENTER おすすめ記事】 ・アントニオ・バンデラスが「スマイルを届ける」と日本にメッセージ
【MOVIE ENTER おすすめ記事】 ・アントニオ・バンデラスが「スマイルを届ける」と日本にメッセージ・『ロード・オブ・ザ・リング』シリーズの前章『ホビット』第二部の公開日決定
・エイリアンに容赦なく狩られるカウボーイ、『カウボーイ＆エイリアン』特別映像を公開
・東京国際映画祭の作品選定ディレクターが教える“裏技”的な楽しみ方
「好きよ、抱いて！」、映画『モテキ』着信ボイスを無料配信 いよいよ9月23日より公開となる超進化系☆恋愛エンターテインメント映画『モテキ』。同作の公開を記念して、本日9月7日から30日までの期間限定で、「好きよ、抱いて！」映画Ver.の着信ボイスがドコモマーケット MUSICストアにて独占先行無料配信された。今回配信されるのは、ドラマ『モテキ』でCMに切り替わる際、主人公・森山未來が神輿に担がれるシーンにて使用されていた、「好きよ！抱いて！」のフレーズでお馴染みの映画バージョンの着信ボイス。その他にもレコチョクでは、映画『モテキ』のオープニングテーマ曲のフジファブリック「夜明けのBEAT」や、メインテーマ曲の女王蜂「デスコ」など関連曲の着うた(R)、着うたフル(R)などを配信中。後日、出演者の長澤まさみ動画コメント配信や、ポラロイド写真のプレゼントも実施予定となっている。
後日、出演者の長澤まさみ動画コメント配信や、ポラロイド写真のプレゼントも実施予定となっている。モテキ関連楽曲 映画「モテキ」オープニングテーマ：フジファブリック「夜明けのBEAT」 映画「モテキ」メインテーマ：女王蜂「デスコ」 Half-Life「J-POP」 大江千里「格好悪いふられ方」 TM NETWORK 「SELF CONTROL」 N'夙川BOYS「物語はちと?不安定」 Fishmans 「いかれたBaby」 Perfume「Baby cruising Love」 ももいろクローバー「走れ!」 三木道三 「Lifetime Respect」 ACO 「悦びに咲く花」 橘いずみ「失格」 加藤 ミリヤ×清水 翔太「Love Forever」 JUDY AND MARY 「LOVER SOUL」 くるり「東京」
モテキ関連楽曲 映画「モテキ」オープニングテーマ：フジファブリック「夜明けのBEAT」 映画「モテキ」メインテーマ：女王蜂「デスコ」 Half-Life「J-POP」 大江千里「格好悪いふられ方」 TM NETWORK 「SELF CONTROL」 N'夙川BOYS「物語はちと?不安定」 Fishmans 「いかれたBaby」 Perfume「Baby cruising Love」 ももいろクローバー「走れ!」 三木道三 「Lifetime Respect」 ACO 「悦びに咲く花」 橘いずみ「失格」 加藤 ミリヤ×清水 翔太「Love Forever」 JUDY AND MARY 「LOVER SOUL」 くるり「東京」・モテキ - 公開情報 ・ドコモマーケット MUSICストア
・モテキ - 公開情報 ・ドコモマーケット MUSICストア「さわお」×「わさお」が奇跡の対面 今や全国区の人気を誇る“ブサかわ”秋田犬・わさお。今年3月には本人出演による主演映画『わさお』にてスクリーン・デビューを果たした「わさお」と、10代・20代の若者に人気のロックバンドthe pillowsのボーカル「山中さわお」が、奇跡の対面を果たした。今年2月上旬頃から、自身のラジオ番組で「わさおという犬がいる」というメールがよく届くようになり、わさおの存在を徐々に気になりだしていた山中さわお。2月18日より開始したthe pillows HORN AGAIN TOURのMC中に、山中さわおが「わさおというブサカワ犬がいるじゃないか？一回会ってみたいんだよね」と話すと、ファンがmixiやツイッターなどで騒ぎ出し、それを耳にしたわさおの関係者も「いつかコラボレーションができたら面白いですね」と話すようになった。3月に入り映画が公開すると、山中はライブのMCで「今度ピロウズ4人でわさおの映画でも見に行こうよ」と話したり、3月24日の青森公演の移動日に、わさおに会いに行きたいと思うようになる。その後3月11日の東日本大震災によって、3月20日から24日までの東北3公演は中止になるが、わさおサイドの協力もあり、さわお×わさおのコラボTシャツを4月16日のZEPP大阪公演からライブ会場で販売開始。商品の利益は全て、東日本大震災の義援金として日本赤十字社に寄付された。そして、7月20日に振り替えで行われた青森公演の翌日、メンバーは鯵ヶ沢に出向き、わさおと念願の対面を果たす。７月24日のツア—ファイナルのZEPP仙台でも「移動日に鯵ヶ沢まで行って、遂にさわお、わさおに会ってきました。」と報告。「めっちゃデカくてビビったけど、可愛かったな。」などと話していた。
」などと話していた。9月9日には、『わさお』がDVDとなって発売。一方、山中さわおは10月12日に自身のソロアルバム『退屈な男』を発売。また、同日発売でthe pillowsのライブDVD『BORN AGAIN』も発売し、特典映像の中には少しだけ鯵ヶ沢に行ったときの写真が出てくるそうだ。わさお - 作品情報
椎名誠・原作“あやしいサバイバル・ムービー”の主題歌は星野源2004年に刊行され、椎名誠ワールド全開と評された小説「ぱいかじ南海作戦」が、主演の阿部サダヲを筆頭に、永山絢斗、貫地谷しほり、佐々木希ら俳優陣を迎え、7月14日より全国ロードショーとなる。監督には、本作が映画監督デビューとなる新星・細川徹が抜擢。コントユニット“男子はだまってなさいよ！”の主宰を務め、2000年代のシティボーイズ・ライブでは作・演出を担当し、人気を博してきた若手実力派が、自らの脚色で本作に息を吹き込んだ。撮影は、原作を忠実に再現するため、オール南の島ロケを敢行。阿部サダヲ演じる、失業と離婚で人生につまずいた佐々木は、南の島で人生の再スタートを切ろうとする。楽園で出会う個性溢れる面々とのおかしな交流や、タイトルにもある“作戦”を遂行するべく奮闘する登場人物たちを描いたあやしいサバイバル・ムービーで、現代の日本でそれぞれに悩みを抱えた人間たちが力を合わせて頑張る姿にいつの間にか勇気づけられ、笑い、癒され、どこかホッコリと温かくなれる映画が誕生した。
楽園で出会う個性溢れる面々とのおかしな交流や、タイトルにもある“作戦”を遂行するべく奮闘する登場人物たちを描いたあやしいサバイバル・ムービーで、現代の日本でそれぞれに悩みを抱えた人間たちが力を合わせて頑張る姿にいつの間にか勇気づけられ、笑い、癒され、どこかホッコリと温かくなれる映画が誕生した。主題歌を手掛けるのは、松尾スズキ主宰、阿部サダヲが所属する人気劇団・大人計画の俳優であり、インストゥルメンタルバンド「SAKEROCK」のリーダー、また執筆業も行うなど才能豊かに幅広く活躍する、星野源。同主題歌「パロディ」は、細川監督からのオファーを受け、星野源が書き下ろした新曲で、現時点でリリースは未定となる。
同主題歌「パロディ」は、細川監督からのオファーを受け、星野源が書き下ろした新曲で、現時点でリリースは未定となる。オファーを受けた星野源は「沖縄料理屋で19歳から4年間働いていました。沖縄の素晴らしさや、日々を笑い飛ばすことの大切さをそこで学びました。だから今回、主題歌のオファーをいただけてすごく嬉しかったです。ずっとやりたかったおっちゃんのリズム。チャンキー・ミュージック。ごちゃ混ぜの音楽。日々の中にあるパロディについての歌ができました。」と主題歌について語っている。
」と主題歌について語っている。『ぱいかじ南海作戦』ストーリー“全て”がなくなったと思っていた。でも、そんなのは“全て”じゃなかった。リストラと離婚が同時にやってきた佐々木は、唐突に気分転換をと思い立ち、南の果てまで来てしまった。島に着いたその日に4人組のキャンプ生活者と出会い、一瞬にして「ここはパラダイスだ！」と有頂天に。悩みを打ち明け、癒され、飲み交わすビールは人生最高の味だった。しかし酒盛りに酔い潰れた翌日、佐々木の持ち物の一切合財と共に4人組は忽然と姿を消してしまう。いよいよ全てを失い、途方に暮れる佐々木のもとに、都会生活に疲れて島を訪れた若者オッコチ、そして関西娘2人組のアパとキミが加わって、4人の奇妙な海浜生活がスタート。次第に結束は固まっていく。そんなある日、出先で4人組のホームレスの噂を耳にした佐々木は全財産を取り返すべく、リベンジを決意する。起死回生の賭け、佐々木の“ぱいかじ南海作戦”の始まりだった…。
起死回生の賭け、佐々木の“ぱいかじ南海作戦”の始まりだった…。・映画「ぱいかじ南海作戦」公式サイト・星野源オフィシャルサイト
ついに鎖ははずされた。ディカプリオの悪すぎるカオがヤバい、『ジャンゴ』米版予告編が公開 クエンティン・タランティーノ監督の最新作『ジャンゴ 繋がれざる者』。タランティーノ&ディカプリオが初のタッグを組んだ本作は南北戦争前のアメリカ南部ミズーリ州が舞台だ。主人公ジャンゴ（ジェイミー・フォックス）が生き別れた妻を探す旅で、ドイツ人の賞金稼ぎ・シュルツ（クリストフ・ヴァルツ）と共に凶悪な白人農園主カルビン・キャンディ（レオナルド・ディカプリオ）と戦う姿を描く。
主人公ジャンゴ（ジェイミー・フォックス）が生き別れた妻を探す旅で、ドイツ人の賞金稼ぎ・シュルツ（クリストフ・ヴァルツ）と共に凶悪な白人農園主カルビン・キャンディ（レオナルド・ディカプリオ）と戦う姿を描く。これまで“映画史上最悪の極悪人”と評されるディカプリオ扮するカルビンの場面写真が公開されたり、カンヌで上映された7分間のフッテージ映像が話題になったりと、徐々に本編への期待が高まっている。しかし、肝心の日本公開はまだまだ先。
しかし、肝心の日本公開はまだまだ先。それまで「タランティーノ成分が足りない！」と我慢できない方に朗報だ。本日アメリカのwebサイト「FandangoMovies」にて初の予告編がアップされたのだ。
本日アメリカのwebサイト「FandangoMovies」にて初の予告編がアップされたのだ。初めての予告編では、映画のあらすじがザックリとではあるがわかるようになっている。ジャンゴの奴隷時代の大きなアフロヘアーや、腕から隠し銃を出すシーン、大爆破の場面など予告編だけでも見所は満載。さらに、ディカプリオがモジャモジャ髭から歯並びの悪い歯をのぞかせ、不敵に笑う様は必見だ。
さらに、ディカプリオがモジャモジャ髭から歯並びの悪い歯をのぞかせ、不敵に笑う様は必見だ。今回の映像には登場していないが、キャストとしてクレジットされているサミュエル・L・ジャクソンや、サシャ・バロン・コーエンは一体どのような形で登場するのだろうか。次の情報が待たれるところだ。
次の情報が待たれるところだ。『ジャンゴ 繋がれざる者』は2013年3月1日、丸の内ピカデリー他全国公開。・『ジャンゴ 繋がれざる者』 - 公式サイト
【MOVIE ENTER おすすめ記事】・ジャガーとトラが対決！「奇跡体験！アンビリバボー」も驚く、あり得ない体験・『ハリー・ポッター』からの卒業。エマ・ワトソンがセクシーダンスを披露する新作予告が公開・片腕を奪われた少女を五体満足の女優が演じる方法とは・【編集部的映画批評】おぞましい“先生を流産させる”映画の盛況の秘密とは
エマ・ワトソンがセクシーダンスを披露する新作予告が公開・片腕を奪われた少女を五体満足の女優が演じる方法とは・【編集部的映画批評】おぞましい“先生を流産させる”映画の盛況の秘密とは世界各国で話題沸騰！“人類の起源”を解き明かす謎の手がかり ダーウィンは1859年に発表した「種の起原」の中で、全ての生物種は共通の祖先から自然淘汰と突然変異を繰り返しながら進化した存在であると発表。神によって天地万物が創造されたとする創造論に異を唱えながらも、科学と宗教は現代もなお共存を果たしている。
神によって天地万物が創造されたとする創造論に異を唱えながらも、科学と宗教は現代もなお共存を果たしている。しかしながら、人類の起源については未だ明らかにされておらず、謎に包まれたままだ。
しかしながら、人類の起源については未だ明らかにされておらず、謎に包まれたままだ。そして、「我々人類はどこから来たのか？」という究極のテーマ＜人類の起源＞に挑んだ映画が、今夏8月24日より公開される。人類を創ったのは“神”でも“進化論”でも“DNA”でもなく、謎の答えは宇宙の果てに眠っているという大胆な解釈の元、『エイリアン』や『グラディエーター』などで映画史上に幾多の金字塔を打ち建ててきた巨匠リドリー・スコットが満を持して放つ3Dエピック・ミステリー超大作、それが『プロメテウス』だ。
人類を創ったのは“神”でも“進化論”でも“DNA”でもなく、謎の答えは宇宙の果てに眠っているという大胆な解釈の元、『エイリアン』や『グラディエーター』などで映画史上に幾多の金字塔を打ち建ててきた巨匠リドリー・スコットが満を持して放つ3Dエピック・ミステリー超大作、それが『プロメテウス』だ。2089年スコットランドのスカイ島で発見された約3万5000年前の洞窟の壁画。エジプト、マヤ、メソポタミアなど世界各地の古代文明の遺跡からも共通のサインを発見した女性科学者エリザベスは、それを人類創造のルーツに繋がる〈宇宙からの招待状〉と仮説。巨大企業ウェイランド社から1兆ドルもの莫大な資金提供を受け、宇宙船プロメテウス号に乗りはるか彼方の惑星を目指す。2年以上の航海を経てたどり着いた前人未踏の地で、エリザベスら総勢17名の探査チームは、地球上の科学の常識では計り知れない、そして人類史を覆す驚愕の真実を目の当たりにする。
2年以上の航海を経てたどり着いた前人未踏の地で、エリザベスら総勢17名の探査チームは、地球上の科学の常識では計り知れない、そして人類史を覆す驚愕の真実を目の当たりにする。この壮大なミッションのスポンサーであるウェイランド社は、宇宙船プロメテウス号の開発や建造資金に巨費をつぎ込んでおり、すでに死亡した社長ピーター・ウェイランンドは、＜人類の起源＞への純粋な興味がそのモチベーションとされている。世界各国のネットユーザーを中心に話題を集めている「PROJECT PROMETHEUS」という名のサイトでは、このウェイランド社の企業理念、会社概要、沿革、商品紹介、そして劇中で描かれている今回のミッションの目的など事細かに記載されており、多数の特別映像がサイト内で公開されている。それらは本編で使用されないにも関わらず、細部にまで徹底した完成度の高さと、リアリティ溢れる世界観が構築されており、公開を前に早くもファンによる謎解き合戦が繰り広げられているのだ。
それらは本編で使用されないにも関わらず、細部にまで徹底した完成度の高さと、リアリティ溢れる世界観が構築されており、公開を前に早くもファンによる謎解き合戦が繰り広げられているのだ。「QUIET EYE」と題した映像では、本作の主人公である科学者エリザベス・ショウ博士がTV電話に向かって語りかけ、話の内容から推測すると、 科学的見解と異なるであろう事実を検証すべく、宇宙船プロメテウス号への乗船を熱望する自己アピールのようだ。このプロジェクトに対する彼女の強い意志と人類の謎への好奇心が分かる映像となっている。
このプロジェクトに対する彼女の強い意志と人類の謎への好奇心が分かる映像となっている。画面は左右に分割され、画面上で様々なデータ解析が行われていることから、エリザベスの身辺調査をしていると推測される。胸元に見える十字架からキリスト教信者であることが分かるが、彼女の信じる“証拠”とは一体何なのだろうか？
胸元に見える十字架からキリスト教信者であることが分かるが、彼女の信じる“証拠”とは一体何なのだろうか？本予告映像と統合すると、地球外生命体からの招待状が“人類の起源”を解き明かす鍵なのかもしれない。
本予告映像と統合すると、地球外生命体からの招待状が“人類の起源”を解き明かす鍵なのかもしれない。また「PETER WEYLAND 2023 TED TALK」と題した映像では、ウェイランド社の創設者ピーター・ウェイランドが聴衆を前に講演を行う。スピーチは宇宙船の由来でもあるプロメテウスの神話に始まると、この映像が撮影された2023年3月現在では人工知能を造るに至っており、さらに数年で人間と同等の知能ができると述べている。
スピーチは宇宙船の由来でもあるプロメテウスの神話に始まると、この映像が撮影された2023年3月現在では人工知能を造るに至っており、さらに数年で人間と同等の知能ができると述べている。これは、2079年4月8日とタイムコードが示す「QUIET EYE」から56年前の映像となるが、注視すると二つの映像には共通して「WEYLAND CORP」のロゴが映し出されていることに気付く。すでに彼はこの世にいないが、ウェイランド社を代表し神を自負したピーターが、無限の野心の果てに追い求めたものとは一体何だったのだろうか？
すでに彼はこの世にいないが、ウェイランド社を代表し神を自負したピーターが、無限の野心の果てに追い求めたものとは一体何だったのだろうか？「PROJECT PROMETHEUS」ではこれら二つの動画の他にも、様々なコンテンツが公開されており、「映画を観終わったとき、観客はまったく予想もしなかった世界を経験しているはずだ。」と自負する世界最高峰の監督リドリー・スコットのこだわりと、意気込みを感じるはずだ。人類はどこからやってきたのか、そして何のために私たちを生み出されたのか。人類最大の謎“人類の起源”に正面から向き合ったこの究極の問題作の公開前に、これらの映像で謎の答えに思いを巡らせ、更なる発見が得られることだろう。
人類最大の謎“人類の起源”に正面から向き合ったこの究極の問題作の公開前に、これらの映像で謎の答えに思いを巡らせ、更なる発見が得られることだろう。・MOVIE ENTER『プロメテウス』特集 ・PROJECT PROMETHEUS 『プロメテウス』 8月24日（金）TOHOシネマズ 日劇ほか全国拡大ロードショー ＜3D/2D同時上映＞ 20
・MOVIE ENTER『プロメテウス』特集 ・PROJECT PROMETHEUS 『プロメテウス』 8月24日（金）TOHOシネマズ 日劇ほか全国拡大ロードショー ＜3D/2D同時上映＞ 20世紀フォックス映画 配給 (C) 2012 TWENTIETH CENTURY FOX・オフィシャルサイト・ミステリーキャンペーン
トム・クルーズがロックの神様に！ 絶大な人気を誇るミュージカルが映画化 トムがイェーーイ！！ 全米ロック史上最強のミュージカルを映画化した『ロック・オブ・エイジズ』が2012年9月より日本公開されることが決定した。本作は、80年代を代表するロックナンバーで構成されたミュージカルで、2006年にロサンゼルで初上演され、トニー賞に作品賞を含む5部門にノミネート。現在もブロードウェイで公演され絶大な人気を誇っている。また、日本でも今年10月28日から11月6日まで西川貴教、島谷ひとみ主演で上演されたばかりだ。
また、日本でも今年10月28日から11月6日まで西川貴教、島谷ひとみ主演で上演されたばかりだ。本作の舞台となるのは、1980年代にハリウッドでの成功を夢見る若者が集まるストリートのサンセット・ストリップ。女優を目指し、田舎から出てきたシェリーと、ロック・スターを夢見る都会育ちの青年のドリューを中心に、デフ・レパード、ジョーン・ジェット、ジャーニー、フォリナー、ボン・ジョヴィ、ナイト・レンジャー、REOスピードワゴン、パット・ベネター、トゥイステッド・シスター、ポイズン、ホワイトスネイクなどの80年代の胸躍るヒット・ナンバーに乗せて青年の夢とロマンスを描く。
女優を目指し、田舎から出てきたシェリーと、ロック・スターを夢見る都会育ちの青年のドリューを中心に、デフ・レパード、ジョーン・ジェット、ジャーニー、フォリナー、ボン・ジョヴィ、ナイト・レンジャー、REOスピードワゴン、パット・ベネター、トゥイステッド・シスター、ポイズン、ホワイトスネイクなどの80年代の胸躍るヒット・ナンバーに乗せて青年の夢とロマンスを描く。シェリー役に『バーレスク』のジュリアン・ハフ、ドリュー役には、映画初出演となるディエゴ・ボネータが抜擢された。その他、ラッセル・ブランド、ポール・ジアマッティ、キャサリン・ゼタ＝ジョーンズ、マリン・アッカーマンが出演。さらに、R&Bの女王であるメアリー・J・ブライジ、エミー賞に幾度も輝くブライアン・クランストン、アレック・ボールドウィンといった豪華キャストが勢揃いする。
さらに、R&Bの女王であるメアリー・J・ブライジ、エミー賞に幾度も輝くブライアン・クランストン、アレック・ボールドウィンといった豪華キャストが勢揃いする。そして、世界最強のロックの神様、ステイシー・ジャックス役をトム・クルーズが演じる。本作で、初のミュージカル映画に出演するトムは、『トップガン』や『マグノリア』で歌声を披露した経験はあったが、今回、1日5時間、週5日のボーカルトレーニングを受け、撮影に挑んだ。劇中でデフ・パレードの「Pour Some Sugar on Me」など力強い歌唱を披露すると、撮影現場に訪れたデフ・レパードのギタリストのフィル・コリンは「すごいもんだと思ったよ。彼はそれまでボーカル・レッスンも受けたこともなかったって言うんだから。完璧なロック・スターだ！」と大絶賛したそう。その他に、ボン・ジョヴィの「Wanted Dead or Alive」、スコーピオンズの「Rock You Like a Hurricane」など、当時の名曲を披露することになっている。今まで見たことのない、新たなトムの姿が楽しみだ。
今まで見たことのない、新たなトムの姿が楽しみだ。監督は、『ヘアスプレー』のアダム・シャンクマンが務める。また、『ヘアスプレー』や『グリンチ』、『ドリームガールズ』、テレビシリーズ「Glee」などのヒット作を手掛けたスタッフが勢揃いしており、完成度の高い作品となりそうだ。
また、『ヘアスプレー』や『グリンチ』、『ドリームガールズ』、テレビシリーズ「Glee」などのヒット作を手掛けたスタッフが勢揃いしており、完成度の高い作品となりそうだ。映画『ロック・オブ・エイジズ』は、2012年9月より全国ロードショー。
【MOVIE ENTERおすすめ記事】 ・映画『荒川アンダー ザ ブリッジ』より“俺のスターアルバム”発売決定 ・AKB48ドキュメンタリー映画の舞台裏、巨大ポスターが新宿に出現 ・2011年“親子の絆”を感じた映画 ・【2011下半期アワードvol.4】やっぱり、ジェニファー・アニストンはセクシーだった ・“今年の顔”剛力彩芽「きものの魅力をたくさんの方に」
インタビュー：ポール・ハギス監督「自分の価値は、証明し続けなければならない」 ラッセル・クロウ主演の映画『スリーデイズ』が全国公開中だ。クロウ演じる主人公が、殺人罪に問われて投獄された妻を救うため、脱獄を計画——。ごく普通の男が、善悪を超える問題に直面し、窮地に追い込まれるサスペンス大作だ。
ごく普通の男が、善悪を超える問題に直面し、窮地に追い込まれるサスペンス大作だ。メガホンをとったのは、『ミリオンダラー・ベイビー』『クラッシュ』でアカデミー賞作品賞などを受賞したポール・ハギス監督。作品で描きたかった題材は“関係”だというハギス監督が、撮影での苦労話や、リーアム・ニーソンら豪華俳優陣のキャスティング秘話などを明かした。
作品で描きたかった題材は“関係”だというハギス監督が、撮影での苦労話や、リーアム・ニーソンら豪華俳優陣のキャスティング秘話などを明かした。ラッセル・クロウを指導する役を演じられる俳優 ——撮影中で一番苦労されたシーンは？ポール・ハギス監督（以降、ハギス監督）：高速道路のカーチェイスの撮影が大変だった。準備万端で臨んだけど、それでも現場で何度か撮り方を変えた。このシーンは、撮影中、夜中に目が覚めるほど心配だった。というのも、このシーンに真実味がなければ、この映画自体がダメになってしまうと思ったからなんだ。
というのも、このシーンに真実味がなければ、この映画自体がダメになってしまうと思ったからなんだ。・【YouTube】ラッセル・クロウが演じる主人公らのスリリングな逃亡シーン ——ブライアン・デネヒーやリーアム・ニーソンと、映画ファンをニヤリとさせるキャストが出演されてますよね。キャスティングの経緯をお聞かせください。また、彼らとの撮影はいかがでしたか？
また、彼らとの撮影はいかがでしたか？ハギス監督：リーアムとブライアンはどちらも良く知っている友人だけど、依頼をしたら即OKしてくれてすごく嬉しかった。リーアムは他の映画を撮影中だったのに、わずか2日間のオフを利用して、西海岸のバンク−バーから東部のピッツバーグまでわざわざ出演しに飛んで来てくれた。私にとっては贈り物のような嬉しい出来事だったね。何しろ、ラッセル・クロウを指導する役を演じるのだから、それなりの重みや存在感のある俳優が必要だった。その意味では、リーアムほど説得力のある役者はいないからね。彼に出てもらえて本当にありがたかった。ブライアンには正直断られるかと思っていた。というのも、存在感のある役だけれどセリフが8つしかないから（笑）。でも、むしろ彼はそれをチャレンジと感じてくれて、OKしてくれた。オリヴィアも登場するシーンは少ない役だけど、快く参加してくれて記憶に残る演技をしてくれた。
——あなたの作品を心待ちにしているファンにメッセージをお願いします。
——あなたの作品を心待ちにしているファンにメッセージをお願いします。ハギス監督：この『スリーデイズ』という映画を体感して欲しい。オープニングからラストまでナーバスでいて、「自分ならどうするか？」を考えまくって欲しい。そして観終わってからも、友人同士でいろいろと意見を飛ばし合って欲しい。そうして、映画館の外まで映画が続いていくことを、私はとても素敵なことだと思っている。
クリント・イーストウッドのすごさ ——2004年に『クラッシュ』を、2007年に『告発のとき』をそして2010年に本作の監督をと3年スパンで監督作品を公開されていますが、意識的なものなのでしょうか？
クリント・イーストウッドのすごさ ——2004年に『クラッシュ』を、2007年に『告発のとき』をそして2010年に本作の監督をと3年スパンで監督作品を公開されていますが、意識的なものなのでしょうか？ハギス監督：脚本を書いて監督もすると、それ位の時間が掛かるということ。できればもっと早く書きたいけど（笑）。次回作も一年半掛かって脚本がやっと完成して、これから製作費を集めてプロジェクトに入るので、これまでと同じくらい掛かるだろう。でも、インディペンデントの映画製作とはそういうものだと思っているから。クリント・イーストウッドのように、ひとの脚本で監督できる人間がうらやましいよ。まあ、彼の場合は年に2本撮っても最高の作品ができるわけで、私は彼ほど利口でも才能があるわけでもないけどね。
まあ、彼の場合は年に2本撮っても最高の作品ができるわけで、私は彼ほど利口でも才能があるわけでもないけどね。——製作・脚本に関わった『ミリオンダラー・ベイビー』、監督作品の『クラッシュ』とアカデミー賞に連続受賞し、その後もヒット作に関わっています。本作を作る上でプレッシャーは感じましたか？
本作を作る上でプレッシャーは感じましたか？ハギス監督：違う種のプレッシャーを感じています。良いストーリーを見つけ、それを良い形で伝えるためにいかに心を砕けるか、それが私にとって一番のプレッシャーですね。自分としては、「これって難しいな」と思える題材のほうが好きなんです。そのほうが楽しいんだよね。
そのほうが楽しいんだよね。自分自身の価値は、証明し続けなければならない ——アカデミー受賞経験からの影響はありますか？
自分自身の価値は、証明し続けなければならない ——アカデミー受賞経験からの影響はありますか？ハギス監督：アカデミー賞を取れば認知度は上がるので、やりやすくなることはある。でも実際には過去の作品ではなく、もっとも最近の作品の成績や内容が判断の基準にされることが多い。つまり、どんなに賞を取ったって、自分自身の価値や力というものは、証明し続けなければならない。でも、僕はその点は好きだし、それは良いことだとも思う。
でも、僕はその点は好きだし、それは良いことだとも思う。——今後はどのような作品を撮りたいと思いますか？本作を作った上で次の作品のアイデアや制作につながったことはありますか？ハギス監
ハギス監督：今後も自分にとってパーソナルな作品を撮っていきたい。たとえば『硫黄島からの手紙』を書いた時は、戦争というものが頭にあって、自分の中で湧き上がる疑問に答えようとする自分がいてそれで書いていった。『クラッシュ』の場合は自分のL.A.での経験があって、それに自問する形で書いていった。どの作品でも題材は違っていて、『スリーデイズ』では“関係”。夫婦や恋愛あるいはそれ以外の愛情なども含めて、自分自身も良く分かっていないので、それらをもっと知りたいと思って書いている。次の作品もラブストーリーなので、それはまだ続いているけどね。だから、自分の作品への向き合い方というのは、頭の中をグルグル巡っている質問を、娯楽性を持たせながらストーリーとしていかに語ることができるか、ということ。それが自分の映画作りなんだよね。
——子供の頃からは観ていて、影響を受けた作品はありますか？ハギス監督：トリュフォー、ゴダール、デシーカ、フェリーニ、アントニオーニ。あとクロサワも大きかったね。外国映画のほうが影響を与えられているかな。でも、ジョン・フォードやヒッチコックとか、影響を受けているアメリカやイギリスの監督からもいるけどね。
でも、ジョン・フォードやヒッチコックとか、影響を受けているアメリカやイギリスの監督からもいるけどね。「自分の価値は、証明し続けなければならない」。そんな監督の思いが詰まった映画『スリーデイズ』は、全国公開中だ。
そんな監督の思いが詰まった映画『スリーデイズ』は、全国公開中だ。・映画『スリーデイズ』特集・映画『スリーデイズ』公式サイト
悪魔も恐れるあの“燃焼系”ヒーローが還ってきた！ニコラス・ケイジ主演『ゴーストライダー2』公開日&特報予告が解禁
ニコラス・ケイジ主演『ゴーストライダー2』公開日&特報予告が解禁父親を死から救うため悪魔と契約した男、ジョニー・ブレイズ。しかし彼は自らの内に巣食う悪魔＝ゴーストライダーに苦しんでいた。そんな折、彼に依頼が入る。ある“運命を背負った少年”を助ければ、彼が受けた呪いを解くという…
ある“運命を背負った少年”を助ければ、彼が受けた呪いを解くという…地獄の炎に包まれたバイク（ヘルバイク）に乗って、悪魔と戦う異色のダーク・ヒーロー“ゴーストライダー”。マーベル・コミックの人気キャラクターを描いたこの作品は2007年に映画化され熱狂をもって迎えられた。
マーベル・コミックの人気キャラクターを描いたこの作品は2007年に映画化され熱狂をもって迎えられた。そして、同じくマーベルヒーローによるオールスター映画『アベンジャーズ』が最高潮の盛り上がりを見せている中、待望の続編『Ghost Rider： Spirit of Vengeance』の邦題が『ゴーストライダー2』に決定。さらに今回、公開日と特報予告編が解禁となった。
さらに今回、公開日と特報予告編が解禁となった。短い映像の中でも、前作よりも確実にパワーアップしたアクション描写を見て取れるのは、ネヴェルダイン&テイラー監督ならではのもの。ジェイソン・ステイサム主演の過激アクション映画『アドレナリン』シリーズで、一躍ハリウッドの寵児となった、二人の型破りな監督による新たなヒーロー像は期待大。さらに脚本に『ダークナイト』シリーズでいまや売れっ子となった、デヴィッド・S・ゴイヤーが参加するなど、まさにダーク・ヒーロー映画として万全の布陣。主演はもちろん「このキャラクターを愛してやまない」と公言するトップ・スター、ニコラス・ケイジ。
主演はもちろん「このキャラクターを愛してやまない」と公言するトップ・スター、ニコラス・ケイジ。また『プロメテウス』のイギリス人俳優イドリス・エルバや、『ハイランダー/悪魔の戦士』でカルト的な人気を誇るクリストファー・ランバートが出演しているのも気になるところだ。
また『プロメテウス』のイギリス人俳優イドリス・エルバや、『ハイランダー/悪魔の戦士』でカルト的な人気を誇るクリストファー・ランバートが出演しているのも気になるところだ。『ゴーストライダー2』は2013年2月1日（金）より新宿ピカデリー他にて全国ロードショー・『ゴーストライダー2』 - 公式サイト
【MOVIE ENTER おすすめコンテンツ】・「編集部的映画批評」 - 編集部の視点でオススメ映画をピックアップ！・「オトナ女子映画部」 - 恋する“オトナ女子”がいま観ておきたい映画を・「漫画コラム」 - 名作・珍作映画をリスペクトしてマンガで解説・「DVDエンター!」 - 見逃せないこの1本をあなたに！・MOVIE ENTERのTOPへ
・MOVIE ENTERのTOPへおバカすぎるヒロインもご愛嬌！ イケメン部長に癒される映画『ホタルノヒカリ』 この夏おすすめの映画をジャンル別に紹介する「MOVIE ENTER 夏映画2012」特集。編集部一押しの映画のHot! な見どころを徹底解説する。
編集部一押しの映画のHot! な見どころを徹底解説する。今回は、「オトナ女子映画部」のナカムラが、人気ドラマの劇場版として現在大ヒット中の『ホタルノヒカリ』を紹介。この映画は、仕事は出来るが家に変えるとジャージ姿で缶ビールばかり飲んでいる“ヒモノ女”の蛍と、ドラマ最終回で見事ゴールインした、同居人の“ぶちょお”との新婚旅行を描いた作品。お馴染みのドラマキャストに加え、松雪泰子、NEWSの手越祐也が出演。
お馴染みのドラマキャストに加え、松雪泰子、NEWSの手越祐也が出演。『映画ホタルノヒカリ』 2シリーズに渡って放映され、好評を博したTVドラマの映画版。恋愛よりも家でゴロゴロしている方が好きな干物女ことOLの蛍と、上司の高野部長との、その後のロマンスが描かれる。TVシリーズでは無事にゴールインした彼らが、ここではロマンチックな新婚旅行を体験するために悪戦苦闘。ヒロイン綾瀬はるかの、ますます弾けた妙演に注目を！（作品情報詳細へ）
（作品情報詳細へ）Hot! point 1：ハイテンション＆キュートな綾瀬はるかの魅力 ドラマ『ホタルノヒカリ』では、家でダラダラ、ゴロゴロしてばかりいた蛍だが、映画版では終始かなりのハイテンション。原作、ドラマファンからすると「あれ……、蛍ちょっとバカすぎ？」と違和感を持つかもしれないのだが、とにかく綾瀬はるかが可愛く、なぜか許せてしまう。ジャージ姿＆ちょんまげでも可愛い綾瀬はるかは、ウェディングドレス姿でどじょうすくいしていても可愛いのである。綾瀬はるか無双。
綾瀬はるか無双。Hot! point 2：藤木直人演じる“ぶちょお”に萌え死に ドラマ版を観ていると、縁側でのんびりイケメンとビールを飲む。世の中にこれ以上の幸せがあるだろうか、とテレビ相手に噛み付きそうになるのだが、映画でも“ぶちょお”の魅力は炸裂。さすが元祖ビューネくん（懐かしい！）。何年経っても、女性の心を癒しまくる優男・藤木直人は健在なのである。
何年経っても、女性の心を癒しまくる優男・藤木直人は健在なのである。Hot! point 3：細かい所を気にしたら負け。とにかくお気楽に楽しもう！予告編で、松雪泰子演じる“パリのヒモノ女”莉央が「世界をまたにかけてイチャイチャしにきたのか！？」と責められた蛍が「その通りでガ〜ス！」とおちゃらけるシーンがあるが、ハッキリ言ってこの映画はそれ以上でも以下でも無い。映画を通して得るもの、メッセージ性などは無く、とにかく蛍とぶちょおのパワーアップした可愛さとラブラブぶりにズキュンバキュンされたもん勝ちなのである。「あそこのシーンおかしくない？」「これって有り得なくない？」とマジレスするのは禁止。とにかく頭を空っぽにして、お気楽に楽しもう。たまにはそんな映画があっても良いと思うのだ。
たまにはそんな映画があっても良いと思うのだ。ドラマファンであれば、お馴染みのキャストのやりとりをまた観る事が出来る楽しみがあり、ドラマを未見でもハッピーなおバカ映画として楽しめる『映画ホタルノカリ』。女性なら「私もぶちょおみたいな彼氏が欲しい！」と思う事間違い無し。観終わった後に缶ビールが飲みたくなる、夏にピッタリのノーテンキなラブコメだ。
観終わった後に缶ビールが飲みたくなる、夏にピッタリのノーテンキなラブコメだ。オトナ女子映画部のナカムラの評価 作品の Hot! ワード「ぶちょお」 ちょっとやりすぎな蛍のドタバタもご愛嬌。キャスト2人の可愛らしさを堪能して。【Hot! 度】：★★★ 一覧を見る ・『映画ホタルノヒカリ』 - 作品情報 ・「MOVIE ENTER 夏映画2012」特集
【終了しました】新たなヒロインは“美しい”暗殺者、映画『コロンビアーナ』試写会にご招待アクション・ドラマの傑作『レオン』から18年、その遺伝子を受け継ぐ新たなヒロインが誕生！『レオン』のリュック・ベッソン監督が製作と脚本を務めた映画『コロンビアーナ』が9月1日より公開される。本作の主人公は、美しい暗殺者カトレア。彼女が9歳の頃に、目の前でマフィアに両親を殺されたことで、いつかマフィアに復讐することを心に誓う。凄腕の殺し屋として成長したカトレアは、標的を始末する度に現場に、コロンビア国花で自身の名前でもあるカトレアの花を残した。これは、憎き仇をあぶり出すためのアイテムだった。やがて、マフィアが本気でカトレアを追い込もうとした時、予期せぬ事件が相次いで起こる。彼女の人生を賭けた復讐が始まる。主演を務めるのは、『アバター』でブレイクしたゾーイ・サルダナ。完璧に鍛え上げた肢体と、驚異的な身体能力を披露し、美しさと凛々しさを兼ね備えた最強のヒロインを演じている。また、9歳のカトレアを演じるのは、本作が映画デビューとなるアマンドラ・ステンバーグ。彼女は、9月28日より日本公開となる『ハンガー・ゲーム』に出演し、注目を集めている。今回、『レオン』『ニキータ』に次ぐ最強ヒロインが誕生する本作の試写会に5組10名様をご招待。『トランスポーター3 アンリミテッド』などでリュック・ベッソンとタッグを組んだオリヴィエ・メガトンが描く、躍動感と緊迫感に満ちたアクションに注目だ。映画『コロンビアーナ』は、9月1日（土）より新宿バルト9ほか全国ロードショー。
映画『コロンビアーナ』は、9月1日（土）より新宿バルト9ほか全国ロードショー。プレゼント概要 映画『コロンビアーナ』試写会ご招待 日時 8月20日（月）開場18:00／開映18:30 場所 一ツ橋ホール（千代田区一ツ橋2-6-2） 募集人数 5組10名様
プレゼント概要 映画『コロンビアーナ』試写会ご招待 日時 8月20日（月）開場18:00／開映18:30 場所 一ツ橋ホール（千代田区一ツ橋2-6-2） 募集人数 5組10名様【応募期間】 2012年7月6日（金）〜 8月8日（水）午後5時まで※当選者には、ツイッターのDM（ダイレクトメッセージ）でご連絡いたします。
【応募期間】 2012年7月6日（金）〜 8月8日（水）午後5時まで※当選者には、ツイッターのDM（ダイレクトメッセージ）でご連絡いたします。【応募条件】 ・日本に居住されている方（賞品配送先が日本国内の方）。・応募に関する注意事項に同意いただける方。
・応募に関する注意事項に同意いただける方。【注意事項】 ※本キャンペーンに関して、弊社が不適切な行為がされていると判断いたしましたアカウントは、キャンペーン対象外とさせていただきます。※弊社は、応募いただいた方のツイート内容には一切の責任を負いません。※当選発表は、当選者様への当選のご連絡をもってかえさせていただきますので、ご了承ください。※当選通知後、4日間ご連絡がない場合は、当選を無効とさせていただきます。※当選結果に関するお問い合せは受け付けておりませんので、ご了承ください。※当キャンペーンの掲載内容や条件は、予告なく変更する場合がございます。あらかじめご了承ください。※当選の権利の譲渡はできません。※キャンペーン参加にあたっては、必ず弊社個人情報保護方針「プライバシーポリシー」をお読みください。※当選時にご連絡いただく住所、氏名、電話番号は、その確認などの関連情報のご案内のみに使用し、キャンペーン終了後は弊社の定める方法に基づき消去いたします。※インターネット通信料・接続料およびツイートに関しての全ての費用はお客様のご負担になります。※次の場合はいずれのご応募も無効となりますのでご注意ください。・応募時の内容に記載不備がある場合。・お客さまのご住所が不明、または連絡不能などの場合。
※本プレゼントは、終了しました※ 作品情報 ・映画『コロンビアーナ - 公式サイト その他のプレゼント ・映画『ダークナイト ライジング』ジャパンプレミアにご招待 ・映画『空飛ぶペンギン』試写会にご招待 ・デンゼル・ワシントンが世界から狙われる！映画『デンジャラス・ラン』試写会にご招待 ・“最強”のヒーローが日本上陸！『アベンジャーズ』ジャパンプレミアにご招待
【週末映画まとめ読み】『となりのトトロ』の驚きの裏設定を知っていますか？今週一週間に映画界で起こった出来事を紹介する「週末映画まとめ読み」。まずは、MOVIE ENTERで特にアクセス数の高かった映画記事トップ10を振り返ってみましょう！
まずは、MOVIE ENTERで特にアクセス数の高かった映画記事トップ10を振り返ってみましょう！第1位に輝いた記事は、話題の海外ドラマ『コバート・アフェア』の魅力を紹介したもの。全世界累計1,000億円のメガヒット作となった「ボーン」シリーズ3部作を手掛けたダグ・リーマンの製作総指揮により、CIA（アメリカ中央情報局）諜報員として世界中を駆け巡るヒロインの活躍を描いた作品。6カ国語を堪能に話す“美人すぎる”スパイ・アニーが見せるアクションに注目です。
6カ国語を堪能に話す“美人すぎる”スパイ・アニーが見せるアクションに注目です。MOVIE ENTERでは『コバート・アフェア』の特集がオープン！チェックしてみてください。
チェックしてみてください。第2位には、“生きる伝説”リドリー・スコット監督が描いた映画『プロメテウス』に関する記事。「我々人類はどこから来たのか？」という究極のテーマ“人類の起源”に挑んだ本作をリドリー監督はどのように描くのでしょうか。記事内の特別映像は必見です。
第3位は、「ヤングアニマル」「ヤングアニマル嵐」に連載中の、甘詰留太による人気コミックを映画化した『ナナとカオル 第2章』を紹介。青春模様から過激なプレイを盛り込んだ特報映像が公開されたようです。
第4位の記事は、ジブリファンならずとも驚きの内容です。皆さんは御存知でしたか？この記事を読んだ後に『となりのトトロ』を観たら、また違う楽しみ方ができそうです。
この記事を読んだ後に『となりのトトロ』を観たら、また違う楽しみ方ができそうです。第5位は、MOVIE ENTER編集部“カルト映画”のフジモトによる編集部的映画批評。前作から1年、さらに過激な内容になっているそうです。それなりの覚悟をして鑑賞しなくてはいけないとか。想像しただけで鳥肌が立つ本作は、暑い夏にピッタリですね。
想像しただけで鳥肌が立つ本作は、暑い夏にピッタリですね。6位以下は、NAVERまとめ「【週末映画まとめ読み】『となりのトトロ』の驚きの裏設定を知っていますか？」で紹介しています。
」で紹介しています。本日21日から、ディズニー／ピクサーが初めて女性を主人公に描いた『メリダとおそろしの森』、『サマーウォーズ』の細田守監督最新作『おおかみこどもの雨と雪』など話題作が公開されます。『メリダとおそろしの森』では、“戦うヒロイン”メリダの声優をAKB48の大島優子が担当。『おおかみこどもの雨と雪』は、「夏映画特集2012」でも紹介している注目作です。ぜひ、チェックしてみてください！
ぜひ、チェックしてみてください！最後に、映画試写会プレゼントをご紹介。この貴重な機会をお見逃しなく！
この貴重な機会をお見逃しなく！試写会プレゼント ・原作者をも唸らせる仕上がりに期待！『るろうに剣心』舞台挨拶付きプレミア試写会にご招待 ・剛力彩芽が日本語吹き替えを務める映画『プロメテウス』のスペシャルイベントにご招待 ・ハリウッドも注目する“笑って泣ける”話題作『最強のふたり』ジャパンプレミアにご招待 ・デンゼル・ワシントンが世界から狙われる！映画『デンジャラス・ラン』試写会にご招待 ・“最強”のヒーローが日本上陸！『アベンジャーズ』ジャパンプレミアにご招待 ・新たなヒロインは“美しい”暗殺者、映画『コロンビアーナ』試写会にご招待
【週末映画まとめ読み】“クールビューティ”の檀れいにメロメロ ＜9月24日号＞ 今週1週間に起こった出来事を振り返る「週末映画まとめ読み」。9月第3週の映画ランキングは、篠原涼子主演の『アンフェア the answer』が、初登場1位に輝きました。ハリウッド大作の『世界侵略：ロサンゼルス決戦』は2位スタート。3位には、前週1位の『探偵はBARにいる』。4位に『神様のカルテ』が続くなど、邦画の強さが目立つ1週間でした。詳しくはランキングをチェック！それでは、映画ニュースを振り返っていきましょう。
それでは、映画ニュースを振り返っていきましょう。宝塚歌劇団出身の女優2人がそれぞれハリウッド映画のアフレコに挑戦しました。7月に歌手の及川光博と結婚したばかりの壇れいは、『三銃士』のミラ・ジョヴォヴィッチ演じるミステリアスな美しきスパイ「ミレディ」役を熱演。洋画のアフレコ初挑戦ながら、共演の溝端淳平から「クールビューティでした」と絶賛されていました。
洋画のアフレコ初挑戦ながら、共演の溝端淳平から「クールビューティでした」と絶賛されていました。一方、先輩の天海祐希も実写アフレコ初挑戦。『リアル・スティール』の主人公、チャーリーを支えるヒロイン、ベイリー役を演じて、「心情に寄り添うように演じることが難しかった」と感想を語っていました。こちらも“クールビューティ”ですね。
こちらも“クールビューティ”ですね。・溝端淳平もキレイな女性には弱い？ 「檀れいは完璧！」と語る
・天海祐希がハリウッド進出、『リアル・スティール』で実写映画の吹き替え初挑戦
・『ベルセルク』のガッツ、グリフィス、キャスカの主要3キャストがアフレコ会見で勢揃い
百聞は一見にしかず。作品選びをするならば、まずは動画を見てみたい。そんなあなたに、作品動画付き記事をご紹介します。
そんなあなたに、作品動画付き記事をご紹介します。左の画像は、9月23日公開の『スリーデイズ』。ラッセル・クロウ演じる主人公が、無実の罪で逮捕された愛する妻を助けるために脱獄計画を立てるストーリーです。主人公に、脱獄の方法を教えるのが、リーアム・ニーソン演じる7回の脱獄経験を持つ男。今回は、その脱獄術を教えるシーンが公開されています。
右は韓国初の本格3D映画『第7鉱区』。「これまで一度も見たことがないクリーチャーを作る」という目標のもと製作されたそうで、そのクリーチャーが人間に忍び寄る恐怖映像が公開されています。
・実際にあった驚きの脱獄事件！ リーアム・ニーソンが脱獄術を語る
・総制作費6億円！ 韓国初の3D映画『第7鉱区』の予告映像が公開
・世界一有名な探偵が女装？ 『シャーロック・ホームズ シャドウ ゲーム』の予告映像が公開
・動画インタビュー：アンバー・ハード「ホラーファンは世界最高」
・動画インタビュー：アンバー・ハード「ホラーファンは世界最高」ヒーローの姿かたちは作品によって様々。左は、額に十字架のタトゥーを刻み込んだ『プリースト』（9月23日公開）。プリーストとは、修道会によって、ヴァンパイアの脅威に立ち向かうために訓練された特殊部隊のこと。ヴァンパイアたちを、銃ではなく、聖書と祈りで倒していきます。
ヴァンパイアたちを、銃ではなく、聖書と祈りで倒していきます。右は、『キャプテン・アメリカ／ザ・ファースト・アベンジャー』（10月14日公開）から。キャプテン・アメリカのド派手なコスチュームには、意外なワケがありました。詳しくは、下記の記事をクリック。
詳しくは、下記の記事をクリック。・顔に十字架の刺青をもつ、人類史上最強の聖職者・スーパーヒーローが派手なコスチュームを着用する意外な理由・
・顔に十字架の刺青をもつ、人類史上最強の聖職者・スーパーヒーローが派手なコスチュームを着用する意外な理由・【DVDエンター！】神によって定められた“運命”に抗う恋人たち・
【オトナ女子映画部】男性版“セックス・アンド・ザ・シティ”で恋愛温度を上げる『モテキ』
【オトナ女子映画部】男性版“セックス・アンド・ザ・シティ”で恋愛温度を上げる『モテキ』23日からは、森山未來が、長澤まさみ、麻生久美子、仲里依紗、真木よう子からモテまくる『モテキ』、鈴木京香が長谷川博己と不倫劇を演じる『セカンドバージン』など、話題の恋愛映画が続々登場。MOVIE ENTER!内「オトナ女子映画部」でも「オトナの恋愛映画特集」で、その魅力を紹介しています。ぜひチェックしてみてください。
ぜひチェックしてみてください。来週のランキングも楽しみですな。それでは、また！
特集レコメンド ・『スリーデイズ』特集 - 逃げ切れるのか。
特集レコメンド ・『スリーデイズ』特集 - 逃げ切れるのか。・『プリースト』特集 - 人類史上最強、究極のヴァンパイア・ハンター解禁！
・秋の夜長を楽しむ - オトナの恋愛映画特集
・『探偵はBARにいる』特集 - 大泉洋と松田龍平の最強コンビ
・『アジャストメント』ブルーレイ＆DVD特集
日別映画ニュースまとめ 17日（土） 18日（日） 19日（月） 20日（火） 21日（水） 22日（木） 23日（金） 週末映画まとめ読み - バックナンバー
日別映画ニュースまとめ 17日（土） 18日（日） 19日（月） 20日（火） 21日（水） 22日（木） 23日（金） 週末映画まとめ読み - バックナンバースピルバーグ監督最新作『戦火の馬』ワールドプレミアで日本へエール 現地時間4日、ニューヨークでスティーブン・スピルバーグ監督最新作『戦火の馬』（2012年3月2日日本公開）のワールドプレミアが行われた。本作は、早くも来年のアカデミー賞最有力候補として大きな注目を集めている。
本作は、早くも来年のアカデミー賞最有力候補として大きな注目を集めている。本作の主人公は、少年・アルバートとその愛馬・ジョーイ。ある日、ジョーイが軍馬として騎馬隊に売られ、フランスの戦地へ送られてしまう。アルバートは、徴兵年齢に満たない若さにも関わらず、ジョーイと再会するために激戦下のフランスへと旅立つ。果たして、アルバートは無事にジョーイと再会することが出来るのだろうか。
ワールドプレミアの会場となったのは、リンカーン・センター内のエイブリー・フィッシャー・ホール。ニューヨーク・フィルの本拠地であり、歴史のあるオペラハウスで2000人以上を収容することが出来る。レッド・カーペットの本場であるアメリカでも珍しく、全長200m、幅5mの長大で全天候型の屋根付きレッドカーペットを、35台のテレビカメラ、全世界から集まった300人以上のマスコミが取り囲んだ。さらに、寒波にも関わらず1000人以上の観客も集まり、本作への注目度の高さが分かる。
さらに、寒波にも関わらず1000人以上の観客も集まり、本作への注目度の高さが分かる。本作で、2度目のアカデミー作品賞、3度目の監督賞の最有力候補と言われているスピルバーグは、今の日本に対し「どんな状況に置かれていようと、それを信じて見つけようとする心さえあれば、希望は必ず見つかるもの。行く先に希望が待っていると信じて、頑張ってください」とエールを送った。
行く先に希望が待っていると信じて、頑張ってください」とエールを送った。また、全世界に愛読者を持ち、文学への貢献により大英帝国勲章も受けている原作者のマイケル・モーパーゴは、「厳しい体験を耐えた後に訪れる希望をテーマにしたこの物語は、様々な愛を描いた作品でもあります。少年と馬がお互いへの愛情を支えに過酷な境遇を生き抜く姿にはきっと共感してもらえると思います」とコメントした。
少年と馬がお互いへの愛情を支えに過酷な境遇を生き抜く姿にはきっと共感してもらえると思います」とコメントした。本作が映画初出演で、主役級の大役を射止めたジェレミー・アーヴァインは、次世代のスター候補と注目されており、これからが楽しみな俳優の一人。「すごく緊張してる！2年間の努力がようやく形になって、ワクワクしている。出演が決まった時は19歳だった僕が、今では21歳。すごく実のある2年間だった」と初めてのレッド・カーペットに興奮している様子だった。
すごく実のある2年間だった」と初めてのレッド・カーペットに興奮している様子だった。本作で英国陸軍の大尉を演じ、その端正なルックスと抜群の演技力で知られるトム・ヒドルストンも「スピルバーグ監督は僕の子供のころからのアイドルだった。その監督の映画で、しかも感動的なストーリーと息を呑むような美しい映像で綴るこの素晴らしい映画に出演できて、本当に嬉しく思っている」と喜びを語った。
その監督の映画で、しかも感動的なストーリーと息を呑むような美しい映像で綴るこの素晴らしい映画に出演できて、本当に嬉しく思っている」と喜びを語った。当日は、本作のメインキャストやスタッフをはじめとした内外の多彩なゲストが登場し、12月25日の全米公開に向けて大きな盛り上がりを見せた。
当日は、本作のメインキャストやスタッフをはじめとした内外の多彩なゲストが登場し、12月25日の全米公開に向けて大きな盛り上がりを見せた。果たして、本作でアカデミー賞を受賞することは出来るのだろうか。日本では、2012年3月2日（金）より、全国ロードショー。・映画『戦火の馬』 - 公式サイト 【関連記事】 ・【動画あり】スピルバーグ監督の最新作『戦火の馬』の特報が公開 【MOVIE ENTER おすすめ記事】 ・インタビュー：木下優樹菜「“本当の強さ”とは、ブレない何かを貫き通している人」・KARA・ニコルが映画初出演、メイキング＆コメントを公開 ・【2011下半期アワードvol.1】ツッコミを入れずにいられない、Perfume大抜擢の映画 ・【DVDエンター！】アメリカ政府が極秘に輸送した“誰にも話してはいけない秘密”
映画監督、スポーツ選手ら各界の著名人が『ダークナイト ライジング』を大絶賛 世界的な社会現象を巻き起こし、伝説的作品にまで昇華した『ダークナイト』の続編『ダークナイト ライジング』（7月28日公開）のキャラクター最新ビジュアルが公開された。
映画監督、スポーツ選手ら各界の著名人が『ダークナイト ライジング』を大絶賛 世界的な社会現象を巻き起こし、伝説的作品にまで昇華した『ダークナイト』の続編『ダークナイト ライジング』（7月28日公開）のキャラクター最新ビジュアルが公開された。本作の主人公は、昼間は大企業のトップを務め、夜はランボルギーニでパーティに繰り出し、美女たちと派手に騒ぎ、文句を言うホテルはその場で買ってしまう男、ブルース・ウェイン。だが、夜も深まる頃、幼い頃に恐れたコウモリをモチーフとした、犯罪者たちを恐怖で打ちのめす闇の騎士ダークナイト・バットマンとなる。
だが、夜も深まる頃、幼い頃に恐れたコウモリをモチーフとした、犯罪者たちを恐怖で打ちのめす闇の騎士ダークナイト・バットマンとなる。前作では、映画史上最凶の敵ジョーカーが登場。バットマンとジョーカーの対決は、伝説のとどめとなるはずだった。しかし、本作では、ジョーカーを遥かに凌駕する敵ベインが現れ、前作を超える最後の戦いが始まる。
しかし、本作では、ジョーカーを遥かに凌駕する敵ベインが現れ、前作を超える最後の戦いが始まる。日本スペシャルコンテンツ“JOIN THE LEGENDS”では、いとうせいこうやスガシカオ、北海道日本ハムファイターズの中田翔、三池崇史監督といった業界の枠を越えた各界の著名人が本作を絶賛するコメントを読むことができる。また、トップページに“伝説の終わり”に関するつぶやきをしたTwitterアカウントのユーザーを集めて表示されている。
また、トップページに“伝説の終わり”に関するつぶやきをしたTwitterアカウントのユーザーを集めて表示されている。また、サイトでは、前売券につく特典“ダークナイト ライジング プレミアム レーザー（IDコードつき）”で、非売品限定ポスターなどが当たるキャンペーンを実施。中でも、クリストファー・ノーラン監督、アン・ハサウェイ、ジョゼフ・ゴードン＝レヴィットの出席が決定しているジャパンプレミア（7月25日開催）に参加できるチャンスは見逃せない。
中でも、クリストファー・ノーラン監督、アン・ハサウェイ、ジョゼフ・ゴードン＝レヴィットの出席が決定しているジャパンプレミア（7月25日開催）に参加できるチャンスは見逃せない。今回、公開された最新ビジュアルは、ダークナイト、キャットウーマン、ベインの主要3人。“THE LEGEND ENDS”というキャッチコピーとともに、これから始まる壮絶な戦いで伝説が終わることを予感させる仕上がりになっている。
“THE LEGEND ENDS”というキャッチコピーとともに、これから始まる壮絶な戦いで伝説が終わることを予感させる仕上がりになっている。ノーラン監督は、ダークナイト伝説の完結をどう描くのか。誰も踏み込んだことのない一線を超えたアクション・エンターテイメントがついにベールを脱ぐ。
誰も踏み込んだことのない一線を超えたアクション・エンターテイメントがついにベールを脱ぐ。映画『ダークナイト ライジング』は、7月27日より先行上映。・JOIN THE LEGENDS・映画『ダークナイト ライジング』 - 公式サイト・映画『ダークナイト ライジング』 - 公式ファンページ
・JOIN THE LEGENDS・映画『ダークナイト ライジング』 - 公式サイト・映画『ダークナイト ライジング』 - 公式ファンページ【関連記事】 ・“美しすぎる”キャットウーマンが日本へやって来る ・構想2年、機能性バツグンの“バットマン”メガネが登場 ・海外で話題騒然！『ダークナイト』最新作の予告映像がスゴイ ・アン・ハサウェイが完璧なボディ披露！ “美しすぎる”キャットウーマンの新ビジュアル公開 ・ファン必見！ 『ダークナイト ライジング』の特典グッズ付き前売り券がスゴイ ・前作を凌ぐ勢い！ バットマンの最後の敵・ベインの最新ビジュアル公開
バットマンの最後の敵・ベインの最新ビジュアル公開・MOVIE ENTERのTOPへ
・MOVIE ENTERのTOPへ“家族愛”の優しい雨が降り注ぐ『おおかみこどもの雨と雪』 この夏おすすめの映画をジャンル別に紹介する「MOVIE ENTER 夏映画2012」特集。編集部一押しの映画のHot! な見どころを徹底解説します。今回は、ドラマのサイトーが、アニメ編として『おおかみこどもの雨と雪』（7月21日公開）をご紹介。『時をかける少女』『サマーウォーズ』と一作ごとに鮮烈な印象を与えてきた細田守監督の最新作が、この夏が再びやってきます！今作は「親子」「母と子」がテーマです。
今作は「親子」「母と子」がテーマです。筆者は、30代後半のサラリーマン。高校卒業と同時に福島から上京し、いまは都内で妻と二人暮しをしています。アニメは、とっくの昔に卒業していたつもりだった中年ですが、この作品には、すっかり心を奪われてしまいました。
アニメは、とっくの昔に卒業していたつもりだった中年ですが、この作品には、すっかり心を奪われてしまいました。『おおかみこどもの雨と雪』 大学生の花（はな）は、“おおかみおとこ”に恋をします。ほどなく、二人は愛しあい、二つの新しい命を授かります。雪の日に生まれた姉の雪（ゆき）、雨の日に生まれた弟の雨（あめ）は、人間とおおかみのふたつの顔を持つ「おおかみこども」として生を受けます。雪と雨が「おおかみこども」であることを隠すため、家族4人は、都会の片隅でひっそりと暮らしていました。つつましくも幸せな日々が、“おおかみおとこ”の死によって突然奪われてしまいます。花は、幼い二人の子供と幸せに生きるため、豊かな自然に囲まれた田舎町に移り住むことを決意します——。（作品情報詳細へ）
（作品情報詳細へ）Hot! point 1：おおかみおとこって大変そう マイケル・ジャクソンの「スリラー」に登場する狼男は、満月の夜に恐ろしい狼の姿に変身して人間を襲いますが、この物語の“おおかみおとこ”は、自由に狼の姿に変身することができ、人間を襲うことはありません。狼と人間のハーフとして、誰にも言えない秘密を抱えながら、日陰の存在として生きてきました。優しくて、とても純粋な性格の持ち主です。そんな彼に、女子大生の花（はな）が恋をします。この出会いのシーンが、後に展開されるドラマを想像させ、涙腺を崩壊へと導きます。やがて、家庭を持ち、子供を授かる二人。子供たちも狼の姿に変身できる“おおかみこども”で、楽しくも大変な子育てが始まります。
子供たちも狼の姿に変身できる“おおかみこども”で、楽しくも大変な子育てが始まります。Hot! point 2：リアルの中にあるファンタジー ワイルドな“おおかみこども”を育てるため、家族は都会から田舎に移り住みます。それぞれのシーンが、どこかで見たような風景（筆者の場合、東京や福島）なので、アニメなのにも関わらず、物語がとてもリアルに感じられ、自然と感情移入ができました。都会にある大学の校舎や大通りの看板、バイト先の風景、田舎の山、川、畑など、細部がリアルに描かれているからこそ、“おおかみおとこ”というファンタジーが、現実のものとして想像でき、その苦悩に共感できるのかも知れません。自然の厳しさ、人の温かさを改めて実感させられます。
自然の厳しさ、人の温かさを改めて実感させられます。Hot! point 3：母と子のストーリー 母親になった花は、一人で二人のおおかみこどもを育てることになります。どこか頼りない学生だった花が、子供を守るため、必死で働き、家事をこなす姿は、自分の親の姿を思い起こさせ、再び涙腺を崩壊させます。やがて、こどもは、自分の進むべき道を見出すようになり、次の世界への扉を開いていきます。母親は、それが自分が想像していた道と違っていても、結局、応援するしかないんだよな、と、再び自分を重ね合わせて、胸が熱くなりました。母と子のストーリーが、じんわりと感動を呼び起こします。
母と子のストーリーが、じんわりと感動を呼び起こします。関東では、ようやく梅雨が明けましたが、『おおかみこどもの雨と雪』のスクリーンでは、“家族愛”の優しい雨がずーっと降り続く模様です。最近、感動していないって方は、ぜひ、ハンカチを用意して、劇場に足を運んでみてください。帰り道には、素敵な虹が見えるかも知れませんよ。
帰り道には、素敵な虹が見えるかも知れませんよ。2012年7月21日（土）全国東宝系ロードショー。
2012年7月21日（土）全国東宝系ロードショー。ドラマのサイトーの評価 作品の Hot! ワード「おおかみおとこ」 優しさの雨が降り注ぐ。
ドラマのサイトーの評価 作品の Hot! ワード「おおかみおとこ」 優しさの雨が降り注ぐ。「家族」のありがたさを改めて実感できる作品です。【Hot! 度】：★★★★★
一覧を見る ・『おおかみこどもの雨と雪』 - 作品情報 ・「MOVIE ENTER 夏映画2012」特集
【編集部的映画批評】映画『るろうに剣心』は原作ファンに斬られるのか？ついに劇場公開が始まった映画『るろうに剣心』。公開前からキャスティングや内容などについて原作ファンが注目。様々な議論を呼んでいた。ドラマ「龍馬伝」の大友啓史が監督を務めたのだが、その手腕はどうだったのだろうか。そして、佐藤健をはじめとしたキャスト陣の演技はいかに——。
そして、佐藤健をはじめとしたキャスト陣の演技はいかに——。『るろうに剣心』 明治10年。東京で“人斬り抜刀斉“を自称する男が世間を震撼させていた。神谷薫は、無謀にも単身その男に挑もうとし、見知らぬ男に助けられる。そう、その男こそが、幕末最強の剣客であり、修羅とまで恐れらた本物の“人斬り抜刀斉“こと、緋村剣心だった——。（作品情報へ）
（作品情報へ）香川照之が原作を超えた！まず、アクションがすさまじい。ワイヤーアクションを使って、剣心が滑るように走る、そして跳ぶ。それは、本当に原作の電光石火な戦いぶりを再現できていると思った。見ごたえは十分だ。そして、全体的なキャストの雰囲気と原作のイメージだが、著しく崩れているということはなかったと思う。ややアレンジがあるが、佐藤健の剣心も違和感がないし、武井咲の神谷薫もかわいらしくて見惚れてしまった。キャスティングを知った時に、蒼井優の高荷恵はイメージが違うと思ったが、まあ大きくかけ離れているわけでもなかった（ややクールな恵のキャラクターに似合わない狼狽する様子があったが、まあ、そこは目をつぶろう）。
キャスティングを知った時に、蒼井優の高荷恵はイメージが違うと思ったが、まあ大きくかけ離れているわけでもなかった（ややクールな恵のキャラクターに似合わない狼狽する様子があったが、まあ、そこは目をつぶろう）。そして、一番、驚愕だったのが、香川照之の武田観柳だ。観柳は、アヘンで日本支配を目論む悪人。気に入らなければ部下でも容赦なく殺すし、甘い汁を吸うためには他人の苦しみなどお構いない。狡猾で残虐な男だ。この観柳を演じた香川は、さすが大御所と言ったところか。観柳の常軌を逸した行動や、内にあるドス黒さなどが本当に良く表現された演技をしていた。また、悪のボスとしての威厳を表現しながらも、ラストの方で露見する“小悪党”っぷもうまく出しているところもさすがだと思った。この観柳は「原作を超えた！」と思った。
」と思った。もっと斉藤一に活躍してほしかった全体的に良い出来ではあると思ったが、原作ファンとして不満なところもないと言えば嘘である。かなり個人的なことではあるが、斉藤一の活躍どころがあまりないのが残念。江口洋介の斉藤一のイメージ自体は良かった。だが、「悪即斬」「阿呆が」がないのが少し残念だった。まあ、いろいろ殺傷事件など物騒なことが多いから「悪即斬」を控えたのかも知れない（原作で十本刀の“盲剣”の宇水との戦いは本当に惨殺な感じだしね）。また、観柳の屋敷での戦いでも、一対一の戦いで余裕を見せながら「牙突」で敵を打ち砕くところが見たかった。どんな状況でも圧倒的な強さでクールに敵を倒す、それが斉藤一の魅力だ。
どんな状況でも圧倒的な強さでクールに敵を倒す、それが斉藤一の魅力だ。あと細かいところででの不満は、左之助の斬馬刀がちょっとペラペラ感が出てしまったところか（本当に細かい）。
あと細かいところででの不満は、左之助の斬馬刀がちょっとペラペラ感が出てしまったところか（本当に細かい）。京都編が見たい今回は、武田観柳、鵜堂刃衛の話をまとめた原作で言う「東京編」だ。だが、ファンが一番観たいのは、志々雄一派との戦い「京都編」だろう。悪として一本の筋が通っていて、部下たちからの信頼も厚い志々雄真実は、敵ながら大きな魅力を持っている。それに、一派には、深い悲しみを持つ“明王”の安慈や絶対的に志々雄に忠誠を誓う“百識”の方治など魅力的なキャラクターがたくさんいる。今回の映画で、「人誅編」での戌亥番神などがアレンジで出てきたが、「京都編」のキャラクターは登場していない。これは続編で「京都編」が描かれることの期待が高まる。
これは続編で「京都編」が描かれることの期待が高まる。原作の「るろうに剣心」は、少年ジャンプで連載していたにも関わらず、女性ファンも多い。男性が大好きなアクション映画でありながら、デートにも使える。週末に出かけるところが決まっていないカップルはぜひとも劇場に足を運んでほしい。勿論、男同士で楽しむのも良い。
勿論、男同士で楽しむのも良い。ヒーロー妄想のカンタの所見評価原作忠実度：★★★ アクション度：★★★★ 次回にも期待度：★★★★★
一覧を見る ・『るろうに剣心』 - 作品情報 NHK大河ドラマ 龍馬伝 完全版 Blu-ray BOX—1(season1) [Blu-ray]posted with amazlet at 12.08.25アミューズソフトエンタテインメント (2010-09-22) 売り上げランキング: 5288 Amazon.co.jp で詳細を見る
【MOVIE ENTER 特別連載】 ・編集部的映画批評 - 編集部がオススメ映画をピックアップ ・オトナ女子映画部 - 恋する女子が観ておきたい ・漫画コラム - いちおう妖ヶ劇場
【MOVIE ENTER 特別連載】 ・編集部的映画批評 - 編集部がオススメ映画をピックアップ ・オトナ女子映画部 - 恋する女子が観ておきたい ・漫画コラム - いちおう妖ヶ劇場最強映画『アベンジャーズ』が『ダークナイト』『ハリポタ』越え 4月25日より世界各国で公開され、5月4日より公開となった全米では3週連続1位を獲得した今世紀最大の映画プロジェクト『アベンジャーズ』。5週目に入ってもその勢いは留まる所を知らず、全米では36部門（『アバター』は12部門、『タイタニック』は16部門、『ダークナイト』は4部門、単年度記録は除く）の興行記録を保持し、興行収入は『ダークナイト』（※5億3,334万ドル）を上回る歴代3位となる5億5,270万ドルを記録した。更に、全世界の興行収入では、6月3日までの集計で13億5,520万ドルとなり、こちらも『ハリー・ポッターと死の秘宝 PART2』（※13億2，810万ドル）を上回る歴代3位を記録。歴代1位の『アバター』（※27億8,230万ドル）、2位の『タイタニック』（※21億7,570万ドル）の記録を抜けるかに注目が集まっている。待望の日本公開は、年間で最も人々が劇場に足を向ける8月に控えており、大トリを務める日本でのヒットが期待される（数字はBOX OFFICE MOJO調べ）。
待望の日本公開は、年間で最も人々が劇場に足を向ける8月に控えており、大トリを務める日本でのヒットが期待される（数字はBOX OFFICE MOJO調べ）。全米歴代興行収入ランキング 5/28 1位 アバター 7億6,050万ドル2位 タイタニック 6憶5,854万ドル3位 アベンジャーズ 5億5,270万ドル4位 ダークナイト 5億3,334万ドル5位 Star Wars エピソード I/ファントム・メナス 4億7,454万ドル
全米歴代興行収入ランキング 5/28 1位 アバター 7億6,050万ドル2位 タイタニック 6憶5,854万ドル3位 アベンジャーズ 5億5,270万ドル4位 ダークナイト 5億3,334万ドル5位 Star Wars エピソード I/ファントム・メナス 4億7,454万ドル全世界歴代興行収入ランキング 5/28 1位 アバター 27億8,230万ドル2位 タイタニック 21憶8,520万ドル3位 アベンジャーズ 13億5,520万ドル4位 ハリー・ポッターと死の秘宝PART2 13億2,810万ドル5位 トランスフォーマー／ダークサイドムーン 11億2,370万ドル
全世界歴代興行収入ランキング 5/28 1位 アバター 27億8,230万ドル2位 タイタニック 21憶8,520万ドル3位 アベンジャーズ 13億5,520万ドル4位 ハリー・ポッターと死の秘宝PART2 13億2,810万ドル5位 トランスフォーマー／ダークサイドムーン 11億2,370万ドル・映画『キャプテン・アメリカ ザ・ファースト・アベンジャー』特集・アベンジャーズ - 公式サイト
・映画『キャプテン・アメリカ ザ・ファースト・アベンジャー』特集・アベンジャーズ - 公式サイト■関連記事・竹中直人が絶賛「スカーレット・ヨハンソンの美しさを見ながら、米倉涼子の声を楽しめる」・『アベンジャーズ』が3週連続1位、ディズニー史上最高記録を達成・『アバター』を抜くか？ “最強”ヒーローが勢揃いの日本版オリジナルポスター公開・最強映画『アベンジャーズ』、歴代最速で『アバター』『ハリポタ』越え・世界はヒーローを待っている！ 『アベンジャーズ』が、『ハリポタ』の記録を抜き快進撃
インタビュー：横山智佐子「監督が旦那さんなら編集者は奥さん」 『エイリアン』『グラディエーター』など映画史上において幾多の金字塔を打ち建ててきた、生きる伝説リドリー・スコット監督の最新作『プロメテウス』が8月24日（金）より公開される。本作は、リドリー監督自らのアイディアを基に、人類史上最も深遠にして根源的なテーマ“人類の起源”に挑んだ、究極の3Dエピック・ミステリー超大作だ。今回、リドリー監督を始め、多くの名監督の作品に参加し、日本人のハリウッド映画編集者として第一線で活躍をしている横山智佐子さんに本作の見どころや、日本とハリウッドの映画の違いについて語ってもらった。
今回、リドリー監督を始め、多くの名監督の作品に参加し、日本人のハリウッド映画編集者として第一線で活躍をしている横山智佐子さんに本作の見どころや、日本とハリウッドの映画の違いについて語ってもらった。横山さんは、『プロメテウス』の制作には参加していないものの、本作でリドリー監督とタッグを組むピエトロ・スカリアとのコンビで有名。制作サイドから観ると、本作は一体どのような作品に見えるのか。また、本格的な映画学校を開校した横山さんが指導者の目線から、ハリウッドで成功する方法を教えてくれた。
また、本格的な映画学校を開校した横山さんが指導者の目線から、ハリウッドで成功する方法を教えてくれた。——本作をご覧になった感想を教えて下さい。
——本作をご覧になった感想を教えて下さい。横山智佐子（以下、横山）：ビジュアルがやはり素晴らしいです。近年のテクニカルな進歩といいますか、CGの世界もここまできたか、という感じですね。
近年のテクニカルな進歩といいますか、CGの世界もここまできたか、という感じですね。——VFXのディレクターを他の作品でもやられていますが、「ここまできたか」という差はどういうところで感じましたか？
——VFXのディレクターを他の作品でもやられていますが、「ここまできたか」という差はどういうところで感じましたか？横山：やはりスケールの大きさといいますか、あとはリアリティですよね。最近のものは、どこまでが撮影の部分で、どの辺からCGが入ってきているのか区別がつかなくなっていますよね。
最近のものは、どこまでが撮影の部分で、どの辺からCGが入ってきているのか区別がつかなくなっていますよね。——他にも本作の中で気になった点はありますか？
——他にも本作の中で気になった点はありますか？横山：やはり、各キャラクターの面白さじゃないかな。CGももちろんすごいけど、登場人物の面白さがないと映画というのは成り立たない部分があるので。ミステリアスな部分があって、アンドロイドが非常に気に入りました。
——現在、ハリウッドでご活躍されていますが、今の若者たちがハリウッドデビューするためには、まず何を始めるべきだと思いますか？
——現在、ハリウッドでご活躍されていますが、今の若者たちがハリウッドデビューするためには、まず何を始めるべきだと思いますか？横山：まずは、向こうへ行ってみなくちゃダメです。ハリウッドでどういう風に映画が作られているのか知らない日本の方が多いんですよね。日本の業界の方や日本の学校でもあまり知られていない。日本と全然やり方が違うんです。ハリウッドの方が絶対に良いという訳ではないけど、どちらの良いところも悪いところも見ながら、今後の若い方に「自分なりの良いものがどういう風にしたら作れるのか」ということを知って欲しい。日本の中だけにいたら世界は見れないですよね。
日本の中だけにいたら世界は見れないですよね。——具体的にハリウッドと日本では、どんな部分が違いますか？
——具体的にハリウッドと日本では、どんな部分が違いますか？横山：日本は、監督が好きなように映画を作れるので“監督天国”と言われています。でも、向こうはそうじゃなくて、プロデューサー全員のOKが出ないと映画が終わりにならない。さらに、映画を完成させる前に観客にも見せるんです。200名なりの観客に見せて、その人たちからスコアを取って、それが良くならなければ映画の制作が終わりにならない。そこで編集を重ねていくんです。
そこで編集を重ねていくんです。編集って非常に重要な部分で、日本では撮影が終了してあがってきたものをつなぐだけというイメージしかないと思うんですけど、ハリウッドでは撮影と編集が同時に行われます。編集に5カ月、8カ月、ひどい時には1年、1年半も時間を費やしているんです。その間に、長いものがどんどん短くなっていったり、シーンを落とされたり、シーンを入れ替えるとか。さらに、編集の中で「ここ足りないんじゃない？」というところを撮り直したり、ボイスオーバー（画面に現れない話者の声を用いる表現方法）もそうですね。編集が非常に重要なキーポジションなんです。
編集が非常に重要なキーポジションなんです。——映画の編集の仕事とはどんなものですか？
——映画の編集の仕事とはどんなものですか？横山：映像を切ってつなげるのはごくごく基本的なこと。1番大事なところは、つながってからなんです。2時間、2時間半の作品を作るところで、どうやればうまくストーリーテリングするのか。
2時間、2時間半の作品を作るところで、どうやればうまくストーリーテリングするのか。これが面白い映画の一番良いところは、何かを見つけて、そこをどういう風にお客さんにアピールできるか。これが編集ですね。
これが編集ですね。——やりがいを感じるのはどんな時ですか？
——やりがいを感じるのはどんな時ですか？横山：やはりオーディエンスからのリアクションがきてからですよね。『グッド・ウィル・ハンティング』では、オーディエンスに見せる前に何度もやり直したんですよ。だから、やり手としては麻痺しちゃって、良いとか悪いとか分からなくなってしまっていたんですよ。でも、オーディエンスに見せたら、横で泣いているんですよ。それを見て「あ、これってひょっとして良い映画なのかな」と、そこで初めて思ったんですね。そういうところで、“編集ですごいことができるんだ”ってやりがいを感じました。
そういうところで、“編集ですごいことができるんだ”ってやりがいを感じました。——横山さんが一緒に仕事をしてきたピエトロ・スカイヤ
——横山さんが一緒に仕事をしてきたピエトロ・スカイヤは、リドリー監督とずっと組んできていますよね。監督と編集者はそういう風に同じ人と組んでやることが多いのですか？横山：ありますね。編集者って奥さんみたいなものなんですよ。監督が旦那さんなら編集者は奥さん。もちろん、監督に悪いところはガンガン言いますが、あくまでも監督を立てる形で進んでいきますね。編集者によっては、プロデューサー側についちゃったりもするんですけど、彼は、絶対に監督の横に立つ。監督が間違ったことをしても監督を支持していくというスタンスの人。非常に才能もある方なので、監督も気に入ったんだと思います。リドリー監督ってどちらかというと、非常にビジュアル感覚はある人なんですけど、ストーリーテリングの弱い部分があったりもするので、彼がそこをうまくサポートしていますね。
リドリー監督ってどちらかというと、非常にビジュアル感覚はある人なんですけど、ストーリーテリングの弱い部分があったりもするので、彼がそこをうまくサポートしていますね。——『アメリカン・ギャングスター』『ハンニバル』など、リドリー・スコット監督の作品の編集を何回も経験されてきていますが、監督はどういう人物ですか？横山：アメリカ人独特の“トゥー”フレンドリーなところがなくて、イギリスの方だな、という感じですね。フレンドリー過ぎない。あまりニコニコ笑ったりしない方ですね。
あまりニコニコ笑ったりしない方ですね。——作品の印象からすると、とても気難しくて、なかなか声を掛けられない人なんではというイメージがありますが？横山：そういう雰囲気は持ってますね。特に、サーの称号を持っている方なので、簡単に「はい、リドリー！」とか言えないですよね。でも、みんな編集室では「リドリー！」と呼んでいますね。1回お話してみると、そんなに気難しい方でもないですし、ご本人は気にされていないと思います。でも、ピエトロとはよくやり合っていますね。あーでもないこーでもないとケンカしています。12
“崖っぷちの男”の本当の目的 自殺か？狂言か？──パニックとなった群衆が路上で見守る中、高層ホテルから飛び降りようとする一人の男。一体、彼の身に何が起こったのか？もし落ちたら…。
もし落ちたら…。地上60メートル、幅35センチの“崖っぷち”に張りつめる、前代未聞のノンストップ・アクション・サスペンス『崖っぷちの男』から、7月7日の劇場公開を前に予告編とポスター画像が解禁された。
地上60メートル、幅35センチの“崖っぷち”に張りつめる、前代未聞のノンストップ・アクション・サスペンス『崖っぷちの男』から、7月7日の劇場公開を前に予告編とポスター画像が解禁された。奇想天外の発想から生まれた本作は、裏切りと陰謀と駆け引きが渦巻き、見る者の予想を覆しながらテンションMAXのラストに向かって加速。予告編では、本作の見どころである強烈なスリルとサスペンスが張りつめたストーリー展開、そして実際のホテル壁面のロケーションによる手に汗握る臨場感と墜落の恐怖を体感させる、迫真のリアリズム演出を披露している。
予告編では、本作の見どころである強烈なスリルとサスペンスが張りつめたストーリー展開、そして実際のホテル壁面のロケーションによる手に汗握る臨場感と墜落の恐怖を体感させる、迫真のリアリズム演出を披露している。“崖っぷちの男”ニックを演じるのは、『アバター』以降、話題作の出演が続くサム・ワーシントン。彼の本年度日本公開作品は、なんと計5本。『キリング・フィールズ 失踪地帯』『タイタンの逆襲』等と続き、名実ともに今やハリウッドのトップスターNo.1となった彼は、初のサスペンス・ジャンルの主演に挑み、目もくらむ高所でのアクションを演じ切る。
『キリング・フィールズ 失踪地帯』『タイタンの逆襲』等と続き、名実ともに今やハリウッドのトップスターNo.1となった彼は、初のサスペンス・ジャンルの主演に挑み、目もくらむ高所でのアクションを演じ切る。本作は、高層ホテルの“崖っぷち”に立つシーンが大部分を占め、一部セットでの撮影が行われたが、実際にマンハッタンのミッドタウン45番地、高さ約60メートルのルーズベルト・ホテルの壁面の縁でも撮影された。その高さは、ポスターからも分かるように高所恐怖症の観客はもちろん、見る者すべての心拍数をレッドゾーンに叩き込むほどだ。
その高さは、ポスターからも分かるように高所恐怖症の観客はもちろん、見る者すべての心拍数をレッドゾーンに叩き込むほどだ。“飛び降り自殺志願”にみせかけた男が仕組んだ驚愕のミッション──群衆と化した野次馬たちが固唾をのんで見守る中、命がけのショータイムが幕を開ける。果たして、彼の真の目的とは、何か…？
果たして、彼の真の目的とは、何か…？『トランスフォーマー』『RED／レッド』の製作者が放つ、とてつもない発想と緊迫感あふれる映像に彩られた『崖っぷちの男』。この夏を熱くする、前代未聞の臨場感に注目せよ。
この夏を熱くする、前代未聞の臨場感に注目せよ。「人生、一寸先は闇」というが、あなたの“崖っぷち度”は何パーセント？MOVIE ENTERの特集ページで実施中の“崖っぷち度”診断では、診断結果をツイートしてくれた方の中から抽選で1名様にiPad（16GB、ブラック／ホワイトのいずれか）が当たる！・『崖っぷちの男』特集
史上最強の名コンビ・ホームズ＆ワトソンが帰ってくる、続編の日本公開が決定 全世界で5億ドルを超える大ヒットを記録した『シャーロック・ホームズ』の続編『シャーロック・ホームズ シャドウ ゲーム』の日本公開が2012年3月に決定。あの史上最強の名コンビが帰ってくる。
あの史上最強の名コンビが帰ってくる。今度の物語は、死因が自殺であると断定されたオーストリア皇太子をホームズが殺害されたと推測するところから始まる。事件の手掛かりを求め、怪しい社交クラブへと潜入したホームズは、そこでジプシーの占い師、シムに出会う。しかし、彼女は皇太子の暗殺事件の手掛かりを知ってしまったせいで、暗殺犯の次のターゲットとなってしまう。ホームズは、危機一髪のシムを救い、彼女に仕事を手伝ってもらうことになる。だが、捜査を進めていくと、その危険度はどんどん増していき——果たして、ホームズは、事件を解決することは出来るのだろうか。
だが、捜査を進めていくと、その危険度はどんどん増していき——果たして、ホームズは、事件を解決することは出来るのだろうか。世界で最も有名な探偵、シャーロック・ホームズを演じるのは、ロバート・ダウニー・Jr。ホームズの全幅の信頼を寄せる相棒、ジョン・ワトソン医師は、ジュード・ロウが演じる。さらに、エディー・マーサン、ケリー・ライリー、ジェラルディン・ジェームズといった前作と同じ顔ぶれが勢揃い。
さらに、エディー・マーサン、ケリー・ライリー、ジェラルディン・ジェームズといった前作と同じ顔ぶれが勢揃い。また、製作担当として、ジョエル・シルバー、ライオネル・ウィグラム、スーザン・ダウニー、ダン・リンが再び集結。監督は勿論、前作同様、ガイ・リッチーが務める。
監督は勿論、前作同様、ガイ・リッチーが務める。新しく加わるのは、『ベンジャミン・バトンの数奇な人生』のジャレッド・ハリス、『ミレニアム ドラゴン・タトゥーの女』で注目を浴びたスウェーデン人女優、ノオミ・ラパス、『アリス・イン・ワンダーランド』や『ハリー・ポッターと炎のゴブレット』のスティーブン・フライ。
新しく加わるのは、『ベンジャミン・バトンの数奇な人生』のジャレッド・ハリス、『ミレニアム ドラゴン・タトゥーの女』で注目を浴びたスウェーデン人女優、ノオミ・ラパス、『アリス・イン・ワンダーランド』や『ハリー・ポッターと炎のゴブレット』のスティーブン・フライ。特に、ハリスが演じるモリアーティ教授は、前作で、ケタ外れの知性と戦闘能力を持つ、シャーロック・ホームズに対して、“もう一人の天才”と呼ばれる宿命のライバル。同等の能力を持つこのモリアーティ教授に対して、ホームズとワトソンがどんな戦いを見せてくれるのか楽しみである。
同等の能力を持つこのモリアーティ教授に対して、ホームズとワトソンがどんな戦いを見せてくれるのか楽しみである。2012年3月より、全国ロードショー。
2012年3月より、全国ロードショー。【MOVIE ENTERおすすめニュース】・せっかくの3D恐怖動画なのに、はしゃぎ過ぎの満島ひかり・『ヒミズ』の染谷将太と二階堂ふみがヴェネチア国際映画祭で、最優秀新人俳優賞をW受賞・テレビ放送禁止の「お蔵入り恐怖映像」をウェブで公開・美しき優等生が自慰行為、レズビアン・セックスに挑戦・【週末映画まとめ読み】宮崎あおい「いろいろな夫婦の形がある」
第24回東京国際映画祭作品ガイド＜特別招待作品部門＞ 10月22日から30日まで開催される第24回東京国際映画祭をムービーエンターで大特集。各部門ごとに作品をご紹介しよう。特別招待作品部門は、公開前の話題の最新作23本を一挙上映。今年は特別オープニング作品もあり、さらにパワーアップ。また、多彩なゲストによる舞台挨拶など、映画祭を華やかに彩るイベントにも注目！
また、多彩なゲストによる舞台挨拶など、映画祭を華やかに彩るイベントにも注目！＜作品一覧＞ 『ブリューゲルの動く絵』 【作品解説】 ルトガー・ハウアー演じる画家ブリューゲルをガイド役に、16世紀の名画「十字架を担うキリスト」の中に入り込み、フランドル絵画の世界を旅するような、今までになかったアートムービー。
『ゲーテの恋 〜君に捧ぐ「若きウェルテルの悩み」〜』 【作品解説】 永遠の傑作「若きウェルテルの悩み」に秘められた、文豪ゲーテの切なすぎる想いが今、あなたの心に恋の歓びを呼び覚ます。
『三銃士／王妃の首飾りとダ・ヴィンチの飛行船』 【作品解説】 決戦は空へ！『バイオハザード』の監督の手で、アドベンチャー超大作へと生まれ変わった「三銃士」を目撃せよ！狙われた王妃の首飾り。守るのは若きダルタニアンとフランス最強の三銃士。
『マネーボール』 【作品解説】 常識を打ち破る理論で野球を変えたひとりの異端児、オークランド・アスレチックスのGMビリー・ビーンの闘い。『ソーシャル・ネットワーク』の製作者が、主演にブラッド・ピットを迎えて贈る感動の実話。
『コーマン帝国』 【作品解説】 監督作50本超、プロデュース作にいたっては500本を超える作品を世に送り出してきた“インディペンデント映画の神”、世界一ケチで世界一多作な映画人、ロジャー・コーマンの素晴らしき人生を描くドキュメンタリー。
『永遠の僕たち』 【作品解説】 不治の病に冒された少女と、死に取り憑かれた青年の恋を描いたガス・ヴァン・サント監督作品。主演は、デニス・ホッパーの息子ヘンリー・ホッパーとミア・ワシコウスカ。共演に加瀬亮が日本から参加。
『カルテット！』 【作品解説】 バイオリニストを目指す少年の家族は崩壊寸前。家族カルテットを組むことで絆を取り戻そうとするが…。東日本大震災で映画の制作が危ぶまれる中、被災した市民ら700人以上がエキストラとして参加し、完成させた。
『麒麟の翼 〜劇場版・新参者〜』 【作品解説】 “泣ける本格ヒューマンミステリー”大ヒットドラマ「新参者」、待望の劇場版が登場！ベストセラー作家・東野圭吾が自ら認める“刑事・加賀恭一郎シリーズの最高傑作”を、阿部寛、新垣結衣、中井貴一ほか豪華キャストで描く超大作！
ベストセラー作家・東野圭吾が自ら認める“刑事・加賀恭一郎シリーズの最高傑作”を、阿部寛、新垣結衣、中井貴一ほか豪華キャストで描く超大作！1 2 3
イラン映画として初のオスカー、外国語映画賞を『別離』が受賞 第84回アカデミー賞に、脚本賞＆外国語映画賞の2部門にノミネートされていたイラン映画の『別離』。脚本賞は『ミッドナイト・イン・パリ』に軍配が上がったものの、外国映画賞を受賞。イラン映画のノミネートは13年ぶり。オスカー獲得は初となる。
オスカー獲得は初となる。アスガ—・ファルハディ監督は、受賞スピーチで「多くのイラン人が世界各国で我々を見ています。喜んでいただいていると思います。重要な賞を受賞できたからというだけではありません。というのも今戦争の話がでています。そして攻撃の話がでています。そしてイランという国は我々の文化と離れて語られているわけです。古い文明であります。しかし政治の影に隠れてしまっています。この賞をイランの人々に捧げます。あらゆる文化、あらゆる文明を尊重する国民です。そして憎しみ、そして敵対的な行動を憎しむ国民です。ありがとうございました。」とコメントしている。
」とコメントしている。本作は、離婚の危機を迎える夫婦の物語を軸に、つなぎとめようとする娘、そして、彼らの問題に巻き込まれていくもう一つの家族の姿を通して、単に善悪では割り切れない複雑な人間の心理を、見事な脚本と緊張感あふれる演出で紡ぎ出した濃密な人間ドラマ。映画評論家として有名なロジャー・エバート氏は「今後数十年にわたって観られるべき不朽の名作の1本」と年間映画トップ20の第1位に選び激賞していた。日本での公開も決定していて、4月7日（土）より、Bunkamuraル・シネマほか全国ロードショーとなる。
・第84回アカデミー賞特集 ・第84回アカデミー賞受賞作品一覧
ネットで話題騒然、『キャプテン・アメリカ』の衝撃的な本編シーンを公開 大ヒット公開中の映画『キャプテン・アメリカ/ザ・ファースト・アベンジャー』の衝撃的な本編シーンが公開された。キャプテン・アメリカは、マーベルコミック伝説の初代ヒーロー。スパイダーマンやアイアンマンといった全てのヒーローはここから誕生している。
スパイダーマンやアイアンマンといった全てのヒーローはここから誕生している。本作は、第二次大戦中のアメリカを舞台にしたヒーロー・アクション超大作。兵士として不適格とされた病弱なスティーブ・ロジャースは、軍の極秘計画“スーパーソルジャー実験”によってパワー、スピード、正義感に溢れる魂まで、あらゆる身体能力が極限化され、別人の姿へと生まれ変わる。しかし、兵士として認められず、星条旗デザインのコスチュームを着させられ、“キャプテン・アメリカ”という軍のマスコットに仕立てられてしまう。国中の人気を集めるものの、兵士たちからは相手にされなかった。
国中の人気を集めるものの、兵士たちからは相手にされなかった。そんな中、親友の所属する隊が全滅の危機に陥る。実戦経験もないまま無断で仲間の救出に向かうスティーブ。果たして、本物の英雄になれるのだろうか。
果たして、本物の英雄になれるのだろうか。本作が公開され、早くもネット上で話題になった衝撃の本編シーンがこちら。
本作が公開され、早くもネット上で話題になった衝撃の本編シーンがこちら。キャプテン・アメリカとなった主人公、スティーブが現代のニューヨーク中心街タイムズ・スクエアに突如現れる。そこへ『アイアンマン』シリーズでお馴染みのシールドの長官、ニック・フューリー（サミュエル・Ｌ・ジャクソン）が登場し、意味深な言葉を投げかける。この言葉が意味していることとは一体何なのか。
この言葉が意味していることとは一体何なのか。さらに、2012年公開予定の映画『ジ・アベンジャーズ（原題）』の超特報映像が続く。
さらに、2012年公開予定の映画『ジ・アベンジャーズ（原題）』の超特報映像が続く。“アベンジャーズ”とは、アイアンマンの原作の世界にアイアンマン、マイティ・ソー、キャプテン・アメリカを中心としたヒーローが集結する夢のBIGプロジェクトのこと。シールド（正式名称「戦略国土調停補強配備局」というアメリカの特殊防衛機関）のニック・フューリーのもと、世界をありとあらゆる脅威から守るために活躍する。キャプテン・アメリカは、その実力と心の強さからリーダーとなり、中心的な役割を果たしている。
キャプテン・アメリカは、その実力と心の強さからリーダーとなり、中心的な役割を果たしている。スカーレット・ヨハンソンやジェレミー・レナーなど豪華キャストが出演。世界中から注目されている。
世界中から注目されている。本作では、スーパーソルジャー計画への協力と、キャプテン・アメリカのための盾を作る若き科学者としてアイアンマンことトニー・スタークの父、ハワード・スタークが登場している。さらに、キャプテン・アメリカの宿敵となる邪悪な科学者、レッド・スカルが超兵器を増大させるためのコズミック・キューブは、『マイティ・ソー』でも取り上げられるなど、“アベンジャーズ”へと繋がっているポイントが数多く詰まっている。関連作品とのつながりに注目すると、さらに楽しむことが出来るだろう。
関連作品とのつながりに注目すると、さらに楽しむことが出来るだろう。なぜ、キャプテン・アメリカが世界最初のヒーローと呼ばれるようになったのか。なぜ、彼が現代のニューヨークにいるのか。まずは、劇場で真相を確かめよう。
まずは、劇場で真相を確かめよう。映画『キャプテン・アメリカ/ザ・ファースト・アベンジャー』は、丸の内ルーブルほか全国大ヒット上映中（3D／2D同時上映）
映画『キャプテン・アメリカ/ザ・ファースト・アベンジャー』は、丸の内ルーブルほか全国大ヒット上映中（3D／2D同時上映）・映画『キャプテン・アメリカ/ザ・ファースト・アベンジャー』 - 公式サイト・映画『キャプテン・アメリカ/ザ・ファースト・アベンジャー』 - 公式twitter・映画『キャプテン・アメリカ/ザ・ファースト・アベンジャー』 - 特集・映画『キャプテン・アメリカ/ザ・ファースト・アベンジャー』 - 作品情報
ディズニーの総力を結集した夢の映像プロジェクトがパッケージ化 今年4月に劇場公開された、悲劇のヒーロー“ジョン・カーター”の全宇宙の存亡を懸けた壮絶な闘いを描くアクション・スペクタクル巨編『ジョン・カーター』。早くも8月22日には同作がブルーレイ、DVD＋ブルーレイセット、3Dスーパー・セットとして発売。3D＆2DブルーレイとDVDのレンタル、オン・デマンド配信も同日より開始される。『ジョン・カーター』は、「スター・ウォーズ」や「アバター」に多大なインスピレーションを与えたと言われる伝説的SF小説「火星のプリンセス」を原作に、ディズニー／ピクサー作品『ファインディング・ニモ』『ウォーリー』で世界を沸かせたアンドリュー・スタントン監督が初の実写映画に挑戦。滅亡の危機に瀕した神秘の惑星“バルスーム”を舞台に、愛する家族を失った地球の男の驚異の戦いが描かれる。スタントン監督のイマジネーションを元に、世界を牽引するトップクリエイターたちによって、様々なクリ—チャー達や、巨大な要塞、優雅な飛行艇など、誰も見たことのない“バルスーム”が創造され、驚異の世界が誕生。今から100年も昔に未知なる惑星に想いを馳せ、SF史上に燦然と輝く伝説となった斬新な原作を、ディズニーが完全映画化。壮大なスケールと手に汗握る冒険、ディズニーの総力を結集した夢の映像プロジェクトが自宅で楽しめる。
壮大なスケールと手に汗握る冒険、ディズニーの総力を結集した夢の映像プロジェクトが自宅で楽しめる。・『ジョン・カーター』特集ページ
『へルタースケルター』クラブイベント開催決定、当日はスペシャルゲストも その作品内容や主演女優・沢尻エリカの挙動など、公開前からすでに話題沸騰の映画『へルタースケルター』がいよいよ今週末14日に公開を迎える。公開に先駆けて11日には、作品の世界観にさらに深みを与えた同作品のサウンドトラックCDが発売。公開初日14日の夜には、このサントラの音楽と共に『へルタースケルター』の世界観をそのまま落とし込んだスペシャルなクラブイベント『Dom Perignon Night Helter ？Skelter』が都内で開催される。イベントには、監督の蜷川実花と、坂本龍一と共に数々の映画音楽に携わってきた音楽監督の上野耕路が参加。高木完・久保田慎吾・さくらなども合流し、この日限りのへルタースケルターナイトが展開される。映画の世界観と同様に、聴覚と視覚のパラダイムシフトを体験できるであろう同イベント。当日は未確認ながら上記以外のスペシャルゲストの可能性もあるという。その正体とは…？ドレスコードは、“ヘルタ—スケルター（しっちゃかめっちゃか）”だ。
ドレスコードは、“ヘルタ—スケルター（しっちゃかめっちゃか）”だ。『Dom Perignon Night Helter ？Skelter』 日時：7月14日（土）22:00 OPEN 場所：LE Baron de paris SPECIAL GUEST：蜷川 実花 Mika Ninagawa and Secret Guest! LIVE：上野 耕路（ex.ゲルニカ） ＆ 高木 完 & 久保田 慎吾（ex.8 1/2）& 小池裕美 SPECIAL SET! MUSIC SELECTORS：高木 完、緑川 ミラノ、PELI、魑魅魍魎ズ and more! SPECIAL DECORATION：蜷川 実花 & さくら DRESS CODE：Helter-Skelter DOOR：\3,000（1D） ・『へルタースケルター』オフィシャルサイト
『荒川アンダーザブリッジ』プレミアイベントに林遣都、桐谷美玲、安倍なつみらキャストが大集合 映画『荒川アンダーザブリッジ THE MOVIE』（2月4日公開）のプレミアイベントが25日、東京・新宿ピカデリーで行われ、主演の林遣都のほか、桐谷美玲、小栗旬、山田孝之、城田優、片瀬那奈、安倍なつみ、有坂来瞳、平沼紀久、末岡拓人（子役）、益子雷翔（子役）、井上和香、高嶋政宏、飯塚健監督の14人が、映画の舞台「荒川」をイメージしたブルーカーペットに登場した。作品は「ヤングガンガン」（スクウェアエニックス）で連載されている中村光の同名漫画を映画化したコメディ。荒川の河川敷を舞台に、カッパの着ぐるみや星型のマスクを着用した個性的なキャラクターたちが騒動を巻き起こす。主人公の市ノ宮行を演じる林は、映画とは打って変わって、セクシーにドレスアップした女優陣に「こんなにキレイだったかな」と戸惑いながらも、「必ず、日本中を元気にする作品。ぜひ見て欲しい」と力強くPRした。
ぜひ見て欲しい」と力強くPRした。その後、行われたプレミア試写会は、豪華キャストが多数登場するとあって、チケットが3分で完売。林らキャストが舞台に上がると、大きな歓声と拍手が起こった。
林らキャストが舞台に上がると、大きな歓声と拍手が起こった。林は、豪華キャストの中で主演を務めるプレッシャーに苛まれ、「初日、ロケの日に監督の前で泣きました」と告白。
林は、豪華キャストの中で主演を務めるプレッシャーに苛まれ、「初日、ロケの日に監督の前で泣きました」と告白。自称金星人・ニノ役の桐谷美玲も同じ不安に悩まされていたが、林から「ニノは桐谷さんです」と励まされ、乗り越えることができたという。
自称金星人・ニノ役の桐谷美玲も同じ不安に悩まされていたが、林から「ニノは桐谷さんです」と励まされ、乗り越えることができたという。カッパの格好をしたホームレス・村長役を演じる小栗旬は、超個性的な役柄で出演に至るまでの経緯を説明。原作の大ファンという小栗は、自らスクウェアエニックスに電話をかけて出演を直談判し、「友達の山田孝之君も星をやるって言ってます」と山田の出演交渉までしたという。
原作の大ファンという小栗は、自らスクウェアエニックスに電話をかけて出演を直談判し、「友達の山田孝之君も星をやるって言ってます」と山田の出演交渉までしたという。山田も「旬君から電話がかかってきて、星という役をやってほしいということだった。黄色人種なのでできると思った」と出演秘話を明かし、笑いを誘っていた。
黄色人種なのでできると思った」と出演秘話を明かし、笑いを誘っていた。映画『荒川アンダーザブリッジ THE MOVIE』は、2月4日（土）から新宿ピカデリーほか全国ロードショー。・『荒川アンダーザブリッジ THE MOVIE』公式サイト
【2011下半期アワードvol.1】ツッコミを入れずにいられない、Perfume大抜擢の映画 2011年、様々な映画が公開された。興行収入のランキングでは人気シリーズの最終章『ハリー・ポッターと死の秘宝 PART2』が1位となっているが、皆さんが一番面白いと思った映画は何だっただろう。映画は個人によって趣味嗜好が変わるものなので、「2011年編集部的アワード」と題し、ムービーエンター編集部員が独断と偏見で下半期のベスト10を選んでみた（上半期のベスト10はこちら）。まずは、アクションやSFが大好きな「ヒーロー妄想のカンタ」のランキングを紹介しよう。
まずは、アクションやSFが大好きな「ヒーロー妄想のカンタ」のランキングを紹介しよう。第1位『カーズ2』 編集部的映画批評でも一度取り上げたが、「直感派」とも「思考派」で意見が全く異なる映画だ。・【編集部的映画批評】賛否両論！意見が真っ二つに割れる映画『カーズ2』 自分は直観派なので、この作品に賛成。ディズニー／ピクサー制作だけあって、グラフィックやサウンドへのこだわりが半端ない。日本が舞台となっていたり、なじみのあるPerfumeの楽曲を使われていることからも親しみを感じる。最大の見所は、スパイたちの「もはや車じゃねーよ」ってツッコミを入れたくなる機能。何度観てもツッコミを入れたくなる楽しい作品だ。
第2位『猿の惑星：創世記（ジェネシス）』 名作『猿の惑星』の起源に迫る作品。シリーズ第一作のラストで「実は“猿の惑星”は“地球”だった」ということがわかった時は、子供心にかなりの衝撃を受けた。本作は「では、なぜ猿の惑星になったの？」ということを説明している。最新式のCGと『ロード・オブ・ザ・リング』のゴラム役を演じたアンディ・サーキスの演技を融合してつくられた猿の表情がリアル過ぎる。映画の中の話なのに現実のドキュメントを観ているような感覚になる。無駄のないストーリー構成も秀逸だ。
第3位『ハリーポッターと死の秘宝 PART2』 やはり10年の重みは強い。最終章には、今までのシリーズ作に出てきた人物や小道具、場所などが再び登場するので、ファンはその度に笑みがこぼれてしまう。最終章をまだ観ていないという方は、全部とは言わない、第1作だけでももう一度振り返ってから観ると良い。「あの小さかったポッターやロンがこんなに立派になって…」と親のような気持ちになる。シリーズを通した様々な伏線が張られている最終作は必見。考え過ぎかも知れないが、第1作から続くネビル・ロングボトムがカエルを飼っている設定は、最終章のあの“見せ場シーン”に続く伏線なのではないかと思っている。
考え過ぎかも知れないが、第1作から続くネビル・ロングボトムがカエルを飼っている設定は、最終章のあの“見せ場シーン”に続く伏線なのではないかと思っている。第4位〜10位 5位の『仮面ライダー×仮面ライダー フォーゼ＆オーズ MOVIE大戦 MEGA MAX』は、アクションに定評がある坂本監督の作品だけあり、爽快感満点。必殺技のオンパレードに熱くなる。フォーゼとオーズだけではなく、仮面ライダーＷも登場するのも魅力的。
フォーゼとオーズだけではなく、仮面ライダーＷも登場するのも魅力的。6位の『マイティ・ソー』は、ロキという悪役が良い味を出している。“動”のソーに対して、“静”のロキ。対極の性格でいて、水面下で一歩一歩ソーをはめる罠を構築している様子はいかにも悪役らしい。また、“悪”になった理由も持っているのも良い。『スター・ウォーズ』のダース・ベイダーもそうだが、“悪”は単に悪いだけでは美しくない。“悪”になる悲しい理由を持ってこそ魅力的なのである。これこそ“悪の美学”である。
7位の『探偵はBARにいる』は、大泉洋と松田龍平の掛け合いが最高。劇中でもそうだったが、インタビュー取材をした時も長年連れ添ったお笑い芸人のボケとツッコミのような絶妙のタイミングであった。新コンビ誕生である。・インタビュー：大泉洋＆松田龍平「ハードボイルド的な恋といえば…」
8位の『ワイルド7』は、12月21日に公開となるが、いち早く試写で観てきた。全部で1,500発も使った銃撃戦はすさまじい。邦画でこれほど弾丸を使った映画も珍しいのではないだろうか。
邦画でこれほど弾丸を使った映画も珍しいのではないだろうか。ヒーロー妄想のカンタの2011年アワード 1位 カーズ2 2位 猿の惑星 3位 ハリーポッターと死の秘宝 PART2 4位 世界侵略：ロサンゼルス決戦 5位 仮面ライダー×仮面ライダー フォーゼ＆オーズ MOVIE大戦 MEGA MAX 6位 マイティ・ソー 7位 探偵はBARにいる 8位 ワイルド7 9位 モンスターズ/地球外生命体 10位 アザー・ガイズ 俺たち踊るハイパー刑事＜デカ＞！
ヒーロー妄想のカンタの2011年アワード 1位 カーズ2 2位 猿の惑星 3位 ハリーポッターと死の秘宝 PART2 4位 世界侵略：ロサンゼルス決戦 5位 仮面ライダー×仮面ライダー フォーゼ＆オーズ MOVIE大戦 MEGA MAX 6位 マイティ・ソー 7位 探偵はBARにいる 8位 ワイルド7 9位 モンスターズ/地球外生命体 10位 アザー・ガイズ 俺たち踊るハイパー刑事＜デカ＞！ちょっと残念だった映画『はやぶさ/HAYABUSA』 TVスポットなどで主題歌であるfumikaの「たいせつな光」が非常に印象的だったこの作品。裏方であるJAXAの研究員にスポットを当てたところなどは、宇宙好きにはたまらないところであるが、シリアス路線一本ではなく、間にコメディシーンが挟まれている。流される程度の軽い笑いならば
流される程度の軽い笑いならば良いのだが、主張が強すぎた。“泣く準備”をしていたのに涙が引っこんでしまったという方もいたのではないだろうか。もう少し笑いの要素をライトにすると良かったのではと思う。主題歌が心に響く作品なのにもったいない。プロモーションで、史上初の宇宙試写会などかなり興味深いことを実施していたのに残念である。
観なかったことが悔やまれる映画『トランスフォーマー／ダークサイド・ムーン』 編集部員と言えど、全ての公開映画を観たわけではない。この映画は、編集部の別なメンバーが担当していたので仕事で観ることはなかった。プライベートで観に行こうとは思っていたが予定があわずに断念。あの迫力のトランスフォームをIMAXで観たらどんなにすごかったのだろうかと思うと悔やまれる。
あの迫力のトランスフォームをIMAXで観たらどんなにすごかったのだろうかと思うと悔やまれる。あれだけ愛を誓い合ったミカエラと本作で別れていたことも悔やまれる。
今回は「ヒーロー妄想のカンタ」のベスト10なので、アクションものに偏っている。
今回は「ヒーロー妄想のカンタ」のベスト10なので、アクションものに偏っている。次回は「ドラマのサイトー」のランキングなので、“泣ける映画”も入ってくるかも？あなたのランキングと似ている編集部員は誰か、次回、12月12日（月）配信のものもお楽しみに。
あなたのランキングと似ている編集部員は誰か、次回、12月12日（月）配信のものもお楽しみに。・ 2011下半期編集部的アワード・2011上半期アワード・編集部的映画批評
・ 2011下半期編集部的アワード・2011上半期アワード・編集部的映画批評ヒーロー妄想のカンタの2011年総括今年は、長年続いたシリーズ作『ハリーポッター』が完結したことが非常に大きい。単発でヒットすることは簡単でもシリーズでヒットを続けるのはなかなか難しい。人気シリーズが終了した後に、次に続く作品がないと、劇場への足が遠のいてしまうので、映画業界全体としては大打撃である。次のヒットの担い手になる作品が現れるのか、2012年の映画界に注目である。
次のヒットの担い手になる作品が現れるのか、2012年の映画界に注目である。「編集部的映画批評」のこのキャラの記事一覧を見る
月刊コロコロコミックが映画とコラボ！こすると匂いが飛び出す誌面を展開通称“コロコロ”こと月刊コロコロコミックと言えば、40代前半以下の男性なら誰もが一度は読んだことが人気漫画雑誌であろう。1977年創刊以来、誌面で扱われたキャラクターや玩具やゲームは、数々の社会現象を巻き起こしてきた。ムービーエンター記者の私もコロコロ誌上で連載されていた「ファミコンロッキー」「つるピカハゲ丸」「おぼっちゃまくん」などに夢中になったものである。まさにそんな生きる伝説（雑誌なので生き物ではないが）とも言えるコロコロが、映画『スパイキッズ4D：ワールド・タイムミッション』とコラボをして、史上初の試みをするようである。
まさにそんな生きる伝説（雑誌なので生き物ではないが）とも言えるコロコロが、映画『スパイキッズ4D：ワールド・タイムミッション』とコラボをして、史上初の試みをするようである。それは、9月15日発売のコロコロ内で、「こすると匂いが飛び出す」特別誌面が展開するというもの。映画『スパイキッズ4D：ワールド・タイムミッション』が、上映中にシーンに出てくる番号にあわせて、劇場で配布された「4Dミッションカード」をこすることで「匂い」を体感できるという「3D＋匂い＝4D」映画であることからこの企画が生まれたようだ。
映画『スパイキッズ4D：ワールド・タイムミッション』が、上映中にシーンに出てくる番号にあわせて、劇場で配布された「4Dミッションカード」をこすることで「匂い」を体感できるという「3D＋匂い＝4D」映画であることからこの企画が生まれたようだ。だが、この企画も「何か匂いが付いたカードがおまけで入っているだけなのでは？」と思ってしまった方もいるのではないだろうか。しかし、さすがは天下のコロコロ、半端なことはしない。なんとこの特別コラボに大人気漫画「でんぢゃらすじーさん邪」を用意してきた。じーさんからのミッションを進めながら、4Dの重要な秘密である「こすると匂いが飛び出す！」という仕掛けに挑戦できる。これは気になるところである。
これは気になるところである。我らが聖書（バイブル）であるコロコロからどんな匂いが飛び出すかは、読んでからのお楽しみだ。映画映画『スパイキッズ4D：ワールド・タイムミッション』は9月17日（土）より新宿ピカデリーほか全国ロードショーとなる。15日には書店に、17日には劇場に急げ。・スパイキッズ4D：ワールドタイム・ミッション - 作品情報 【 MOVIE ENTER スパイ・探偵映画ニュース 】
・スパイキッズ4D：ワールドタイム・ミッション - 作品情報 【 MOVIE ENTER スパイ・探偵映画ニュース 】・史上最強の名コンビ・ホームズ＆ワトソンが帰ってくる、続編の日本公開が決定
・史上最強の名コンビ・ホームズ＆ワトソンが帰ってくる、続編の日本公開が決定・こんな時代だからこそ、ハードボイルドな男がモテる！
・楽しんごが4D映画について「犬のおならのシーンで出てくる匂いが臭かった」
・渡辺謙＆菊地凛子「Google Earthのような気持ちになってくる」
・渡辺謙＆菊地凛子「Google Earthのような気持ちになってくる」【週末映画まとめ読み】『怪物くん』に忍び寄るスパイと仮面ライダーの足音＜12月3日号＞ 嵐の大野智主演『映画 怪物くん』が、4週連続首位をキープしていた三谷幸喜監督作『ステキな金縛り』を抑え、初登場首位を獲得。全国446スクリーンで公開され、初日2日間成績は動員43万1093人、興収5億8103万8150円と大ヒットスタートをきった。（詳細は、こちらの映画動員ランキングを参照）興行収入40億をめざして順調な滑り出しを見せた『映画 怪物くん』だが、その背後にはライバルとなる作品の足音が聞こえてきている。
（詳細は、こちらの映画動員ランキングを参照）興行収入40億をめざして順調な滑り出しを見せた『映画 怪物くん』だが、その背後にはライバルとなる作品の足音が聞こえてきている。まずは、子供たちのヒーローである仮面ライダー。『仮面ライダー×仮面ライダー フォーゼ＆オーズ MOVIE大戦 MEGA MAX』が12月10日と迫っている。28日には完成披露試写会が行われ、今までにはない“メガ盛り”な魅力について語られた。・真野恵里菜「女子高生仮面ライダーになってTwitterのフォロワーが増えた」・仮面ライダーヒロインの清水富美加、舞台挨拶で緊張状態が大気圏突破
そして、ハリウッドを代表する大ヒットメーカー、スティーブン・スピルバーグの『リアル・スティール』が、12月9日に公開。スピルバーグが「奇跡の子役だ！」と絶賛した12歳の天才子役ダコタ・ゴヨも来日して、PRに余念がない。・スピルバーグが絶賛し、天海祐希と芦田愛菜をも魅了した少年の“魔法”・芦田愛菜、スピルバーグが認めた天才子役と夢の共演・天海祐希が“奇跡の子役”に「母のような気持ち」
・スピルバーグが絶賛し、天海祐希と芦田愛菜をも魅了した少年の“魔法”・芦田愛菜、スピルバーグが認めた天才子役と夢の共演・天海祐希が“奇跡の子役”に「母のような気持ち」そして、人気シリーズの最新作『ミッション・インポッシブル／ゴースト・プロトコル』が12月16日から公開。主演を務めるトム・クルーズも来日し、スカイツリーでパフォーマンスを行ったり、布袋寅泰とコラボ共演をしたりするなど、精力的に映画の宣伝を行った。・制限時間は27時間！トム・クルーズに与えられたミッションとは・ハリウッド絶賛のコラボ、『M：I』最新作が布袋色に染まる
トム・クルーズに与えられたミッションとは・ハリウッド絶賛のコラボ、『M：I』最新作が布袋色に染まるその他にも、次の『タンタンの冒険／ユニコーン号の秘密』、『ワイルド7』、『ニューイヤーズ・イブ』などの映画も控えている。強豪映画が続々と迫りくる中、安心していては足下をすくわれてしまうだろう。・ヨンア「タンタンのように勇気のある男の子がすごく好き」・深田恭子「女性の私が見ても、ときめいた」・ザック・エフロン、映画『ニューイヤーズ・イブ』PRのため来日決定
DVD関連では、長澤まさみらを輩出した「東宝シンデレラオーディション」の受賞者、上白石萌歌、上白石萌音、浜辺美波、小川涼が主演を務めるショートムービー「空色物語」シリーズのDVD発売イベントが行われた。・目指せ長澤まさみ！東宝シンデレラ4人が短編DVDで初主演 ・林家三平＆国分佐智子出演『カーズ2』CMのラブラブなメイキング映像を先行公開
特別連載や、独自インタビューは次の通り。連載のマンガコラム「いちおう妖ヶ劇場」の第2話は『アメリカン・パイ』に注目。ちょっとエッチなアメリカン青春コメディに隠された“父の愛”に注目している。・インタビュー：マシュー・グレイ・ギュブラー、シェマー・ムーア「お互いに、今が一番いい状態」 ・【DVDエンター！】エレベーターという密室に潜む“殺人犯＝デビル” ・【いちおう妖ヶ劇場】第2話：パパはいつでも娘をパパラッチの巻
】エレベーターという密室に潜む“殺人犯＝デビル” ・【いちおう妖ヶ劇場】第2話：パパはいつでも娘をパパラッチの巻その他、映画関連、芸能関連ニュースはこちら。『バック・トゥ・ザ・フューチャー』のデロリアンの発売や、あの後藤真希が大胆な写真集を発売など刺激的なニュースが満載だった。・『バック・トゥ・ザ・フューチャー』に登場するデロリアン、世界30台限定で販売 ・「今まで見せていない姿を見て欲しい」ゴマキ4年ぶり写真集が大量増刷 ・黒木メイサ、新CM発表会をネット生中継＆新コラボPV解禁 ・“ポチたま”の人気コーナー、SMAP・香取慎吾＆広末涼子で映画化 ・セクシー女優が賛否両論を覚悟で被災地へメッセージ ・沢尻エリカが約４年半ぶりの女優復帰「いい女って何だろう？」
」師走となって外は肌寒いが、年末に向けてランキング争いは過熱しそうな雰囲気。イルミネーションを楽しむのも良いが、温かい映画館で、最新話題作を堪能するのもいかがだろうか。
イルミネーションを楽しむのも良いが、温かい映画館で、最新話題作を堪能するのもいかがだろうか。日別映画ニュースまとめ：26日（土）｜27日（日）｜28日（月）｜29日（火）｜30日（水）｜１日（木）｜２日（金）
日別映画ニュースまとめ：26日（土）｜27日（日）｜28日（月）｜29日（火）｜30日（水）｜１日（木）｜２日（金）『アリス・イン・ワンダーランド』スタッフ最新作は、“戦う”白雪姫 グリム童話が誕生して200周年、子供から大人まで幅広く愛されている名作「白雪姫」のイメージを一新し、破格かつ壮大なスケールで描いた『スノーホワイト』（6月15日公開）の特報映像とポスター画像が公開された。
『アリス・イン・ワンダーランド』スタッフ最新作は、“戦う”白雪姫 グリム童話が誕生して200周年、子供から大人まで幅広く愛されている名作「白雪姫」のイメージを一新し、破格かつ壮大なスケールで描いた『スノーホワイト』（6月15日公開）の特報映像とポスター画像が公開された。本作の舞台となるある王国では、マグナス王が死んで、女王ラヴェンナの統治に変わると平和な国は荒廃していた。女王は、永遠の美と若さに執着し、毎日鏡を眺めては「鏡よ、鏡。この世でいちばん美しいのは誰？」と問いかけていた。「もちろん女王様です」と答えていた鏡だったが、ある日、「この世でいちばん美しいのは女王様ですが、やがてあなたよりも美しい娘が現れます。その時、娘の心臓を食べれば、あなたは永遠の美と若さを手に入れ、不死身となるでしょう」と答える。その娘が自分の継娘スノーホワイトと知った女王は、彼女を城の塔へ閉じ込め、時が熟するのを待った。そして7年後、ついにその時が来るが、スノーホワイトは塔から脱出を図り、深い森の奥へとひとり逃げ込む。女王は、森に詳しいハンターのエリックを雇い、何が何でもスノーホワイトを捕えるように命じるのだった。
女王は、森に詳しいハンターのエリックを雇い、何が何でもスノーホワイトを捕えるように命じるのだった。今回、公開された特報映像がこちら。
今回、公開された特報映像がこちら。主人公スノーホワイトを演じるのは、『トワイライト』シリーズで一躍ハリウッドのトップスターの仲間入りを果たしたクリステン・スチュワート。女王を、オスカー女優のシャーリーズ・セロンが演じる。その他、『マイティ・ソー』で主人公ソーを演じたクリス・ヘムズワース、『パイレーツ・オブ・カリビアン／生命の泉』のサム・クラフリンら若手イケメン俳優たちが出演する。
その他、『マイティ・ソー』で主人公ソーを演じたクリス・ヘムズワース、『パイレーツ・オブ・カリビアン／生命の泉』のサム・クラフリンら若手イケメン俳優たちが出演する。監督は、カンヌの広告祭でグランプリ受賞経験もある、新進気鋭のCMディレクターのルパート・サンダース。
監督は、カンヌの広告祭でグランプリ受賞経験もある、新進気鋭のCMディレクターのルパート・サンダース。衣装デザインを手掛けるのは『アリス・イン・ワンダーランド』などで3度のアカデミー賞衣装デザイン賞に輝くコリーン・アトウッドが務める。
衣装デザインを手掛けるのは『アリス・イン・ワンダーランド』などで3度のアカデミー賞衣装デザイン賞に輝くコリーン・アトウッドが務める。ユニバーサル映画100周年記念作品でもある本作で、どんな「白雪姫」伝説をみせてくれるのだろうか。
ユニバーサル映画100周年記念作品でもある本作で、どんな「白雪姫」伝説をみせてくれるのだろうか。映画『スノーホワイト』は、6月15日（金）よりTOHOシネマズ日劇ほか全国ロードショー。
映画『スノーホワイト』は、6月15日（金）よりTOHOシネマズ日劇ほか全国ロードショー。映画『スノーホワイト』 - 公式サイト
映画『スノーホワイト』 - 公式サイト【MOVIE ENTERおすすめニュース】・マット・デイモンとスカーレット・ヨハンソンが共演、世界を感動で包んだ実話を映画化
・「はやぶさ」が“かなり飛び出る3D駅貼ポスター”、都内に登場
・【元気東北・福島編】雪国を南国にした福島人の底力
・【元気東北・福島編】雪国を南国にした福島人の底力・美山加恋と優香が福島に！絆をつなぐ大切さを映画を通して伝える
・韓国で740万人を動員『サニー 永遠の仲間たち』、懐かしの大ヒット洋楽が彩る予告編
【編集部的映画批評】五感を失う感染症に冒された男女が、最後に感じたもの 2012年最初の週末を迎えようとしていますが、2011年を振り返った時に誰もが思い浮かべるのは、3月に東日本を襲った震災ではないでしょうか。自然の猛威を前に人間の無力さを痛感する一方で、復興に向けて互いに手を取り合い、前進しようとする人間の強さもまた感じた一年でした。失って初めて気付かされる、何気ない日常の大切さ。
失って初めて気付かされる、何気ない日常の大切さ。1月7日に公開された終末の物語『パーフェクト・センス』は、そんな今の日本に希望を与えるラブストーリーです。
1月7日に公開された終末の物語『パーフェクト・センス』は、そんな今の日本に希望を与えるラブストーリーです。パーフェクト・センス 科学者のスーザンはシェフのマイケルに道端で声をかけられて、たちまち恋に落ちる。しかし世間では“五感“がひとつずつ失われていくという原因不明の感染症“SOS“が大流行。謎の病にマイケルたちも冒されてしまい、ふたりの愛も大きな試練を迎える。
謎の病にマイケルたちも冒されてしまい、ふたりの愛も大きな試練を迎える。五感を徐々に失われる、恐怖と闇に覆われた世界 ウイルス等の感染が広がり、世界中がパニックに陥る作品は過去にもありましたが、『パーフェクト・センス』で描かれるのは、運命的な恋に落ちた男女の姿。快楽主義者のシェフであるマイケルを演じるのは、昨年8月に公開された『ゴーストライター』の主演も記憶に新しいユアン・マクレガー。彼の相手役に『007／カジノ・ロワイヤル』（2006年公開）でボンドガールに抜擢されたエヴァ・グリーンが、感染症学者スーザンを演じます。また、ユアン・マクレガーの初主演作『トレインスポッティング』でも共演しているユエン・ブレムナーが、本作ではレストランの同僚として登場し、公私共に仲の良さを見せています。
また、ユアン・マクレガーの初主演作『トレインスポッティング』でも共演しているユエン・ブレムナーが、本作ではレストランの同僚として登場し、公私共に仲の良さを見せています。運命に導かれるように出会い、愛を知った男と女 「SOS」と名付けられた感染症で、五感の内まず最初に失われるのが嗅覚。五感が失われる前にはそれぞれ異なる症状があり、人々は突如深い悲しみに襲われ、涙を流したかと思えば、自らの嗅覚が失われていることに気付きます。続いて味覚、聴覚と、五感を失う度に恐怖や憎悪の感情に襲われた人々は暴徒化し、世界は破滅へと向います。
続いて味覚、聴覚と、五感を失う度に恐怖や憎悪の感情に襲われた人々は暴徒化し、世界は破滅へと向います。しかし驚くべきは、人間誰もが生まれながらに身に付けている生命力。嗅覚に続き味覚を失った人々は残りの感覚を研ぎ澄ませ、レストランには食べ物の温度や感触を楽しもうとする客で溢れ、マイケルとスーザンはかけがえのない絆を育んでいきます。
嗅覚に続き味覚を失った人々は残りの感覚を研ぎ澄ませ、レストランには食べ物の温度や感触を楽しもうとする客で溢れ、マイケルとスーザンはかけがえのない絆を育んでいきます。人類最後の瞬間、あなたが求め、感じるもの 心を閉ざしたキャリア・ウーマンが真実の愛に目覚めていく変化を、繊細な演技で表現したエヴァ・グリーンは「私たちは物質社会に暮らしていて、欲しい物がいつでも簡単に手に入ってしまう。恋愛関係でも問題があると解決することよりも次へ進むことを尊重しがちだと思う。この映画は”愛”の性質を描いていて、それはとても美しいと思う。すべては愛があってこそ。この瞬間を大事にする事が大切。」と述べています。
」と述べています。猛威をふるう奇病が地球全土を暗黒の闇で覆い尽くそうとする時、あなたにとって最後の光となる希望は何でしょうか。
・パーフェクト・センス - 作品情報 映画は芸術ハラの所見評価 メッセージ性：★★★★ 映像美：★★★ サウンドトラック：★ 映画は芸術ハラの「編集部的映画批評」一覧
芦田愛菜、スピルバーグが認めた天才子役と夢の共演 ハリウッドを代表する大ヒットメーカー、スティーブン・スピルバーグとロバート・ゼメキスが、ヒュー・ジャックマンを主演に迎えて贈る、感動のアクション・エンターテインメント「リアル・スティール」。12月9日の公開を前に、本作でヒュー・ジャックマン演じる父親と10年ぶりに再会し、反発しながらも次第に絆を深めていく息子を熱演した天才子役ダコタ・ゴヨと、ショーン・レヴィ監督が来日を果たし、本日11月30日に記者会見を行った。
12月9日の公開を前に、本作でヒュー・ジャックマン演じる父親と10年ぶりに再会し、反発しながらも次第に絆を深めていく息子を熱演した天才子役ダコタ・ゴヨと、ショーン・レヴィ監督が来日を果たし、本日11月30日に記者会見を行った。ムービーカメラ42台、スチールカメラ74人、記者252人のマスコミが詰めかける中、スピルバーグが「奇跡の子役だ！」と絶賛したダコダ・ゴヨとショーン・レヴィ監督が登場。また、日本で最も有名な大人気子役の芦田愛菜が花束ゲストとして登場し、日米の天才子役、夢の競演が実現した。
また、日本で最も有名な大人気子役の芦田愛菜が花束ゲストとして登場し、日米の天才子役、夢の競演が実現した。芦田愛菜は、作品のテーマである“絆”という花言葉を持つ花で作られたブーケを2人に渡すと、この日のために一生懸命覚えた英語で「ナイストゥーミーチュー！マイネーム・イズ マナ・アシダ」と挨拶。「映画とっても楽しかったです！最後の方は、私も一緒に闘っているような気持でした。」と作品の感想を述べた。
」と作品の感想を述べた。監督からの「『リアル・スティール』の続編が出来たら是非、愛菜ちゃんに出演していただきたい！」という出演オファーに対し、芦田愛菜は「はい！」と元気良く応え、ハリウッド映画進出に向けて、今後のさらなる活躍を期待させる対面となった。
」と元気良く応え、ハリウッド映画進出に向けて、今後のさらなる活躍を期待させる対面となった。また、会場には本作のもうひとりの主演とも言えるロボット“ATOM”（アトム）も登場した。以下、記者会見の質疑応答。
以下、記者会見の質疑応答。——出演が決まった時の気持ちとお気に入りのシーンは？ダコタ・ゴヨ：役をいただいた時は、家族とキッチンでディナー中だったのですが、椅子から転げ落ちるくらい嬉しかったです。スピルバーグ作品に出演できて喜ばない人はいないと思います。
スピルバーグ作品に出演できて喜ばない人はいないと思います。お気に入りのシーンは、モーテルの前でＡＴＯMとダンスをしているシーンと、ＡＴＯＭの汚れを洗っているシーン。闘うロボットというだけではないことに気づく大事な部分なので気に入っています。
——大切にしている絆は？ダコタ・ゴヨ：一番は家族です。学校などでいろいろあったときも、支えてくれる大切な絆です。
学校などでいろいろあったときも、支えてくれる大切な絆です。——日本にもファンへのメッセージ ダコタ・ゴヨ：日本にもファンが入れくれるのはとても素晴らしいです。僕自身、titterやFacebookなどやっているし、ファンの皆さんを大切にしています！
僕自身、titterやFacebookなどやっているし、ファンの皆さんを大切にしています！——日本の印象は？ダコタ・ゴヨ：東京に来て、いろんな場所や、素敵な人たちに会えて素晴らしかったです。東京ディズニーランドやディズニーシーに行けたし、ランぺイジ・ジャクソンに会えました。素晴らしかったし、夢が叶いました。
——この作品の撮影に向けて準備したことは？
——この作品の撮影に向けて準備したことは？ダコタ・ゴヨ：ダンスシーンに関しては、振付師について、１週間、１日２時間ダンスのレッスンをしました。自分ができないと思った動きも習ったし、とても楽しく、実は今でもやっています。
自分ができないと思った動きも習ったし、とても楽しく、実は今でもやっています。そのほかの準備は、撮影に入る前に、脚本を３回通しで読み、ヒュー・ジャックマンと監督と互いに仲良くなるよう心がけ、楽しい時間を過ごしました。
そのほかの準備は、撮影に入る前に、脚本を３回通しで読み、ヒュー・ジャックマンと監督と互いに仲良くなるよう心がけ、楽しい時間を過ごしました。——ヒュー・ジャックマンの印象は？目標にする人は？ダコタ・ゴヨ：ヒューは素晴らしい人で、ナイスガイでした。会ってみても素晴らしくやさしい人でした。彼は僕のあこがれの人です。「ウヴァリン」で好きになりました。
「ウヴァリン」で好きになりました。ヒュー以外にはジョニー・デップさんやレオナルド・ディカプリオさんも目標です。
ヒュー以外にはジョニー・デップさんやレオナルド・ディカプリオさんも目標です。——ヒュー・ジャックマン起用の理由 ショーン・レヴィ：彼は良い肉体をしているので、元ボクサー役も納得できます。また、誰もが好きになる魅力を持った人で、ダメな父親役でも見る人を共感させる魅力があります。
また、誰もが好きになる魅力を持った人で、ダメな父親役でも見る人を共感させる魅力があります。——こだわった映像は？ショーン・レヴィ：大作のスケール感を出すことと、視覚的なスペクタクルにこだわりました。でも一番はハートの部分。本作のユニークさは、ハートの部分と、魂の部分。なので、父親と息子の絆にこだわりました。
なので、父親と息子の絆にこだわりました。——ロボットの撮影はどのようにおこないましたか？ショーン・レヴィ：どのシーンがCGで、そのシーンが本物のロボットを使っているか。分らないようにしたかった。ダコタとATOMとのシーンは、本物のリモコンで動くロボットを使っています。闘いのシーンは、「アバター」でジェームズ・キャメロンが開発したモーションキャプチャー技術を使っています。
闘いのシーンは、「アバター」でジェームズ・キャメロンが開発したモーションキャプチャー技術を使っています。——ダコタを起用した決め手は？ショーン・レヴィ：何人か最終候補に残っていた人をスピルバーグに見てもらい、「演技だけではない、特別な、観ていて応援したくなるような、心を鷲掴みにされるようなリアルさがほしい」という要望があり、ダコタは、「これだ！」と思うものを見事に持っていま
」と思うものを見事に持っていました。 ——日本の印象は？ ショーン・レヴィ：ロボットを研究して、日本はロボット文化があると知りました。本作でキャラやロボットを作る上でこのことに敬意を表しました。——なぜこの時期に絆とテーマにしたのか？なぜ人ではなくロボットにしたのか？ ショーン・レヴィ：1950年代の短編小説をもとにしているのでベースはありましたが、今回は、「人間の限界を超える格闘が見たい」という事からロボット格闘技が発展したという設定に変更しました。今は技術革新の時代で、twitter やFacebookも、人間とつながりたい。という欲求から出ていると思うので、人の命の質も、人とのつながることだと思います。だから今撮りました。——ダコタとATOMのシーンで印象的だったのは？ ショーン・レヴィ：今回の映画は少年とATOMが要で、ATOMは父と息子も結びつけます。ATOMがダコタの動きをまねするシーンは、 本物のATOMで撮ったのですが、本当にダコタのと同じ動きをしていて、魔法のような印象のシーンだと思います。
ATOMがダコタの動きをまねするシーンは、 本物のATOMで撮ったのですが、本当にダコタのと同じ動きをしていて、魔法のような印象のシーンだと思います。映画『リアル・スティール』は、12月9日（金）より全国ロードショー。MOVIE ENTERの『リアル・スティール』特集ページでは、iPad2が当たるキャンペーンも実施中なので、お見逃し無く。・映画『リアル・スティール』特集ページ - MOVIE ENTER
3.11開催「モテキナイトFINAL」出演者発表、チャリティーTシャツも発売 昨年9月、200万部突破の大人気コミックを、原作者・久保ミツロウ書き下ろしによるオリジナルストーリーで映画化し、興行収入21億を突破する大ヒットを記録した映画『モテキ』。3月23日のブルーレイ＆DVD発売を前に、毎回超豪華アーティストを迎え、同作のファンだけでなく音楽ファンの間でもお馴染みとなった『モテキ』と連動した超人気イベントの第5弾『モテキナイトFINAL!!』がいよいよ今週末11日に開催される。
3月23日のブルーレイ＆DVD発売を前に、毎回超豪華アーティストを迎え、同作のファンだけでなく音楽ファンの間でもお馴染みとなった『モテキ』と連動した超人気イベントの第5弾『モテキナイトFINAL!!』がいよいよ今週末11日に開催される。毎回、超豪華アーティストに加えて、サプライズ企画を盛り込んだ「モテキナイト」。『モテキナイトFINAL!!』では出演者が一切発表されていないにも拘わらず、既にチケットはソールドアウト。そして本日、遂に出演者が発表された。
そして本日、遂に出演者が発表された。出演は、「夜明けのBEAT」がテレビドラマ版・映画版ともにオープニングテーマとなっているフジファブリック、「デスコ」が映画版メインテーマとなっている大注目バンドの女王蜂、そしてあらかじめ決められた恋人たちへ。更にはDJに、DJやついいちろう、七尾旅人、やけのはら、マキタスポーツほかスペシャルアーティストの出演が予定されている。
更にはDJに、DJやついいちろう、七尾旅人、やけのはら、マキタスポーツほかスペシャルアーティストの出演が予定されている。そして、イベント当日15時からは「久保ミツロウ描き下ろし／モテキナイトFINAL!!記念Tシャツ」と「東北太平洋沖地震救援活動支援チャリティーTシャツ」を会場にて先行販売（いずれも3,000円）。「モテキナイトチャリティーTシャツ」の利益は、東北太平洋沖地震への救援活動支援として全額寄付される。『モテキ』ファンのマストアイテムとなる同Tシャツは、残念ながらチケットを入手できなかったという人も購入可能となっている。
『モテキ』ファンのマストアイテムとなる同Tシャツは、残念ながらチケットを入手できなかったという人も購入可能となっている。モテキナイトFINAL!! 日程：3月11日（日） 会場：東京・恵比寿LIQUIDROOM 開場／開演：17:00 出演者：フジファブリック、女王蜂、あらかじめ決められた恋人たちへ、 DJやついいちろう、七尾旅人、やけのはら、マキタスポーツ and SPECIAL ARTIST !?問い合わせ：LIQUIDROOM 03-5464-0800 ・モテキ - 作品情報 ・LIQUIDROOM
モテキナイトFINAL!! 日程：3月11日（日） 会場：東京・恵比寿LIQUIDROOM 開場／開演：17:00 出演者：フジファブリック、女王蜂、あらかじめ決められた恋人たちへ、 DJやついいちろう、七尾旅人、やけのはら、マキタスポーツ and SPECIAL ARTIST !?問い合わせ：LIQUIDROOM 03-5464-0800 ・モテキ - 作品情報 ・LIQUIDROOM■関連記事 ・長澤まさみの胸元にハートがバクバク、モテキ「みゆきの部屋＆るみ子の部屋」 ・“ハートがバクバクしちゃう”未公開シーン収録、『モテキ』BD&DVD発売決定
トム・クルーズから日本へ緊急ミッション「スパイを探せ！」 6日18時、映画『ミッション：インポッシブル/ゴースト・プロトコル』（12月16日公開）の主人公、イーサン・ハント（トム・クルーズ）から日本全国へ緊急ミッションが下された。これは、大の親日家としても知られる、トム・クルーズの功績に感謝と敬意を込め、日本記念日協会から正式に認定された記念日“トムの日”にちなんで行われたもので、全国五大都市（東京25カ所、札幌4カ所、名古屋2カ所、大阪5カ所、福岡7カ所）計43の街頭ビジョンを一斉にジャックし、映像が配信された。
これは、大の親日家としても知られる、トム・クルーズの功績に感謝と敬意を込め、日本記念日協会から正式に認定された記念日“トムの日”にちなんで行われたもので、全国五大都市（東京25カ所、札幌4カ所、名古屋2カ所、大阪5カ所、福岡7カ所）計43の街頭ビジョンを一斉にジャックし、映像が配信された。本作は、全世界で累計1120億円以上の興行収入をあげたミッション・シリーズの待望の最新作。ドバイ、モスクワ、ムンバイ、ブタベスト、バンクーバーを舞台に、史上最大で最難関のミッションに挑む。ロシアのクレムリンで爆破事件が発生し、IMF（極秘スパイ組織・不可能作戦班）のイーサン・ハントとそのチームに容疑がかけられる。米大統領は政府が事件に関与した疑いを避けるため、イーサンたちは、IMFから登録を抹消されてしまう。国や組織という後ろ盾を失ったままミッションの遂行を余儀なくされる。失敗すれば、凶悪テロリストとして全世界に指名手配されてしまう。幾重にも張り巡らされた罠と裏切りの影、そして、次第に明らかになるミッションの真の目的とは何なのか。
幾重にも張り巡らされた罠と裏切りの影、そして、次第に明らかになるミッションの真の目的とは何なのか。街頭ビジョンには、日本のためだけに、イーサン・ハントになりきったトム・クルーズからのコメントと本作のシーンを含む特別映像が映し出された。渋谷では、多数の歩行者が熱心に街頭ビジョンを注目。史上最大規模のプロモーションは効果絶大だったようだ。
史上最大規模のプロモーションは効果絶大だったようだ。イーサン・ハントだ。君の助けが必要になった。誰かが我々を罠にはめ、テロの汚名をきせられてしまった。もちろん事実無根だ。この事件の黒幕を探し出すしかない。
この事件の黒幕を探し出すしかない。そこで君に頼みがある。渋谷にスパイが潜伏中だ。事件に関与しているだろう。そいつを探し出してくれ。
そいつを探し出してくれ。そして、このミッションを引き受けて欲しい。また接触を試みる。さもなくば、12 月16 日に劇場で会おう
さらに、“コカ・コーラ ゼロ”グローバルタイアップキャンペーンの実施を記念して、渋谷駅ハチ公広場前でイベントが行われた。世界130カ国以上の人々に愛されているコカ・コーラゼロと、世界中の人々を魅了してきた人気スパイ・アクション映画である本作が“常識を覆す”をテーマに巨大オブジェを作った。これは、本作のシンボルとなる、ドバイにある高さ828mのブルジュ・ハリファにちなみ、828本のコカ・コーラゼロを使用。デーブ・スペクター、トム・クルーズのそっくりさんの琉球トム・クルーズが参加し、イベントを盛り上げた。
デーブ・スペクター、トム・クルーズのそっくりさんの琉球トム・クルーズが参加し、イベントを盛り上げた。渋谷TSUTAYAでは、『ミッション』シリーズのDVDを販売。ミッションにある“探して欲しいスパイ”の1人である琉球トム・クルーズがTOHOシネマズ渋谷にてチラシを配り終えた後、店員になりすまし、DVDを販売するなどして渋谷に潜入していた。
ミッションにある“探して欲しいスパイ”の1人である琉球トム・クルーズがTOHOシネマズ渋谷にてチラシを配り終えた後、店員になりすまし、DVDを販売するなどして渋谷に潜入していた。また、本シリーズ史上初の試みとなる着音ダウンロード付き劇場鑑賞券の販売が開始される。お馴染みのテーマ曲をダウンロードすることが出来る。
お馴染みのテーマ曲をダウンロードすることが出来る。公式サイトでは、“イーサン・ハントを追え！”と題したキャンペーンが街頭ジャックとともにスタート。超A級エージェントであるイーサンをクリックで追跡し、本シリーズの舞台となった各国のチェックポイントへ飛び、事件の真相を突き止めると、本作の舞台となるドバイへの旅行が抽選でプレゼントされる。ここで注目したいのが、“クリックで追跡”で日本にズームした時に、東京がチェックポイントの一つになっていることだ。果たして、これは何を意味しているのか。トム・クルーズの来日にも期待が高まるキャンペーンとなっている。
トム・クルーズの来日にも期待が高まるキャンペーンとなっている。映画『ミッション:インポッシブル／ゴースト・プロトコル』は、12月16日（金）より、TOHOシネマズ日劇ほか全国ロードショー。
映画『ミッション:インポッシブル／ゴースト・プロトコル』は、12月16日（金）より、TOHOシネマズ日劇ほか全国ロードショー。・映画『ミッション:インポッシブル／ゴースト・プロトコル』 - 公式サイト 【MOVIE ENTERおすすめ特集】
・『スカイライン -征服-』DVD特集 - 10月7日TSUTAYAでレンタル開始
・東京ごはん映画祭特集 - スクリーンで“食欲の秋”
・『ファイナル・デッドブリッジ』特集 - おまえは、渡りきれるか。
・海外ドラマ『ホワイトカラー』特集 - 自由の代償は、彼の“頭脳”だった…。
・『プリースト』特集 - 人類史上最強、究極のヴァンパイア・ハンター解禁！
日本のインディ・ジョーンズが解明！『ダ・ヴィンチ・コード』を超える今世紀最大の発見とは？映画や小説の世界には、定説を覆す驚くほどのセンセーショナルな作品が存在する。ダン・ブラン原作、トム・ハンクス主演の『ダ・ヴィンチ・コード』では、キリスト教の根幹を揺るがす謎を描き、全世界で社会現象を巻き起こした。そしてこの夏、《人類の起源》の謎を解くという『ダ・ヴィンチ・コード』をも超える、今世紀の最大の衝撃作『プロメテウス』がついに公開される。
そしてこの夏、《人類の起源》の謎を解くという『ダ・ヴィンチ・コード』をも超える、今世紀の最大の衝撃作『プロメテウス』がついに公開される。劇中で女性科学者エリザベスは、世界各地の古代遺跡に遺された共通のサインを発見し、人類の創造の真実を解き明かすため宇宙船プロメテウス号で未知の惑星に旅立つが、彼女と同じく《生命の起源》を解明すべく世界中を飛び回り、“日本のインディ・ジョーンズ”の異名をもつ生物学者・長沼毅氏（広島大学大学院 生物圏化学研究科 准教授）が、『プロメテウス』に隠された真実を語った。
劇中で女性科学者エリザベスは、世界各地の古代遺跡に遺された共通のサインを発見し、人類の創造の真実を解き明かすため宇宙船プロメテウス号で未知の惑星に旅立つが、彼女と同じく《生命の起源》を解明すべく世界中を飛び回り、“日本のインディ・ジョーンズ”の異名をもつ生物学者・長沼毅氏（広島大学大学院 生物圏化学研究科 准教授）が、『プロメテウス』に隠された真実を語った。長沼氏は、知的生命体として発達した我々人間の進化には、おそらく創造主あるいは“神”と呼ばれる何者かが介入していると語る。『プロメテウス』では物語が進むにつれ、その全貌が徐々に明かされていくのだが、長沼氏はその過程が如何に現実的で、科学的な根拠や妥当性に基づいているかを、以下の4つのポイントから解説している。
『プロメテウス』では物語が進むにつれ、その全貌が徐々に明かされていくのだが、長沼氏はその過程が如何に現実的で、科学的な根拠や妥当性に基づいているかを、以下の4つのポイントから解説している。1. 物語の舞台〜衛星LV223舞台となるLV223は、地球から35光年離れた場所にある設定される衛星。2012年現在で、すでに100光年以内にある恒星の立体星図（3Dスター・マップ）が描かれており、その中には生命が存在可能なハビタブル惑星、いわゆる“第2の地球”が複数発見されているという。長沼氏は、LV223が45億歳の地球よりも古い60億〜80億歳のハビタブル惑星で、きわめて高レベルな知的生命体が進化しているとも。もしかしたら我々の住むこの地球も、知的生命体による何かの実験場としてテラフォーミング（惑星改造）されたのかもしれない…。
もしかしたら我々の住むこの地球も、知的生命体による何かの実験場としてテラフォーミング（惑星改造）されたのかもしれない…。2. 人類の創造〜進化への介入旧約聖書の「創世記」では、蛇の誘惑に負けたイブが、神の命に背いて知恵の木から禁断の果実を食べてしまい、エデンの園を追放。原罪を受けたとされている。長い歴史において、人類には過去2回の“起源”が存在するが、今から5万年前に人類が知的に大飛躍した“知性の起源”については、未だ生物学的に解明されていないという。この飛躍的な発達は、何者かがDNA（遺伝子）操作によって知的進化に介入し、現在の我々人類を創造したのかもしれないと長沼氏は考察する。
3. ミステリーを解き明かすガジェット予告編でも見られるが、複数の古代遺跡から発見された石版に描かれている共通のサインを重ね合わせ、スター・マップから衛星LV223への道しるべを導き出す場面。プロジェクターで空中に映像を映し出し、投影面をタッチパネルのように操作する姿に遠い未来への夢を馳せるが、このようなプロジェクターは現実世界ですでに開発が進められており、汎用化まであと数歩のところにまで来ているそうだ。
プロジェクターで空中に映像を映し出し、投影面をタッチパネルのように操作する姿に遠い未来への夢を馳せるが、このようなプロジェクターは現実世界ですでに開発が進められており、汎用化まであと数歩のところにまで来ているそうだ。また、辿り着いたLV223の遺跡で、赤いレーザー光線を放ち、浮遊しながら遺跡の立体地図を描く“パピー（子犬）”と呼ばれる装置が登場するのだが、レーザー距離計は現在すでに市販化されており、人類最古のピラミッドをスキャンして、その外観から内部の迷路まで3D形状を再現することに成功している。
また、辿り着いたLV223の遺跡で、赤いレーザー光線を放ち、浮遊しながら遺跡の立体地図を描く“パピー（子犬）”と呼ばれる装置が登場するのだが、レーザー距離計は現在すでに市販化されており、人類最古のピラミッドをスキャンして、その外観から内部の迷路まで3D形状を再現することに成功している。4. 人間の能力を超えるアンドロイド16人のクルーとともにプロメテウス号に乗船し、重要な鍵を握るのがアンドロイドのデヴィッドだ。コンピューターの性能は1年半ごとに倍増するという「ムーアの法則」に従えば、今から33年後の2045年には、人工知能が人間の能力を凌駕するという。本作の時代設定である2089年のアンドロイドが、人間よりも完成した“人間性”を備えていることは間違いないだろう。アンドロイドには「人間に危害を加えない」「人命優先の範囲で命令に服従する」「自分を守る」という“ロボット3原則”が適用されるが、創造主たる人間の悪意は、しばしば人の命よりも命令を優先させてしまうのだ。デヴィッドの真の目的とは？
デヴィッドの真の目的とは？古代ギリシア神話では、プロメテウスが天界から火を盗んで人間に与えたため、怒った神々が災いとして人類最初の女性パンドラを送り込み、彼女の開いた“パンドラの箱”によって世界は災厄で満たされた。果たして、神の名を題した宇宙船プロメテウスと、女性科学者エリザベスが辿りつく衝撃的真実とは!?
果たして、神の名を題した宇宙船プロメテウスと、女性科学者エリザベスが辿りつく衝撃的真実とは!?開けてはならない“パンドラの箱”、食べてはいけない“禁断の果実”。そして、あなたは『プロメテウス』の謎の答えを、決して知ってはいけない。
そして、あなたは『プロメテウス』の謎の答えを、決して知ってはいけない。・『プロメテウス』特集ページ『プロメテウス』 8/11（土）・8/12（日）・8/18（土）・8/19（日）先行上映決定（一部地域を除
・『プロメテウス』特集ページ『プロメテウス』 8/11（土）・8/12（日）・8/18（土）・8/19（日）先行上映決定（一部地域を除く） 8/24（金）TOHOシネマズ日劇ほか全国拡大公開＜3D／2D同時上映＞ 20世紀フォックス映画 配給 (c) 2012 TWENTIETH CENTURY FOX
く） 8/24（金）TOHOシネマズ日劇ほか全国拡大公開＜3D／2D同時上映＞ 20世紀フォックス映画 配給 (c) 2012 TWENTIETH CENTURY FOX・ミステリーキャンペーン・オフィシャルサイト
・ミステリーキャンペーン・オフィシャルサイトインタビュ—：ウィリー・ガーソン（モジー役） ウィリー・ガーソン：みなさん、アイルランドからいらしたんですか？」——（笑）。今回のモジーという役についてなのですが、制作者のジェフ・イースティンさんと話し合いをされてキャラクターを作っていかれたのでしょうか？それと最初割と控えめだったのが、シーズンを追うごとにキャラクターとして活躍する部分が増えているのですが、その中にはご自分のアイディアもかなり入っているのでしょうか？
それと最初割と控えめだったのが、シーズンを追うごとにキャラクターとして活躍する部分が増えているのですが、その中にはご自分のアイディアもかなり入っているのでしょうか？ウィリー・ガーソン：（笑）。そうだね。撮影が始まる前に、ジェフ・イースティンとはしっかり話し合いをしたんだ。それでキャラクターについては、番組が進むにつれて、脚本家達が、それを演じている俳優達のことをより理解していったから、脚本家達が楽になって、台詞がスムーズに出てくるようになったんだと思うんだ。俳優達のことがより分かったから、彼らがどんなことを喜んでやるのかもより理解したし、どんなことを書きたいのかも分かったんだと思うんだ。とりわけ僕とジェフのコンビはすごく相性がいいし、ジェフはモジーにすごく拘りを持っているんだ（笑）。だから僕のキャラクターの出番がどんどん増えているんだと思うよ。
だから僕のキャラクターの出番がどんどん増えているんだと思うよ。——あなたはニュージャージー出身なので、ニューヨークのこともよくご存知と言ってよいですよね？
——あなたはニュージャージー出身なので、ニューヨークのこともよくご存知と言ってよいですよね？ウィリー・ガーソン：そうだね。僕は、ここから20マイル（32.1キロ）の所の出身で、川の反対側という感じなんだよね。僕の育った場所は、ニューヨーク郊外と呼ばれるような所だし、ニューヨークに住んでるも同じようなものだった。それに、僕は大学卒業後に、ニューヨークに引っ越ししたし、『セックス・アンド・ザ・シティ』の撮影はニューヨークだったしね。だから僕は自分をニューヨークに詳しい人間だと思っているんだ。
だから僕は自分をニューヨークに詳しい人間だと思っているんだ。——それでこの作品はニューヨークならではで、ニューヨークの街も魅力のひとつだと思うのですが、あなた自身ニューヨーカーなわけで、この作品のニューヨークっぽさとかニューヨーカーっぽさというのは、リアルだと思いますか？それとも実際とは違うと思いますか？
それとも実際とは違うと思いますか？ウィリー・ガーソン：こういう風にニューヨークを見ることは可能なんだけれども、でも、カメラマンは、僕らが日常的には見ないような方法でニューヨークを見せていると思うんだよね。つまり、ニューヨークを日々歩き回っているいるような人達ですら、こんな風にニューヨークを見るのを忘れてしまっているんだと思うんだ。例えば、ニューヨークの街を普通に歩いている人達のほとんどや、撮影している人達のほとんどは、こんな風に下を見ながら撮影しているけど、でも僕らは、こんな風に上を見上げるようにしか撮影しないんだよね。常に見上げているんだ。建築とか、ビルとか、空とか、美しいスカイラインとかをね。常にね。僕らは、低いアングルから上に向って撮影する。見下ろして撮影することは絶対にないんだ。それが他の番組とはすごく大きな違いを生み出していると思う。僕個人は、実はそうやってニューヨークを見ているし、僕はこうやって見上げて見るのが好きなんだけど、でも、街を歩く人達を見ているとひたすら見下ろしてる、こんな感じだからね。だから人それぞれとも言えるけど、でも、僕らの撮影方法は、あまり撮影されてないような方法だと思うんだよね。だからこの番組は他の番組とは違って見えると思うんだ。
だからこの番組は他の番組とは違って見えると思うんだ。シーズン２ではルックスも含めた意外な過去が明らかになって、ニール（・キャフリー）との友情の深さも改めて描かれていたと思うんですけれども、シーズン3ではモジーとニールの友情に何か新しい展開はありますか？
シーズン２ではルックスも含めた意外な過去が明らかになって、ニール（・キャフリー）との友情の深さも改めて描かれていたと思うんですけれども、シーズン3ではモジーとニールの友情に何か新しい展開はありますか？ウィリー・ガーソン：シーズン3ではふたりの関係性が試されることになるんだよね。なぜなら脚本家は、彼らはそもそも犯罪者であるということを絶対に忘れていないからね。だからシーズン3ではお互い敵対するような場面がたくさん出てくるし、シーズン2ではすべてが上手くいっていたけれども、シーズン3では、俺はこれがしたい、でもお前はそれがしたいのか？というようなことが起きるんだよね。僕らは結局犯罪者であり、お金が欲しいし、金塊や、貴金属が欲しいんだ。だからシーズン3でふたりの間の問題はより深刻になっていく。それから、僕らの過去についてさらに暴かれていくんだよね。もっと色々と過去について分かっていくんだ。だからすごく面白くなるはずなんだ。
——80年代からTVドラマで活躍されていますが、この20年間で、TVドラマの制作方法とか、撮影方法において、変化したと思われるのはどういう点ですか？
——80年代からTVドラマで活躍されていますが、この20年間で、TVドラマの制作方法とか、撮影方法において、変化したと思われるのはどういう点ですか？ウィリー・ガーソン：うん、変化したね。ひとつは、やはりお金だね。かつては、すべてを完璧にするためならいくらでも使うというやり方だったけど、今はどこまで安く作れるのか、という考え方に変わった。だから今はよ
だから今はより良い作品を完成させるためには、何もかもが大変になったんだ。なぜなら少しでも経費を削減しようとするからね。つまり今はすべてがどれだけ経費が削減できるのか、ということになってしまった。例えば『ホワイトカラー』の場合も、普通1時間番組というのは、8日間で撮影するものなんだけど、経費削減のために、たった７日間で撮影するんだ。つまり、1日に、（脚本の）10〜12ページ分くらい撮影をするんだよね。僕が80年代にTV番組に出演し始めた当時はーー参ったなあ、もうほとんど30年も経つのか（笑）ーー、8日以下で撮影することは絶対になかった。だから今のほうが大変だよ。ずっと大変になったんだ。
ずっと大変になったんだ。だけど、それでも素晴らしい作品にしたかったら、自分にできることはすべてやって素晴らしい番組を作っていくものなんだよね。その努力をしない番組もあるけど（笑）、でも僕らは全力を尽くしているんだ（笑）。
その努力をしない番組もあるけど（笑）、でも僕らは全力を尽くしているんだ（笑）。——劇中ニールとモジーの会話のシーンがすごく楽しいのですが、そこにアドリブだったり、あなたやマット・ボマーのアイディアが反映されていたりするのですか？ウィリー・ガーソン：それはあるね。僕らの脚本家は、役者と一緒に作り上げていくことをやり安く思ってくれているから、僕らに提案もさせてくれるし、台詞を変えたり、僕のキャラクターのモジーの場合は、ジョークを常に増やすんだよね。常にね。アメリカのTV局というのは、とりわけ、いつだって、より面白く、面白くしたがるものだからね。だから僕にもジョークを増やさせてくれるし、それが僕らの脚本家の素晴らしいところで、役者と一緒になって作り上げてくれるんだよね。だから、アイディアさえあれば、誰でもアイディアを出すことができるんだ。小道具の人でもね。僕は彼からアイディアをもらうことがほとんどなんだよね（笑）。誰だってアイディアは出していい。だからシーンを撮影をしている最中に、常に変え続けるし、どんどん良いものにしていって、最終的には完璧なものが完成しているというわけなんだ。
だからシーンを撮影をしている最中に、常に変え続けるし、どんどん良いものにしていって、最終的には完璧なものが完成しているというわけなんだ。——モジーさんとウィリーさんの性格はほぼ100％同じでしょうか？それともオンとオフでは切り替わって、撮影が終わったらすごく静かになったりするんでしょうか？ウィリー・ガーソン：それはないなあ。でも、モジーは僕がこれまで演じた役の中で、最も自分に近いキャラクターであることは間違いない。でも、もちろん彼は僕とは違うけどね。モジーはほとんどホームレスみたいな感じだけど、僕はホームレスではないからね（笑）。でも、僕に最も近いキャラクターであることは間違いないんだ。それから、とりわけアメリカにおいては、僕が誰なのかもうみんなに知られたから、俳優としては、自分とかけ離れていない役を演じたいという地点に来ているんだよね。なぜなら、視聴者は僕がどんな人間なのか知っているから、番組を見る時に、実際の僕をどういう風に見ているのかを重ねて見るものなんだよね。だから(『セックス・アンド・ザ・シティ』で)スタンフォードを演じている時は、すごく難しかったんだ。僕自身とはかけ離れていたからね。だけど、今こうして人に知られるようになったから、本当の自分自身により近い役をやらなくてはいけないと思ったんだ。そうしないと、僕は今後一生スタンフォードみたいな役を演じ続けることになる（笑）。だから今回は自分にすごく近い役にしたんだ。
だから今回は自分にすごく近い役にしたんだ。でも、オフとオンのスイッチの切り替えはすごく簡単だよ。今君達とこうして話していても、すぐにシーンを撮影できる。大きな切り替えはいらないんだ。
大きな切り替えはいらないんだ。——色んな犯罪ドラマがありますけれども、その中でこの作品が今非常に受けている理由は何だと思いますか？それとニールの魅力はモジーから語るとどんなところですか？ウィリー・ガーソン：犯罪ドラマというのは、常に人気があって、それは恐らくこれからだってずっとそうだと思うんだ。この番組の違うところは、そのタイトルにもあるように、『ホワイトカラー』の犯罪であるということ。だからこの番組では、誰かがTVを盗んで裏道を走っているというようなシーンはない。傑作とされているアートを盗んで裏道を走っている人は登場するかもしれないけどね（笑）。つまり、これは高級な犯罪を扱ったもので、それは他の番組ではあまり見ない。それに普通は、物語を面白くするために、道を逃げながら拳銃の撃ち合いのシーンというのは必ずあるものだけど、『ホワイトカラー』では、拳銃を撃つということ自体が本当にほとんどない。すべてはより感情的なものがベースになっているし、かしこい番組だと思う。つまりこの番組は、視聴者をバカと見なしてはいないんだよね。今は普通視聴者はバカだから、みんなのためにバカな番組を作ろうという番組のほうがほとんどだ。だけど、この番組は、視聴者はバカではない、と訴えている番組なんだよ
だけど、この番組は、視聴者はバカではない、と訴えている番組なんだよね。視聴者は賢く、長期に渡って感情的に起きていることについて付いていくことができる、と思っている。単に『爆発はどこだ？』とか『拳銃だ！』とかではなくてね。そしてそれは素晴らしいことだと思うんだ。
そしてそれは素晴らしいことだと思うんだ。それでもうひとつの質問は何だっけ？——モジーから見たニールの魅力的な部分はどこでしょうか？
——モジーから見たニールの魅力的な部分はどこでしょうか？ウィリー・ガーソン：ニールとモジーは、お互いに、すごく尊敬し合っているんだ。それにお互いがお互いにとってこれまで出会った人の中で、最も賢い人間でもあるしね。とりわけモジーは、社交的な人間ではないし、影にいるタイプだし、性格的に人と上手くやっていけないし、それから彼は見た目もこうだし、だからニールみたいな人は彼にとってはヒーローみたいなものなんだ。彼は優れた犯罪者であり、本当に賢くて、しかも見た目もかっこ良くて、女性にはモテモテで、だから、モジーは、ニールの友情によって自分が価値のある人間のように思えているんだ。それからニールはああいう人柄だから、モジーをそこまで尊敬した初めての人物じゃないかと思うんだ。彼はモジーを、まるで彼もロック・スターであるかのように扱ってくれるし、そのおかげでモジーも最高の気分になれる。自分が重要な人間であるように思えるんだ。それにニールは、モジーがどれだけ賢いのかも理解している。ほとんどの人は、モジーをのけ者にしてきたのにね。だけど、ニールは、『違う、違う、彼こそが最も大事なんだ』という風に見てくれた。だから、モジーは彼のパートナーになりたいと思うんだ。
だから、モジーは彼のパートナーになりたいと思うんだ。——モジーは、チェスが上手かったり、TVのドラマのDVDを見たりとか、オタクなところがあるんですけれども、実際そうですか？ウィリー・ガーソン：そうだね、僕も色んなものに対してオタクな方だと思うよ。モジーの凄いところは、彼はすべてのエキスパートであるところなんだ。そして、すべてのエキスパートになるためには、何もかも読むし、何もかも見るし、何もかも知っている。彼は、そういう思考回路なんだ。コンピューターみたいにね。だから常に活発に頭を働かせているし、チェスが最高に上手くなる。
だから常に活発に頭を働かせているし、チェスが最高に上手くなる。僕個人はチェスはやらないけど、ポーカーをやるんだ。それで、そういうことをやると、頭が常に働いているんだよね。コンピューターみたいにね。モジーの頭はそういう風に働いているんだ。
モジーの頭はそういう風に働いているんだ。——TV界全体を見た時に、日本から見るとアメリカのTVってすごくキャンセルが多かったり、面白くてもキャンセルになってしまって、厳しいなあと思うのですが、特に先シーズンの地上波、ネットワークの番組は、本当に厳しかったと思うのですが、あなたから見て個人的な意見でいいので、ケーブル局のこういう番組と地上波のネットワークの番組の状況の違いをどのように見ていますか？ウィリー・ガーソン：確かに、番組を継続させるのは本当に厳しい状況だと思う。さっきも言ったように、経費削減のためにね。TV番組を制作するには、本当に莫大な制作費がかかるからね。それにも増して、TV局の数もかなり多く、局間での競争もすごく激しい。だから始まってすぐに視聴者を獲得できなかったら、広告を出すスポンサーは付かないし、制作費が払えなくなる。しかも、最近はその決断を即雑にするようになったんだ。それはすごく悲しいことだよ。例えば有名な話しは、『となりのサインフェルド』で、それは史上最高に成功した番組だけど、始まった当初の視聴者はゼロだったんだ。誰も見てなかったんだ。だけど、そのまま番組は継続されたんだ。でも、そういうことは今は絶対に起きない。2、3のエピソードを放送して、視聴者がいなかったらキャンセルだ。だから、常に、すごく目立つことをし続けなくてはいけない。そして一度視聴者を獲得したらその後は大丈夫だけれども。そのまま視聴者を逃さなければね。つまり、怠けたことをしなければね。だけど、番組にとっては非常に厳しい状況であることは間違いない。だからそういうアメリカにおいて、僕らの番組が、USAネットワーク制作だったことをすごくラッキーに思っているんだ。彼らは、どのように番組を立ち上げるのかを慎重に考え、マーケティングから、プロモーションから、スポンサー集めまで入念にして、番組が開始することが誰にでも伝わるようにしっかりと準備をするんだ。番組制作過程ですごく時間をかけるんだよね。大量にお金を無駄にしないためにもね。つまり、開始した時には、絶対に視聴者が獲得できることが分かっている。だから僕らはこの番組が、USAネットワークで制作されてラッキーだと思っているんだよね。
・『ホワイトカラー “知的”犯罪ファイル』特集ページ - MOVIE ENTER
・『ホワイトカラー “知的”犯罪ファイル』特集ページ - MOVIE ENTER『メン・イン・ブラック』が帰ってくる！最新作の映像が解禁 人類に紛れて地球に生息する奇想天外な異星人を監視するMIBと称する極秘組織の抱腹絶倒なコンビJ（ウィル・スミス）とK（トミー・リー・ジョーンズ）の姿を描いた『メン・イン・ブラック』シリーズ。全世界で総計10億ドルを超えるメガヒットを記録した人気シリーズの最新作『メン・イン・ブラック3』が2012年5月25日より日米同時公開となる。期待が高まる今作のティザーポスターと動画が公開となった。
期待が高まる今作のティザーポスターと動画が公開となった。インターナショナル版のティザーポスターは、「MIB3」の文字の強弱で主役二人の姿を浮かび上がらせたスタイリッシュなものになっている。公開されたティザー動画はこちら。
公開されたティザー動画はこちら。ウィル・スミス、トミー・リー・ジョーンズの名コンビは健在。今作のストーリーは、この様になっている。ある日、なぜか単独で事件を追うKを不審に思い、Jがその真相を問いただそうとしたが、「知る必要のないことは、追うな」とまったく取り合わない。Ｊは怒りを露わにする。翌日、MIB本部で当該事件のファイルを閲覧しようとするがアクセス拒否となる。増々、不審に思ったJはKを探すが、どこを探しても見当たらない。上司に居場所を確認すると「Kは、40年以上前に亡くなった」という不可解な回答が返ってきて混乱するJ。どうやら今ある現在は、過去に書き換えられてしまったようだ…。その謎を解明すべく、Jは40年前にタイムスリップを試みる。この注目のストーリーの一端も本動画で触れている。
この注目のストーリーの一端も本動画で触れている。今回は、シリーズ初の3D作品。息の合ったコンビネーションアクションが立体的な迫力となるのは期待できる。
息の合ったコンビネーションアクションが立体的な迫力となるのは期待できる。12月16日から光と音が出るシリーズお馴染みのキーアイテム“ニューラライザー”型キーホルダー付の前売り券も発売。『メン・イン・ブラック3』は、2012年5月25日（金）よりTOHOシネマズ 日劇ほか日米同時公開となる。
【 MOVIE ENTER おすすめ記事 】 ・『スター・ウォーズ』や『アバター』に多大な影響を与えた世紀の大作、注目度No.1俳優が登場
【 MOVIE ENTER おすすめ記事 】 ・『スター・ウォーズ』や『アバター』に多大な影響を与えた世紀の大作、注目度No.1俳優が登場・スピルバーグが挑む“感動”の物語、『戦火の馬』の日本版予告映像＆ポスター公開
・レオ様が老人に？ 監督でさえ気付かなかった姿を公開
・ノオミ・ラパス「ロバート ・ダウニー・Jr.に抱きしめられて救われた」
木佐アナが夫にトーク指導「スピルバーグは“素敵な”お爺さん」 ロボット格闘技の世界を舞台に、人生に挫折した男の再起のドラマと、父と息子とのかけがえのない絆が描かれた、感動のアクション・エンターテイメント巨編『リアル・スティール』。12月9日の劇場公開に先駆けて、11月24日には都内にてトークショー付き試写会イベントが行われ、“リアル・スティール＝本当の強さを持つ人”として、埼玉西武ライオンズの石井一久投手と、フリーアナウンサーの木佐彩子夫妻が登壇した。
12月9日の劇場公開に先駆けて、11月24日には都内にてトークショー付き試写会イベントが行われ、“リアル・スティール＝本当の強さを持つ人”として、埼玉西武ライオンズの石井一久投手と、フリーアナウンサーの木佐彩子夫妻が登壇した。本作を初めて小学校4年生の息子と親子3人で鑑賞したという二人。その様子を、木佐は「息子もちょうど10歳ぐらいなんですけど、今までいわゆる子供っぽい映画ばかり観てたので、最初は『分かるかな？』と思ったら、ちゃんとストーリーにも付いていけてて、良い思い出の映画になりました。」と述べ、石井は「最初はロボットとかの戦いがメインなのかな？と思ったんですけど、息子も親子愛みたいなものをすごく感じたらしくて。ロボットの対戦よりも、そこにすごく惹かれていました。」と語り、お互いに息子の反応が気になる様子だった。
」と語り、お互いに息子の反応が気になる様子だった。最初は反発し合っていた父と子が絆を取り戻していく本作にちなみ、親子喧嘩について聞かれると、石井は「僕は家を空けることが多いんですけど、妻はいつも喧嘩というか、大声の怒鳴り合いをしてて。たまに僕がいる時は、夏とかドアを開けてるので、人に聞かれたら嫌だなと思って、僕は家の窓を閉める係ですね。」と暴露。
」と暴露。対する木佐は「このDNAが子供に行ってるので、子供もすごくのんびりした子で、朝とか着替えて、ご飯食べて行って欲しいんですけど、結構マイペースでのんびりしてるので。最初は小さい声なんですけど、どうしてもガァーッ！て大きくなっちゃうと、主人がソッと家中の窓を閉めてます。」と、息子のマイペースさは父親譲りであることを述べた。
」と、息子のマイペースさは父親譲りであることを述べた。また、映画の中で父子を見守る女性ベイリーに重ねて、野球選手の妻である木佐に秘訣を聞くと「選手の妻って色んなタイプがいると思うんですけど、うちの場合は、私はもう本当に普通にして。家の心地良さを、いい空間に。『ただいま』って帰って来て、いつも同じような空気感、温かい空気が流れているような雰囲気が出来れば、後はもう。そんな特別に何かするとかは無いです。でも、信頼は大事ですね。逆に、私達はそれさえあれば、後はもう子供も含めてそれぞれ、自分たちの世界で毎日頑張って、楽しいことをして、輝いていていいかなと思うので。繋がっているというのは大事ですね。」と自然体ながらも、信頼や繋がりの大切さを語った。
」と自然体ながらも、信頼や繋がりの大切さを語った。スピルバーグが構想に11年を費やした本作だが、石井は「僕がロサンゼルスに住んでいた時に、イタリアンレストランに行くと、よくスピルバーグさんがいらっしゃるんですよ。言い方が悪いんですけど、あのお爺さんがこんな素敵なものを創り上げるのかと思うと、すごくリスペクトというか。そんなにオーラが無いのに、すごい映画を創られるので、スゴイ方だなと思います。」と巨匠にもマイペース発言。「（お爺さん、ではなく）“素敵な”お爺さんね。」と木佐から指摘を受けた石井だが、自身のトークと聞かれると「ゆっくり話すとコマーシャルに行っちゃうから、生放送の時はなるべくハキハキ話しなさいって。」と、妻から指導を受けていたことを明かした。
」と、妻から指導を受けていたことを明かした。父と母、親として「子供にとってどんな存在でありたいか？」と聞かれると、木佐は「男の子ですし、うちは一人なので、これからの時代、逞しく、もうどんどん外に行って欲しいので。ただ『何かあったら、親の所に相談に来なさい』って言えるような存在でいたいと思っています。」とコメント。
」とコメント。石井は「メジャーリーグに挑戦して、夢を叶えた所は、息子は1歳、2歳で見せられてなくて。日本に帰って来てからは、日々挑戦している姿しか見せられていないので。『こういうことを努力したら、夢が叶うんだよ』っていうことを、これからの人生で僕が見本を見せられたらなと思います。夢を現実にさせて、それを息子に伝えられたらなと思ってます。」と述べた。
」と述べた。最後に本作の見所に付いて、石井は「すごく絆が深まる、温かいストーリーが僕はすごく好きだったので。お子さんがいらっしゃる方は、この映画を一緒に観た後は、親も子も素直な気持ちでいられると思います。すごく楽しかったです。」と紹介。
」と紹介。木佐は「今年は色んなことがあったので、皆さんきっと価値観が色々と変わった年だと思うんですけど、今年ほど、人と繋がっていたり、平凡なことに感謝したりした年は今まで無かったと思うんですね。そういった意味では、ワクワクドキドキ、楽しい映画なんですけど、すごく繋がりとか絆とかを考えさせられる映画で、是非皆さんも大切な人と観て頂ければと思います。」と述べ、ステージを後にした。
」と述べ、ステージを後にした。映画『リアル
映画『リアル・スティール』は、12月9日（金）より全国ロードショー。MOVIE ENTERの『リアル・スティール』特集ページでは、iPad2が当たるキャンペーンも実施中なので、お見逃し無く。
MOVIE ENTERの『リアル・スティール』特集ページでは、iPad2が当たるキャンペーンも実施中なので、お見逃し無く。・映画『リアル・スティール』特集ページ - MOVIE ENTER
・映画『リアル・スティール』特集ページ - MOVIE ENTER上島竜兵が「出川には負けない！」と極秘実験でイケメンマッチョに変身 芸能界一のリアクション芸人として名高い上島竜兵が、日頃からいじられ続けることに関して不満を持ち「もう肥後、ジモンの指図は受けない！ おでんも食わないし、熱湯風呂にも入らない!!」と逆襲を宣言。極秘実験「スーパーソルジャー計画」に参加して、自らの肉体を変えることを志願した。
極秘実験「スーパーソルジャー計画」に参加して、自らの肉体を変えることを志願した。これは、10月14日公開の『キャプテン・アメリカ/ザ・ファースト・アベンジャー』の記念イベント。
これは、10月14日公開の『キャプテン・アメリカ/ザ・ファースト・アベンジャー』の記念イベント。劇中では、貧弱だが人一倍正義感が強い主人公スティーブ・ロジャースが、軍の秘密実験“スーパーソルジャー”計画に参加し、身長、筋力、脚力、跳躍力を飛躍的に進化させ、善良な人格も極限までに増幅させたスーパーヒーロー“キャプテン・アメリカ”となる。
劇中では、貧弱だが人一倍正義感が強い主人公スティーブ・ロジャースが、軍の秘密実験“スーパーソルジャー”計画に参加し、身長、筋力、脚力、跳躍力を飛躍的に進化させ、善良な人格も極限までに増幅させたスーパーヒーロー“キャプテン・アメリカ”となる。今回、日本で行われる「スーパーソルジャー計画」は、ルックス、年齢、人格の補正も行い「和製キャプテン・アメリカ」を誕生させるというものだ。
今回、日本で行われる「スーパーソルジャー計画」は、ルックス、年齢、人格の補正も行い「和製キャプテン・アメリカ」を誕生させるというものだ。被験者となる上島は、「出川には負けない！ これで肉体を改造してバンジーでも爆破でも何でもできるようになる。」と意気込んでいた。しかし、実験に痛みや苦しみを伴うことが判明すると、急に弱気になり「プレイの時なら痛いのは良いけど。」と逃げ出そうとした。しかし、実験助手たちに取り押さえられて、機械に入れられてしまう。
しかし、実験助手たちに取り押さえられて、機械に入れられてしまう。強烈な光と白煙をあげる実験機械。実験機械から出てきたのは、見事にキャプテン・アメリカの姿に変わった上島竜兵（？）であった。しかし、「上島さんですか？」という質問に対し、「誰ですか？」という反応。帽子を渡しても得意のギャグである「クルリンパ」のやり方を忘れている。どうやら、記憶がなくなっている様である。
どうやら、記憶がなくなっている様である。もしかしたら「上島ではないのでは？」と言う疑惑もあったので、マスクを取ってもらうことに。マスクの下からは、甘いマスクが登場。和製キャプテン・アメリカの正体は、俳優、ファンション・モデルとして活躍するユージであった。ユージは、和製キャプテン・アメリカになったことに関して「ものすごい正義漢にあふれている。困っている人をみんな助けたくなります。僕が日本を救います。」と力強く語った。そして、なんとは、キャプテン・アメリカのプロモーションのために「副業／キャプテン・アメリカ」と入れた名刺も用意。マスコミたちによるフォトセッションは大いに盛り上がった。
マスコミたちによるフォトセッションは大いに盛り上がった。そんな中、完全に忘れ去られていた上島が乱入。ユージに「俺がいるからキャプテン・アメリカになれたんだろ」と詰め寄る。一瞬、険悪なムードになったが、上島のキスにより仲直り。ユージは「意外と唇がプルンとしていた」と、毎日はちみつリップクリームで整えている上島の唇の質の良さに驚いていた。
ユージは「意外と唇がプルンとしていた」と、毎日はちみつリップクリームで整えている上島の唇の質の良さに驚いていた。最後に、野田新首相に上島が似ていると話題になっていることについて聞いてみると「日本を変えるノダ。」と寒いギャグを披露。会場の温度は一気に冷めきった。しかし、「まだ練習中で、次まではちゃんとできるようにしてくる。」と便乗する気まんまんのコメントで笑いを誘った。
和製キャプテン・アメリカのスーパーソルジャー計画は、別人だったが、映画では、本当に、ひ弱な男がヒーローになる。その変化をぜひ楽しんでほしい。
その変化をぜひ楽しんでほしい。『キャプテン・アメリカ/ザ・ファースト・アベンジャー』は、10月14(金)より丸の内ルーブルほか全国超拡大3Dロードショ−。
『キャプテン・アメリカ/ザ・ファースト・アベンジャー』は、10月14(金)より丸の内ルーブルほか全国超拡大3Dロードショ−。・『キャプテン・アメリカ/ザ・ファースト・アベンジャー』オフィシャルサイト・「MOVIE ENTER × キャプテン・アメリカ」特集【 MOVIE ENTER おすすめニュース】
・『カウボーイ＆エイリアン』の新画像を独占入手、青く光る奇妙な金属に群がるカウボーイたち
・「サラリーマンNEO」のお酒をサントリーが発売
・アン・ハサウェイの夢が叶った、映画『ダークナイト』新キャットウーマンのビジュアル解禁
・インタビュー：相武紗季「コロンとしたお尻を見ただけでキュンとします」
AKB48篠田麻里子のコスプレ写真を公開！ナースにビールガールなど七変化 11月3日公開の映画『サラリーマンNEO 劇場版（笑）』出演する篠田麻里子のコスプレ姿の写真が公開された。・コスプレ写真「ナース」「ビールガール」「江戸時代風猫娘」 本作は小池徹平、生瀬勝久のダブル主演の映画で、篠田は、昼は新城（小池）、中西（生瀬）らが勤務するビール会社の受付嬢、そして夜は“転職バー”で秘密のアルバイトをするOL・マオという役柄で映画に華を添えている。会社ではチェック柄のかわいらしい受付嬢の夏服と冬服を披露。また、ボーダー柄のトップスにパンツというカジュアルな通勤スタイルも見せてくれる。本作の出演に関して篠田は「「サラリーマンNEO」は、TV版で培われたチーム力がありますので、初めは緊張していたのですが、撮影現場では、みなさん、役どころも面白いし、休憩中の会話も面白いので、楽しい撮影現場でした。私が入ることによって、その世界観や雰囲気が崩れないよう、そしてもっと良い作品になるように頑張りました。その結束されたチーム力が作品の中に凝縮されていると思いますので、ぜひご期待ください。」とコメント。演じたマオの役柄に関しては「冷たい人間だけれど母性もある、でもちょっとコメディも入っているような役ですが、割と普通の女の子の役です。今度NEOに参加するときには、“びしょびしょ秘書”のような強いキャラをやってみたいと思っています。」と語っている。マオは、会社に秘密で“転職バー”でも働いており、そこでは、ナース、ビールガール、エンジニア、そして江戸時代風猫娘など、セクシー系からキュート系まで様々なコスプレで登場する。そのことに関して篠田は「7変化の衣装に関して猫娘の格好はすごく好きです。あと、ナースの格好はみんなにいいね、と言われたので、ちょっと調子に乗りました（笑）。」とコスプレに関して、楽しんでいたようだった。今回公開されたのは「ナース」「ビールガール」「江戸時代風猫娘」の3ビジュアルなので、残りのコスプレ7変化の姿は、劇場で確認しよう。『サラリーマンNEO 劇場版（笑）』は、11月3日(木・祝) 全国ロードショー。
『サラリーマンNEO 劇場版（笑）』は、11月3日(木・祝) 全国ロードショー。・『サラリーマンNEO 劇場版（笑）』 - 作品情報 【MOVIE ENTER おすすめ記事】 ・美女たちがドレスの競演をした東京国際映画祭！スケスケのシースルー衣装を着たセクシー女優も ・空気を読まないけど、かわいいと思ってしまう新人の女の子 ・女子大生が体を張って、東京国際映画祭を告知 ・15歳の天才空手美少女が映画デビュー「気分はシンデレラ」
【いちおう妖ヶ劇場】第16話：“トランスフォーム”はしない、何せ偽物ですからの巻 映画好きのネコ仙人ら妖怪たちと共に、奇妙な貧乏生活を送っている元お嬢様の勅使河原 栄華（てしがわら えいか）。前回は、編集担当者が登場しパクリもといリスペクト映画の魅力を語ったが、今回はさらにその談義を便乗映画3作を用意して深めるようで——。・初めてなので過去の作品から読む
・初めてなので過去の作品から読む■次のページへ 『ターミネーター2018』（2004：スペイン）西暦2018年。アメリカ人のダンテは、スペイン不法入国の容疑でクファード大佐に逮捕された。移民収容所に収監されたダンテは、看守の隙をついて脱獄。だが、獰猛な警察犬ロットワイラーが、その後を執拗に追跡してくる。銃で撃っても、地中に埋めても、再び姿を現しダンテを付け狙う不死身の魔獣。その正体は、犯罪者追跡用に開発されたサイボーグ犬だった。
その正体は、犯罪者追跡用に開発されたサイボーグ犬だった。1 2 3 4
『ハリー・ポッター』からの卒業。エマ・ワトソンがセクシーダンスを披露する新作予告が公開 先日アメリカのカリフォルニア州で開催された“MTVムービー・アワード2012”では『ハリー・ポッターと死の秘宝 PART2』がベスト・キャスト賞、ベスト・ヒーロー賞などを受賞。世界歴代の興行収入では『アベンジャーズ』に抜かれ4位となってしまったものの、未だ根強い人気を保っていることを証明した。
世界歴代の興行収入では『アベンジャーズ』に抜かれ4位となってしまったものの、未だ根強い人気を保っていることを証明した。その『ハリー・ポッター』メインキャストのひとり、ハーマイオニー役で一躍売れっ子女優となったエマ・ワトソン。彼女がヒロインを務める話題作『ザ・パークス・オブ・ビーイング・ア・ウォールフラワー/The Perks of Being A Wallflower（原題）』の予告編が米国で公開されている。
彼女がヒロインを務める話題作『ザ・パークス・オブ・ビーイング・ア・ウォールフラワー/The Perks of Being A Wallflower（原題）』の予告編が米国で公開されている。その予告編がこちら エマ・ワトソンはこれまでの出演作では見られなかった、つやのある演技を初披露。予告編では胸元の開いたセクシードレスに身を包み、見事なダンスを踊っている。とはいえ、本作は青春映画。周囲に溶け込めない高校生たちが、自分たちの居場所を探そうと悩み、葛藤する姿を描いたドラマということだ。さらにイギリス人であるエマが、アメリカ人役に挑戦し、イギリス英語を捨て去っている。急激にアダルトな演技をしているわけではないが、俳優として新たな一歩を踏み出しているようだ。
急激にアダルトな演技をしているわけではないが、俳優として新たな一歩を踏み出しているようだ。主演は『三銃士/王妃の首飾りとダ・ヴィンチの飛行船』のローガン・ラーマン。また製作陣に名優ジョン・マルコビッチら、青春映画の名作『JUNO/ジュノ』のスタッフが再集結している。間違いなくほろ苦い青春ストーリーになっていることだろう。
間違いなくほろ苦い青春ストーリーになっていることだろう。『The Perks of Being A Wallflower』は9月14日全米公開。日本公開は未定。・『The Perks of Being A Wallflower』 - 公式サイト・エマ・ワトソン - 写真ギャラリー
【MOVIE ENTER おすすめ記事】・片腕を奪われた少女を五体満足の女優が演じる方法とは・美少女が高校時代を振り返る「恋愛より友達と遊ぶことに夢中」・【編集部的映画批評】おぞましい“先生を流産させる”映画の盛況の秘密とは・ノオミ・ラパスかシャーリーズ・セロンか、『プロメテウス』のワールドプレミアでドレス対決
【MOVIE ENTER おすすめ記事】・片腕を奪われた少女を五体満足の女優が演じる方法とは・美少女が高校時代を振り返る「恋愛より友達と遊ぶことに夢中」・【編集部的映画批評】おぞましい“先生を流産させる”映画の盛況の秘密とは・ノオミ・ラパスかシャーリーズ・セロンか、『プロメテウス』のワールドプレミアでドレス対決映画『ベルセルク』、スフィアから豊崎＆寿の出演が決定 2012年1月より公開となる映画『ベルセルク 黄金時代I 覇王の卵篇』の第2弾となる声優キャストが発表された。すでに発表されている主要キャスト、ガッツ、グリフィス、キャスカに続き、声優ユニット“スフィア”から豊崎愛生、寿美菜子らの出演が決定した。
すでに発表されている主要キャスト、ガッツ、グリフィス、キャスカに続き、声優ユニット“スフィア”から豊崎愛生、寿美菜子らの出演が決定した。本作の原作は、不朽の傑作として、のちの多くのファンタジー作品に影響を与えてきた。単行本は、ヨーロッパやアジア、ロシア、南米といった世界中で翻訳版が出版され、国内はもちろんのこと、海外での人気も絶大。35巻までで、国内外あわせて累計3000万部を突破しており、日本を代表する超大作といえる。
35巻までで、国内外あわせて累計3000万部を突破しており、日本を代表する超大作といえる。本作は、連載20年以上に及ぶ物語全てを映像化する壮大なサーガプロジェクトの第1弾。ファンの間で最も人気が高い“黄金時代”を3部作構成で映画化する。国内最高峰の技術を誇るSTUDIO4℃が手描きとデジタルのハイブリッド映像を追求し、映像を手掛ける。
国内最高峰の技術を誇るSTUDIO4℃が手描きとデジタルのハイブリッド映像を追求し、映像を手掛ける。物語の舞台となるのは、富と領土を渇望する国家が過酷な争いを続ける“百年戦争”時代。傭兵を生業とする孤独な剣士ガッツは、野望に満ち輝いた男・グリフィスに出会い、友情で結ばれが——壮絶な運命が二人を待ち受けていた。
傭兵を生業とする孤独な剣士ガッツは、野望に満ち輝いた男・グリフィスに出会い、友情で結ばれが——壮絶な運命が二人を待ち受けていた。今回、発表されたキャストは以下の通り。注目すべきは、女性声優4人からなるユニット“スフィア”のメンバーである豊崎愛生と寿美菜子が、それぞれ主人公のガッツが所属する鷹の団が仕えるミッドランド王国の王女・シャルロット役、鷹の団の幼い兵士・リッケルト役を務めることだ。また、ミッドランド国王の弟で、鷹の団を敵対視するユリウス役に『24-TWENTY FOUR-』のジャック・バウアー役を務めた小山力也が決定。小山は、アドン役も務め、2役に挑戦する。
小山は、アドン役も務め、2役に挑戦する。彼らから、意気込みや本作への思いを語るコメントが届いた。
彼らから、意気込みや本作への思いを語るコメントが届いた。ジュドー役：梶裕貴 演じさせていただいたジュドーをはじめ、原作通りの濃いキャラクター達が生き生きと登場します。STUDIO4℃さんの絵がとても美しく、特にバトルシーンの迫力は圧巻です。原作ファンの方はもちろん、まだ原作を読んでいないという方も、この映画をご覧いただけば『ベルセルク』の魅力にどっぷりハマること間違いありません。是非、劇場にお越し下さい。
是非、劇場にお越し下さい。リッケルト役：寿美菜子 長く続いていて、全世界で大人気のベルセルクという作品に関わることが出来ること、とても嬉しいです。作品の世界観と言い、絶対に映画館で観ると迫力満点で面白いこと間違いなしです。自分自身なかなか演じることのない男の子なので、たくさんの挑戦が待ってると思いますが、最後まで演じきりたいと思います。
自分自身なかなか演じることのない男の子なので、たくさんの挑戦が待ってると思いますが、最後まで演じきりたいと思います。ピピン役：藤原貴弘 『ベルセルク』は、今回初めて読ませてもらったのですが、大迫力の戦場シーンがとても好きで、人間のリアリズムを感じました。好きなキャラクターは、自分が演じさせてもらう、力強くて優しいピピンです。泥にまみれた戦場に、さまざまな感情と信念がぶつかった群像劇を、是非劇場で楽しんでください。
泥にまみれた戦場に、さまざまな感情と信念がぶつかった群像劇を、是非劇場で楽しんでください。コルカス役：松本ヨシロウ 『ベルセルク』は学生時代に読んでいました。いろんな意味でドキドキする、衝撃的な漫画です。登場人物が皆、人間臭くて良いですね。特に、ガッツにきつくあたるコルカスが魅力的です。
特に、ガッツにきつくあたるコルカスが魅力的です。映画も、きっとファンのみなさんにも堪能していただける作品になっているはずです。僕も劇場で楽しみたいと思いますので、是非みなさんも劇場に来てください。
ガストン役：矢尾一樹 みなさん、『ベルセルク』好きですか？私、恥ずかしながら、今回初めて参加させていただいて『ベルセルク』を知りました。楽しかったです。面白い世界観、そしてとても深い人間関係が魅力ですね。みなさん、この世界観にどっぷりと漬かっていただきたいと思います。期待していてください。
期待していてください。シャルロット役：豊崎愛生 私が演じさせていただくのはミッドランド王国の王女、シャルロットです。もともと作品のことは存じていましたが、今またシャルロットの目線を意識しながら漫画を読み返し、収録に向けてイメージを膨らませているところです。『ベルセルク』の壮大な世界観、魅力的なキャラクターを、アニメでもしっかり引き継ぎ、表現できるようがんばります。
『ベルセルク』の壮大な世界観、魅力的なキャラクターを、アニメでもしっかり引き継ぎ、表現できるようがんばります。ユリウス役／アドン役：小山力也 原作はよく知らなかったのですが、連載20年を超える非常に有名な作品。劇場版として3部作で公開されるということで、とても期待しています。ユリウスとアドンという2役をやらせていただきますが、あまりにも対照的な人物なので、その両極端を楽しんで演じさせていただきます。是非劇場で見てください。
是非劇場で見てください。ゾッド役：三宅健太 僕が演じるのは、戦いの中で生きる迷いのない戦士ゾッド。学生当時、原作を貪るように読んでいた記憶がよみがえってきて、果たしてゾッドを演じられるのだろうか、とい
学生当時、原作を貪るように読んでいた記憶がよみがえってきて、果たしてゾッドを演じられるのだろうか、という戸惑いもありました。大きいスクリーンで、まさにストーリーに負けない迫力のある映像でおおくりするということで、すごくうれしく思っています。腹にちょっとだけ力を入れて、この壮大な作品を楽しんでください。
腹にちょっとだけ力を入れて、この壮大な作品を楽しんでください。史上最強のダークファンタジーといわれ、公開前から話題となっている本作。続々とキャストが発表され、どのような仕上がりとなるのか楽しみである。
続々とキャストが発表され、どのような仕上がりとなるのか楽しみである。2012年1月より全国公開。・映画『ベルセルク 黄金時代I 覇王の卵篇』 - 公式サイト・映画『ベルセルク 黄金時代篇I 覇王の卵 』-公式Twitter
・映画『ベルセルク 黄金時代I 覇王の卵篇』 - 公式サイト・映画『ベルセルク 黄金時代篇I 覇王の卵 』-公式Twitter【関連ニュース】・ハリポタシリーズに続くか、映画『ベルセルク』の声優が決定・窪岡監督「なにやらすごいものが出来つつあります」 人気漫画『ベルセルク』が映画化、本日より特報映像が解禁！・三浦建太郎直筆！映画『ベルセルク 黄金時代篇I 覇王の卵』の広報担当キャラクターが登場
使われなくなった地下鉄ホームに巨大人面像が出現 生きる伝説リドリー・スコット監督が満を持して放つ、「人類の起源」という壮大な謎に迫る今夏最大のミステリー話題作『プロメテウス』。“決して開けてはならない”特典グッズ付前売り券、“絶対に開けてはいけない”謎のコインロッカーなど謎に包まれたプロモーション施策を実施中の本作が、新たに“衝撃度120%”のビッグ・プロモーション『プロメテウス』ミステリー・ステーションを行った。
“決して開けてはならない”特典グッズ付前売り券、“絶対に開けてはいけない”謎のコインロッカーなど謎に包まれたプロモーション施策を実施中の本作が、新たに“衝撃度120%”のビッグ・プロモーション『プロメテウス』ミステリー・ステーションを行った。8月6日から12日までの期間限定で、銀座線旧表参道駅ホームに『プロメテウス』特別仕様のプラットホームが出現。これは東京メトロ銀座線、表参道⇔渋谷間の車内の乗客だけが目撃できる「謎のミステリー・ステーション」で、作品の衝撃度に相応しい話題性抜群の試みに、通過する際は銀座線車内でどよめきが起こっている。
これは東京メトロ銀座線、表参道⇔渋谷間の車内の乗客だけが目撃できる「謎のミステリー・ステーション」で、作品の衝撃度に相応しい話題性抜群の試みに、通過する際は銀座線車内でどよめきが起こっている。これは配給の20世紀FOX映画の発案で実現した、使用しなくなったホームを使用した広告という初の試みで、今年5月の『プロメテウス』フランス公開時に、パリの地下鉄メトロ9号線のストラスブール＝サン＝ドニ駅とレピュブリック駅との間に、フランスの20世紀FOX映画が『プロメテウス』駅を登場させ、大いに話題になった。
これは配給の20世紀FOX映画の発案で実現した、使用しなくなったホームを使用した広告という初の試みで、今年5月の『プロメテウス』フランス公開時に、パリの地下鉄メトロ9号線のストラスブール＝サン＝ドニ駅とレピュブリック駅との間に、フランスの20世紀FOX映画が『プロメテウス』駅を登場させ、大いに話題になった。地下鉄の窓からぼんやり外を見ていると突如現れるこの『プロメテウス』駅に、乗客からが意表を付かれたこの試みが話題になり、5月30日のフランス公開では初登場第1位の大ヒットスタートを切った。観客に驚きをもたらすこの夏一番の壮大なミステリー超大作に相応しい、この驚愕のプロモーションを日本でも実現したい！という日本の20世紀FOXからの働き掛けで実現に至った。
という日本の20世紀FOXからの働き掛けで実現に至った。企画は約半年前、日本で同様の展開が可能な「使用されなくなった駅」を探すところからスタート。担当者は「まず、このような多数の利用者の目に触れる効果的なスペースが見つかるとは思っていなかったので、現在使用されていない“旧表参道駅ホーム”にたどり着いた時には、最高の場所が見つかったと思いました」と当時を振り返る。
担当者は「まず、このような多数の利用者の目に触れる効果的なスペースが見つかるとは思っていなかったので、現在使用されていない“旧表参道駅ホーム”にたどり着いた時には、最高の場所が見つかったと思いました」と当時を振り返る。写真一覧（10枚）
その後、関係各署との調整が済み、実現にGOサインが出たのが、約一か月前の7月13日。通常なら製作に3か月かかる巨大オブジェを3週間で完成させるべく、製作スタッフは急ピッチで邁進。8月4日・5日両日の終電後から始発までの限られた時間を利用して設置が行われ、6日始発時から、旧表参道駅ホームに総製作費2000万円の『プロメテウス』ミステリー・ステーションが登場した。
8月4日・5日両日の終電後から始発までの限られた時間を利用して設置が行われ、6日始発時から、旧表参道駅ホームに総製作費2000万円の『プロメテウス』ミステリー・ステーションが登場した。東京の中心部に出現するミステリー・ステーションは、「人類の起源」という壮大なミステリーの世界に、我々を導くことができるのか?!
東京の中心部に出現するミステリー・ステーションは、「人類の起源」という壮大なミステリーの世界に、我々を導くことができるのか?!東京メトロ銀座線に乗車して、衝撃の真実を目撃せよ!!
『プロメテウス』特集ページ
仮面ライダーヒロインの清水富美加、舞台挨拶で緊張状態が大気圏突破 「すごいんですよ！本当に！すごいんです！」仮面ライダーフォーゼのヒロイン・城島ユウキ役の清水富美加が興奮した様子で連呼する。28日、東京・銀座の丸の内TOEI1にて、仮面ライダー生誕40周年を締めくくる記念作品『仮面ライダー×仮面ライダー フォーゼ＆オーズ MOVIE大戦 MEGA MAX』の完成披露試写会が行われた。舞台挨拶には、福士蒼汰、高橋龍輝、清水富美加ら『仮面ライダーフォーゼ』のキャストに、渡部秀、三浦涼介、高田里穂ら『仮面ライダー オーズ』のキャスト、本作に特別出演したダンテ・カーヴァー、真野恵里菜、益岡徹、荒井敦史、そして、監督を務めた坂本浩一が登壇した。
舞台挨拶には、福士蒼汰、高橋龍輝、清水富美加ら『仮面ライダーフォーゼ』のキャストに、渡部秀、三浦涼介、高田里穂ら『仮面ライダー オーズ』のキャスト、本作に特別出演したダンテ・カーヴァー、真野恵里菜、益岡徹、荒井敦史、そして、監督を務めた坂本浩一が登壇した。・真福士蒼汰、野恵里菜らの写真一覧（舞台挨拶、記者会見）
まずは、8月28日にTVシリーズの放送が終了した仮面ライダーオーズ（火野映司）役の渡部秀が「みんなただいまー！」と挨拶。会場から「おかえりー！」という元気な声がかえってきた。
」という元気な声がかえってきた。渡部は、本作について「フォーゼにオーズ、そして、伝説の7人ライダーが共演するので、メガ盛り、いやギガ盛りな作品になっている。」と自信を見せた。
」と自信を見せた。続いて、仮面ライダーフォーゼ（如月弦太朗）役の福士蒼汰が、本作の見どころについて「坂本監督だったのでアクションシーンがすごいです。弦太朗は、TVでも暴れているのですが、映画はさらに暴れています。この大きなスクリーンで観て欲しいです。」とアクションシーンの迫力について語った。坂本監督は『仮面ライダーW』の本編及び同作の劇場版、Vシネマの監督を務めていて、アクションシーンの演出に定評がある。本作でも、アクロバティックなライダーたちの動きと必殺技の応酬で、スクリーンに目を釘付けにさせてくれる。
本作でも、アクロバティックなライダーたちの動きと必殺技の応酬で、スクリーンに目を釘付けにさせてくれる。仮面ライダーフォーゼの劇場版が公開されるのは、今回が初。そのせいか、キャストたちの思い入れも強いようだ。フォーゼのヒロイン役の清水は、緊張のせいか「すごいんですよ！本当に！メガマックスなんです！」と同じ感想を4度も連呼。かなり感極まっていたようだ。見どころについては「仮面ライダー部が一つになったからこそ、はじめてできたシーンがあって、そこは泣いちゃいます。」と、フォーゼをサポートする「仮面ライダー部」の仲間たちの友情について触れた。どの様なシーンになっているかは劇場で確認して欲しい。
どの様なシーンになっているかは劇場で確認して欲しい。「観たさで大気圏突破か!?」と勢い良く最後にコメント加えた清水。緊張も大気圏を突破したが、それだけ強い思いを持ってつくられた作品ということでもあるので期待ができそうだ。
緊張も大気圏を突破したが、それだけ強い思いを持ってつくられた作品ということでもあるので期待ができそうだ。本作は、他にも初の“女子高生仮面ライダー”を真野恵里菜が演じたことでも話題になっている。舞台挨拶の前の記者会見では、ファンの熱狂ぶりについても語られている。
舞台挨拶の前の記者会見では、ファンの熱狂ぶりについても語られている。・【記者会見記事】真野恵里菜「女子高生仮面ライダーになってTwitterのフォロワーが増えた」
・【記者会見記事】真野恵里菜「女子高生仮面ライダーになってTwitterのフォロワーが増えた」今回、真野が演じる美咲撫子と如月弦太朗の淡い恋模様のシーンがある。真野は、美咲を演じる際に監督から「演じる時に僕をキュンキュンさせてください。」とアドバイスされたそうだ。その成果は……カットがかかる度に「かわいい」と監督に言わせた程だったようだ。アクションや友情シーンの他にも、真野のかわいらしさも見どころの様である。
アクションや友情シーンの他にも、真野のかわいらしさも見どころの様である。タイトル通りに見どころがメガマックスな映画『仮面ライダー×仮面ライダー フォーゼ＆オーズ MOVIE大戦 MEGA MAX』は、12月10日から全国ロードショーとなる。
【 MOVIE ENTER おすすめ記事 】・『荒川アンダー ザ ブリッジ』の“荒川ワールド”満載な予告＆ポスターが公開 ・女だらけの地球防衛隊「チームＵ」にAKB48選抜メンバーが就任 ・若者の間で社会現象を巻き起こした名作『池袋ウエストゲートパーク』がBeeマンガに ・戦争に利用され傷ついた悲しきヒーロー
インタビュー：谷村美月「些細なことで感動することって、たくさんある」 広島城や原爆ドームなど広島の名所で撮影され、10月22日より広島先行公開となる映画『サルベージ・マイス』。本来の持ち主に宝物を返すことを生業とする正義の怪盗“サルベージ・マイス”を演じるのは、本作がアクション初挑戦となる若手実力派女優・谷村美月。21歳にして数多くの映画に出演し、多彩な役柄を演じ分ける彼女に、共演者である15歳の空手美少女・長野じゅりあとのエピソードや、彼女自身が感じる“世直し”などについて話を聞いた。
21歳にして数多くの映画に出演し、多彩な役柄を演じ分ける彼女に、共演者である15歳の空手美少女・長野じゅりあとのエピソードや、彼女自身が感じる“世直し”などについて話を聞いた。——『サルベージ・マイス』は“義理と人情の街”広島が舞台となっていますが、撮影で滞在されてみて、広島の場所や人柄で何か感じることはありましたか？
——『サルベージ・マイス』は“義理と人情の街”広島が舞台となっていますが、撮影で滞在されてみて、広島の場所や人柄で何か感じることはありましたか？谷村美月（以降、谷村）：実際に広島城とか、広島の名所で撮影があって、具体的にココというよりは、2〜3週間ほどでしたが、東京に帰ってくるのではなく、ずっと広島にいて。作品に寄り添うような形で、ずっと現場に居られたので、その土地で撮影をする大切さに気付きました。
作品に寄り添うような形で、ずっと現場に居られたので、その土地で撮影をする大切さに気付きました。——お好み焼きを食べるシーンもありましたが、美味しい物は食べられましたか？谷村：やっぱり、お好み焼きですね。母が広島出身なので、広島焼きは家でも食べる機会が多かったんですけど、広島にうどんとそばを選べるお店があって、「広島焼きに、うどんを入れるんだ！」という発見があったり。
」という発見があったり。私は生モノやお刺身が苦手で、美味しいお魚とかは食べられないので、食べられる物が限られてはいたんですけどね。
——今回演じられた真唯は明るい性格の持ち主でしたが、谷村さんご自身と比べて共通点を感じる部分はありますか？谷村：真唯ちゃんは、私の中にもある部分なんだと思います。映画の中では「こういう役柄」ってハッキリしないまま終わっているんですけど、複雑というか、色んな面を持った女の子だなと、観終わってから思いました。
映画の中では「こういう役柄」ってハッキリしないまま終わっているんですけど、複雑というか、色んな面を持った女の子だなと、観終わってから思いました。——今まで難しい役柄や、不幸な設定のキャラクターを多く演じられている印象がありますが、役のイメージの影響で、谷村さん自身のイメージを周囲の人から「こういう人だよね」と言われたり、逆に自分としては「こういう人間だ」と実感していることはありますか？
——今まで難しい役柄や、不幸な設定のキャラクターを多く演じられている印象がありますが、役のイメージの影響で、谷村さん自身のイメージを周囲の人から「こういう人だよね」と言われたり、逆に自分としては「こういう人間だ」と実感していることはありますか？谷村：よくお仕事をしていて言われるイメージは、役の印象かもしれないんですけど、「ミステリアス」とか。確かに読書が好きで、本は読みますけど、「落ち着いてる」とか「静かそう」と言われますね（笑）。ちょっとアクティブな一面を見せると、驚かれたり。でも、学生の頃はむしろ、じっとしていられない、スポーツが大好きな女の子だったので。私からしたら、そっちの方が私自身なのかな？とも思ったりします。
とも思ったりします。——谷村さんはダンスの経験もあるそうですが、今作でアクションに初挑戦されてみて如何でしたか？谷村：同じ映画とはいえ、見せ方がちょっと違うものなのかな？と現場に居て感じましたね。難しかったです。格好とか決めポーズが色々ある中で、その上で芝居をしなきゃいけないので、普段の2倍仕事をしているような。色々なことに意識を分散させなきゃいけなかったので、作品全体のことを考えることが多かったかもしれないですね。
色々なことに意識を分散させなきゃいけなかったので、作品全体のことを考えることが多かったかもしれないですね。——ダンスは、どんなジャンルですか？
——ダンスは、どんなジャンルですか？谷村：一応、中学の部活で3年間ほどジャズダンスをやっていました。
谷村：一応、中学の部活で3年間ほどジャズダンスをやっていました。——以前、清水翔太さんのミュージックビデオではクラシックバレエを踊られていましたが、その撮影のためだけに練習されたんですか？谷村：そうなんですよ。そのミュージックビデオ撮影のために1日8時間位みっちり、先生にガチガチに鍛えられて。でも、そういう成果が今も体が柔らかいという点で残っていたりするので、今回それを活かしてアクションとして取り入れていることが多かったですね。
北野武監督が全世界へ殴り込み、怒号が飛び交う口撃シーン 現在、撮影が進められている北野武監督の最新作『アウトレイジ ビヨンド』が、5月16日より開催されている第65回カンヌ映画祭で、全世界へ向けてセールスされることが決定。さらに、圧巻のメイキング映像が公開された。
さらに、圧巻のメイキング映像が公開された。前作『アウトレイジ』（2010年）の完結編となる本作は、4月2日にクランクインし、現在も順調に撮影が進んでいる。前作は、第63回カンヌ映画祭のコンペティション部門で上映され、衝撃的なバイオレンスシーンで観客の度肝を抜いた。本作では、前作を上回る迫力でキャストが“悪人”を熱演しているという。
本作では、前作を上回る迫力でキャストが“悪人”を熱演しているという。注目なのは、新たに登場する関西最大勢力“花菱会”の若頭・西野を演じる西田敏行や、幹部の中田を演じる塩見三省ら北野映画に初参加する面々だ。
注目なのは、新たに登場する関西最大勢力“花菱会”の若頭・西野を演じる西田敏行や、幹部の中田を演じる塩見三省ら北野映画に初参加する面々だ。今回、公開されたメイキング映像は、5月15日に神戸で撮影された、関東（ビートたけし）VS関西（花菱会）の怒号が飛び交う圧巻の口撃シーンだ。
今回、公開されたメイキング映像は、5月15日に神戸で撮影された、関東（ビートたけし）VS関西（花菱会）の怒号が飛び交う圧巻の口撃シーンだ。アクションと見紛うばかりの緊張と興奮の“アウトレイジ・シーン”は、本作に欠かせないシーンのひとつだ。
アクションと見紛うばかりの緊張と興奮の“アウトレイジ・シーン”は、本作に欠かせないシーンのひとつだ。前作は、アメリカ、フランス、韓国など世界各国で上映されており、その完結編となる本作は、世界中の映画ファンから注目されること間違いなしだ。カンヌ映画祭で本作のプリセールスが開始され、さらにカンヌ映画祭65周年記念として、北野監督に関連する作品が上映されることも決定した。森昌之プロデューサーは、「すでに国外の映画関係者から、製作進行状況についての問い合わせをいただいております。話題性を含め、注目度はかなり高いので、前作を超えるセールスを期待しております。北野監督にとっても前作以上の自信作ですので、世界中で公開されるよう、ここからスタートしたいと思います」と、意気込みを語った。
北野監督にとっても前作以上の自信作ですので、世界中で公開されるよう、ここからスタートしたいと思います」と、意気込みを語った。また、関東一円を取り仕切る山王会本家の若頭・石原役の加瀬亮は、撮影の合間をぬって、自身出演作でイランの名匠アッバス・キアロスタミ監督作品『Like Someone In Love』がコンペティション部門で上映されるため渡仏を決定。加瀬は、今回の渡仏について「カンヌ映画祭でキアロスタミ監督との再会と、上映を楽しみにしています。北野武監督の最新作撮影中での参加となりますが、この映画についても、多くの方に広めてこられたらと思います」と、コメントした。
北野武監督の最新作撮影中での参加となりますが、この映画についても、多くの方に広めてこられたらと思います」と、コメントした。北野監督作品史上最大となる全国200館以上での劇場公開も決定しており、これからますます目が離せない。また、世界中が本作の動向に注目しており、前作を“ビヨンド（＝超える）”することが期待される。
また、世界中が本作の動向に注目しており、前作を“ビヨンド（＝超える）”することが期待される。映画『アウトレイジ ビヨンド』は、10月6日（土）より新宿バルト9、新宿ピカデリーほか全国ロードショー。・映画『アウトレイジ ビヨンド』 - 公式サイト
【MOVIE ENTERおすすめ特集】・海外ドラマ『スパルタカス』特集 − 紗綾がセクシー甲冑に挑戦する特別企画も！・『リアル・スティール』ブルーレイ/DVD/オンデマンド特集 - 興奮VS感動 どちらが勝つか！・『ガール』特集 - 香里奈、麻生久美子ら競演の“女子力のバイブル”
・『ガール』特集 - 香里奈、麻生久美子ら競演の“女子力のバイブル”・MOVIE ENTERのTOPへ
・MOVIE ENTERのTOPへ“人類の起源”は、決して開けてはならないパンドラの箱なのか この夏おすすめの映画をジャンル別に特集する「MOVIE ENTER 夏映画2012」特集。SF編として“映画は芸術”ハラが紹介するのは『プロメテウス』（8月24日公開）です。『エイリアン』や『グラディエーター』などで映画史上に幾多の金字塔を打ち建ててきた巨匠リドリー・スコットが今夏、「人類はどこから来たのか？」という我々地球人にとって最大のミステリーである“人類の起源”に迫ります。（特集ページへ）
（特集ページへ）『プロメテウス』 宇宙における人類の起源を解明しようと宇宙に旅立った探検者たちは、遂にその手がかりを発見。しかし、それは同時に彼らを宇宙の暗黒への旅へと誘うものであった。そして、彼らはそこで、人類の存亡をかけた凄惨たる戦いに挑むことになるのだが…。
そして、彼らはそこで、人類の存亡をかけた凄惨たる戦いに挑むことになるのだが…。Hot! point 1：人類最大の謎“人類の起源” 進化論の提唱者チャールズ・ダーウィンは1859年に発表した「種の起原」の中で、全ての生物種は共通の祖先から自然淘汰と突然変異を繰り返しながら進化した存在であると発表。神によって天地万物が創造されたとする創造論に異を唱えながらも、科学と宗教は今日まで共存を果たしてきました。世界各地の古代遺跡で共通のサイン＝創造主からの招待状 を発見した主人公のエリザベスら一行は、神でも進化論でもDNAでもない“人類の起源”の謎を解き明かすべく、地球から遠く離れた宇宙の果てへと旅立ちます。
世界各地の古代遺跡で共通のサイン＝創造主からの招待状 を発見した主人公のエリザベスら一行は、神でも進化論でもDNAでもない“人類の起源”の謎を解き明かすべく、地球から遠く離れた宇宙の果てへと旅立ちます。Hot! point 2：神の名を冠した宇宙船プロメテウス号 ギリシア神話に登場する神で、一説では人間を創造したとも言われる「プロメテウス」。一つの同じ目的のために選抜されたハズの16人＋アンドロイド1体の乗組員ですが、やがて異なるそれぞれの思惑が明らかに。『ミレニアム ドラゴン・タトゥーのオンナ』で注目を浴びたノオミ・ラパスが演じる主人公エリザベス、1兆ドルもの資金を提供する巨大企業ウェイランド社の重役メレディス（シャーリーズ・セロン）、そして表情一つ変えずに与えられた命令を遂行するアンドロイドのデヴィッド（マイケル・ファスベンダー）。ある意味、密室とも言える宇宙船で地球を離れた一行は、無事生還することはできるのでしょうか。
ある意味、密室とも言える宇宙船で地球を離れた一行は、無事生還することはできるのでしょうか。Hot! point 3：開けてはならない“パンドラの箱” 劇場公開を前にオープンしたサイト「PROJECT PROMETHEUS」では、ウェイランド社の会社概要や創設者のスピーチ映像、乗船を希望するエリザベスのアピール映像など、『プロメテウス』の世界を形成する様々なコンテンツがアップされ、世界各国のファンにより謎解き合戦が繰り広げられています。ギリシア神話では、プロメテウスが天界から火を盗んで人間に与えたため、怒った神々が災いとして人類最初の女性パンドラを送り込み、彼女の開いた“パンドラの箱”によって世界は災厄で満たされました。人類最大の謎である“人類の起源”とは、決して開けてはならないパンドラの箱なのかもしれません。
人類最大の謎である“人類の起源”とは、決して開けてはならないパンドラの箱なのかもしれません。映画は芸術ハラの評価 作品の Hot! ワード「謎」
人類はどこから来たのか。Hot! 度：★★★★ ・『プロメテウス』 - 特集ページ ・「MOVIE ENTER 夏映画2012」特集
ガンを克服した男の物語に拍手の嵐！トロント映画祭の1200人の観客が笑って、そして、泣いた現地時間12日、トロント映画祭にて、映画『50／50 フィフティ・フィフティ』（12月上旬より全国公開）のワールドプレミア上映が行われた。
トロント映画祭の1200人の観客が笑って、そして、泣いた現地時間12日、トロント映画祭にて、映画『50／50 フィフティ・フィフティ』（12月上旬より全国公開）のワールドプレミア上映が行われた。上映後には、舞台挨拶も行われ、主演を務めるジョセフ・ゴードン＝レヴィットやセス・ローゲン、ジョナサン・レヴィン監督、脚本家のウィル・レイサーらが登壇した。
上映後には、舞台挨拶も行われ、主演を務めるジョセフ・ゴードン＝レヴィットやセス・ローゲン、ジョナサン・レヴィン監督、脚本家のウィル・レイサーらが登壇した。本作は、ガンを克服した脚本家の実体験を基に、彼の親友であるセス・ローゲンたちが映画化したもの。酒もたばこもやらないアダムは、27歳という若さでガンを患う。5年生存率50％の余命宣告を受け、生活環境は一変。
5年生存率50％の余命宣告を受け、生活環境は一変。女好きの親友・カイルは、アダムの病気をネタに一緒にナンパをするが、会社の同僚や恋人、母親は、気を遣って今まで通りに接してくれない。
女好きの親友・カイルは、アダムの病気をネタに一緒にナンパをするが、会社の同僚や恋人、母親は、気を遣って今まで通りに接してくれない。新米セラピスト・キャサリンとセラピーを通して、ガンの日々を笑い飛ばそうとするアダムだったが、刻一刻と進行する病魔に平穏を装うことができなくなる。果たして、ガンを克服することは出来るのだろうか。
果たして、ガンを克服することは出来るのだろうか。監督を務めるのは、若手監督に続く新たな才能を見せるジョナサン・レヴィン。主人公・アダムは、『（500日）のサマ—』、『インセプション』のジョセフ・ゴードン＝レヴィットが演じる。その他、『マイレージ、マイライフ』のアナ・ケンドリック、『グリーン・ホーネット』のセス・ローゲン、ブライス・ダラス・ハワード、アンジェリカ・ヒューストンといった豪華キャストが勢揃い。また、セス・ローゲンは、プロデューサーと兼任もしている。
また、セス・ローゲンは、プロデューサーと兼任もしている。本作のプレミア上映後は、会場に集まった1200人が総立ちし、拍手が鳴り止まなかった。ユーモラスかつ、ハートフルで心温まる作品に、冒頭では大爆笑が続きながらも、終盤には涙する人たちの姿も。
ユーモラスかつ、ハートフルで心温まる作品に、冒頭では大爆笑が続きながらも、終盤には涙する人たちの姿も。さらに、上映後、キャストやスタッフらは、会場からスタンディングオベーションを受けて登場した。
さらに、上映後、キャストやスタッフらは、会場からスタンディングオベーションを受けて登場した。ジョナサン・レヴィン監督は「こんな素晴らしい経験は生まれて初めてだ。本当にありがとう。面白くて嘘のない脚本を最大限に活かして、ウィルの脚本の精神を守りながらも、決してそれに縛られることなく、みんなでアイデアを出し合って最高の映画を目指して製作したんだ。コメディだけの不自然さは極力排除して、現実味のあるものを目指した。みんなに気に入ってもらえたようでとても嬉しい」と喜びのコメントを残した。
みんなに気に入ってもらえたようでとても嬉しい」と喜びのコメントを残した。また、脚本家のウィル・レイサーは、「こんなに沢山の人に映画を見てもらえて、本当に感動しているよ。ありがとう。ジョンサン・レヴィン監督、セス・ローゲンを始めとして沢山の人に支えられて素晴らしい映画を作ることが出来たと思う。ジョナサンは彼のユニークな視点をこの映画に持ち込んでくれた。彼と仕事ができて幸運だったよ。
彼と仕事ができて幸運だったよ。この映画によって、人々がガンの体験を恐れることなく語れるようになってほしい。病気や、それがいかに不合理か笑っていいんじゃないかな。そして泣いてもいいと思う。」と本作の魅力を語った。
」と本作の魅力を語った。さらに、観客からの質問にキャストらが答えた。
さらに、観客からの質問にキャストらが答えた。——今回の映画で一番苦労した点はなんですか？
——今回の映画で一番苦労した点はなんですか？ジョセフ・ゴードン・レヴィット：脚本家のウィルが撮影の最初から最後まで、本当に毎日現場にいたんだ。それって僕にとっては、すごく大きなことだった。彼は映画のモデルとなった人物であり、この物語を書いた脚本家でもある。『Easy』って言葉を使うのはあまり好きじゃないけど、彼のお陰で、その時どんな気持ちだったのか、状況だったのか、色々と話を聞くことが出来たし、とても演じやすくなったよ。
『Easy』って言葉を使うのはあまり好きじゃないけど、彼のお陰で、その時どんな気持ちだったのか、状況だったのか、色々と話を聞くことが出来たし、とても演じやすくなったよ。——この映画は、脚本家ウィルとあなたの実体験をベースにしていると聞きましたが？
——この映画は、脚本家ウィルとあなたの実体験をベースにしていると聞きましたが？セス・ローゲン：実際に僕とウィルの間で起こったままのシーンもある。アダムの傷口の手当てをしていて顔をゆがめるシーンなんてそうだ。映画の中で僕が演じたリアクションと全く同じで、手当をしながらほとんど吐きそうになったんだから（笑）
映画の中で僕が演じたリアクションと全く同じで、手当をしながらほとんど吐きそうになったんだから（笑）冗談は置いておいて、普段病気とか死とかなかなか真正面から考える機会はないけど、この作品のおかげで、いろいろ改めて思うことができてよかった。しかも楽しくね。
しかも楽しくね。——新米セラピスト役を演じてみてどうでしたか？
——新米セラピスト役を演じてみてどうでしたか？アナ・ケンドリック：アダムは彼女にとって3人目の患者で、その上、彼のように若くして癌になるケースのセラピーは難しい。それなのに、患者のセラピーをしながら、なんだか全て分かったような気分になっていそうな感じもある（笑）。アダムという人と触れあうにつれ、彼女自身も成長を遂げるんだけど、シリアスなテーマなのに、実際に起こりそうなリアルな可笑しさも取り入れていてすごく心地いい作品に仕上がっていると思うわ。
アダムという人と触れあうにつれ、彼女自身も成長を遂げるんだけど、シリアスなテーマなのに、実際に起こりそうなリアルな可笑しさも取り入れていてすごく心地いい作品に仕上がっていると思うわ。——あなたの演じるレイチェルは嫌われ役でしたね？
——あなたの演じるレイチェルは嫌われ役でしたね？ブライス・ダラス・ハワード：ええ、本当に嫌われ者ね、それこそ（実際の
ブライス・ダラス・ハワード：ええ、本当に嫌われ者ね、それこそ（実際のシーンになぞらえて）家から追い出されそうになるくらい。でも、彼氏がガンと知って、それにどう対処していいか分からなくて、悩み苦しんで、というのはきっと誰しも理解出来る感情、行動だと思う。その中で、彼女は結果的に誤った選択をしてしまって、強く後悔する。まぁ、嫌われ役であることに変わりはないんだけど（笑）
まぁ、嫌われ役であることに変わりはないんだけど（笑）ガン患者自身の葛藤や周囲の人たちとの複雑な関わり合いの物語を、心温まるエンタテインメント作品として書き上げた本作。
ガン患者自身の葛藤や周囲の人たちとの複雑な関わり合いの物語を、心温まるエンタテインメント作品として書き上げた本作。突然、余命宣告を受けた時、あなたならどうしますか？
12月上旬より、TOHOシネマズ渋谷、TOHOシネマズ シャンテほか全国ロードショー。
12月上旬より、TOHOシネマズ渋谷、TOHOシネマズ シャンテほか全国ロードショー。【 MOVIE ENTER おすすめニュース 】・27歳という若さで、生存率50％のまさかの余命宣告
【 MOVIE ENTER おすすめニュース 】・27歳という若さで、生存率50％のまさかの余命宣告・『ヒミズ』の染谷将太と二階堂ふみがヴェネチア国際映画祭で、最優秀新人俳優賞をW受賞
・大泉洋も飲んだ「探偵カクテル」でハードボイルドな世界を満喫
・9.11から10年、アカデミー賞受賞者たちが勢揃いして世界的ベストセラーを映画化
『ロード・オブ・ザ・リング』の過去を描く『ホビット』予告映像が公開 『ロード・オブ・ザ・リング』、『ハリー・ポッター』シリーズに続く、ファンタジー旋風を巻き起こすか。『ロード・オブ・ザ・リング 王の帰還』から約8年、『ロード・オブ・ザ・リング』のプロローグにあたる原作、J.R.R.トルーキンの「ホビット」を映画化した『ホビット 思いがけない冒険』（12月14日）の予告編が完成した。後編の『ホビット ゆきて帰りし物語』は、2013年12月13日公開。『ロード・オブ・ザ・リング』の巨匠ピーター・ジャクソンが新たなファンタジー映画に挑む。本作の舞台となるのは、『ロード・オブ・ザ・リング』三部作で描かれたフロド・バギンズの指輪を巡る旅からさらに60年を遡った世界。主人公は、前シリーズで指輪の所有者となったフロドの前の所有者であるビルボ・バギンズ。彼は、ドラゴンに支配され、失われてしまったエレボールのドワーフ王国の再建をかけ、壮大な冒険の旅へ出る。ある時、魔法使いのガンダルフに声を掛けられ、13人のドワーフから成る一団に参加することになる。旅の途中、ビルボは、自身の運命を永遠に変えてしまうクリーチャーと出会う。それがゴラムだった。有用な性質を持つゴラムの“いとしいしと”と呼ばれるリングを手に入れる。これは、ビルボが到底知り得ない中つ国（ミドル・アース）全ての運命と深く結びついていたのだった。
これは、ビルボが到底知り得ない中つ国（ミドル・アース）全ての運命と深く結びついていたのだった。まだ編集作業が行われている中、前編『ホビット 思いがけない冒険』の予告映像が完成した。公開まであと1年あるとは思えないほど充実した内容の仕上がりとなっている。
公開まであと1年あるとは思えないほど充実した内容の仕上がりとなっている。ケイト・ブランシェット演じるエルフのガラドリエルが登場するなど、『ロード・オブ・ザ・リング』シリーズファンにとっては、懐かしい面々が登場している。また、種族を超えた迫力の戦闘シーンを垣間見ることができる。予告映像は、1月14日（土）より順次全国の劇場で上映される。
予告映像は、1月14日（土）より順次全国の劇場で上映される。監督を務めるピーター・ジャクソンは、その壮大さゆえに“映像化不可能”といわれていた、J.R.R.トルーキンのファンタジー小説の金字塔「指輪物語」を3部作として完全映画化に成功。『ロード・オブ・ザ・リング』『ロード・オブ・ザ・リング／二つの塔』『ロード・オブ・ザ・リング／王の帰還』全てが世界的に大ヒットした。3作目の『ロード・オブ・ザ・リング／王の帰還』では、アカデミー賞11部門にノミネートされ、全て受賞するという快挙を成し遂げているだけに、本作への期待が高まる。
3作目の『ロード・オブ・ザ・リング／王の帰還』では、アカデミー賞11部門にノミネートされ、全て受賞するという快挙を成し遂げているだけに、本作への期待が高まる。最先端のカメラと音響技術を駆使し、デジタル3Dとして撮影。2011年3月より、ウェリントンのストーン・ストリート・スタジオを中心に、ニュージーランド周辺で撮影が敢行されている。
2011年3月より、ウェリントンのストーン・ストリート・スタジオを中心に、ニュージーランド周辺で撮影が敢行されている。原作ファンから映画化が熱望されていたという本作は、ファン納得の仕上がりとなるのだろうか。
原作ファンから映画化が熱望されていたという本作は、ファン納得の仕上がりとなるのだろうか。前編の『ホビット 思いがけない冒険』は、12月14日(金）より、後編の『ホビット ゆきて帰りし物語』は、2013年12月13日(金）より、ともに丸の内ピカデリーほか全国ロードショー。
前編の『ホビット 思いがけない冒険』は、12月14日(金）より、後編の『ホビット ゆきて帰りし物語』は、2013年12月13日(金）より、ともに丸の内ピカデリーほか全国ロードショー。【関連記事】 ・2012年に映像革命が起こる、『ロード・オブ・ザ・リング』の前章『ホビット』の公開が決定
【関連記事】 ・2012年に映像革命が起こる、『ロード・オブ・ザ・リング』の前章『ホビット』の公開が決定【MOVIE ENTER おすすめ記事】 ・iTunes史上最高のダウンロード数を記録した『ダークナイト ライジング』の予告映像を公開
・【いちおう妖ヶ劇場】第4話：謹賀新年、サイコロの目でサイが飛び出すの巻
・【いちおう妖ヶ劇場】第4話：謹賀新年、サイコロの目でサイが飛び出すの巻・ジャッキーやグレムリンなど懐かし映画にツッコミを入れる
アメリカ大統領選の裏側を暴く作品がゴールデン・グローブ賞にノミネート 日本時間16日、第69回ゴールデン・グローブ賞のノミネート作品が発表され、ジョージ・クルーニー監督、脚本、出演作品の『スーパー・チューズデー 〜正義を売った日〜』が、作品賞、監督賞、主演男優賞、脚本賞の主要4部門に ノミネートされた。2011年の第68回ベネチア映画祭でのオープニング上映で絶賛され、また製作総指揮にレオナルド・ディカプリオが名を連ねることでも大きな話題を呼んだ本作。現実でも2012年3月6日（火）＜スーパー・チューズデー＞に行われるアメリカ大統領予備選挙を舞台に、叡智を結集した究極の心理戦・頭脳戦を描き、更にその裏側に潜む不正や、知られざる陰謀・裏取引をスキャンダラスに暴くサスペンスドラマ。原作は実際に選挙キャンペーンで働いた経験を持つボー・ウィリモンによる戯曲「ファラガット・ノース」。主演は、物語とともに変化する主人公の人物像のみならず、クルーニーと仕事をする機会そのものに魅力を感じたという注目の若手俳優ライアン・ゴスリング。また “最も大統領になって欲しい俳優”といわれるジョージ・クルーニー自らが、大統領を目指す州知事を演じる。その他、フィリップ・シーモア・ホフマン、ポール・ジアマッティ、マリサ・トメイ、ジェフリー・ライト、エヴァン・レイチェルウッドといったハリウッドの名だたる本格派俳優が名を連ね、厳しい機知に富んだ会話劇を巧妙に展開していく。日本では3月31日（土）より丸の内ピカデリー他にて全国ロードショーが決定している。
日本では3月31日（土）より丸の内ピカデリー他にて全国ロードショーが決定している。『スーパー・チューズデー 〜正義を売った日〜』ストーリー マイク・モリス知事（ジョージ・クルーニー）の大統領選挙キャンペーンチームで働く、正義感溢れる若き野心家で戦略担当のスティーヴン・マイヤーズ（ライアン・ゴスリング）は、決戦をにぎるオハイオ州予備選討論会後、対立候補陣営から密会を持ちかけられる。さらに、彼は女性インターンとも親しくなっていくが…。この二つの出来事が選挙戦を揺るがす事態へと転じ、スティーヴンの運命をも大きく変えていく。
【 MOVIE ENTER おすすめ記事 】 ・【いちおう妖ヶ劇場】第3話：「悪魔（グレムリン）＝日本人」は、あくまで噂ですからの巻 ・“ハートがバクバクしちゃう”未公開シーン収録、『モテキ』BD&DVD発売決定 ・「本人そっくり」と世界中で話題の“鉄の女”、ポスター画像と予告編が解禁 ・ディズニー生誕110周年記念超大作『ジョン・カーター』の特報が遂に解禁
第24回東京国際映画祭作品ガイド＜ワールドシネマ部門＞ 10月22日から30日まで開催される第24回東京国際映画祭をムービーエンターで大特集。各部門ごとに作品をご紹介しよう。ワールドシネマ部門は、各映画祭の受賞作品や、超個性派監督の問題作、あるいは東京国際映画祭と縁の深い期待の若手の新作など、コアな映画ファン垂涎の作品が揃っている。劇場公開が未定の映画が多いので、この機会は見逃せない。
劇場公開が未定の映画が多いので、この機会は見逃せない。『アナザー・ハッピー・デイ』 【作品解説】 結婚式に集合した大家族。新郎の両親は離婚しており、母親は前夫の現在の妻の存在が気に入らない。親戚の子供たちも問題を抱え、状況はカオスと化していく…。複雑な人間関係と感情の爆発を見事な演出で描く本作は、サンダンス映画祭で脚本賞を受賞。
『明日を継ぐために』 【作品解説】 LAで暮らすヒスパニック系のカルロスは、息子の将来のためにも借金して商売を立ち上げるが…よりよい未来のために奮闘する移民の親子の姿を温かく見つめる人間ドラマ。監督は『アバウト・ア・ボーイ』(02)のクリス・ワイツ。
『Bonsai 〜 盆栽』 【作品解説】 8年間の年月を通じた、作家志望青年フリオと恋人エミリアの物語。物語を語ることへの哲学的な問いを含みながら、青春映画としてビターで爽やかな余韻を残す演出が鮮やか。カンヌ映画祭「ある視点」部門正式出品作品。
カンヌ映画祭「ある視点」部門正式出品作品。【あらすじ】 フリオは、最新小説の原稿をタイプしてくれる人を探している大御所作家のガスムリと出会う。彼は仕事を貰うことはできなかったのだが、このことを隣に住む恋人のブランカには打ち明けられず、ガスムリの原稿をタイプしているふりをする。だがタイプしている小説は、実は彼自身が書いたものだ。小説の構想を練っていたフリオは8年前にヴァルディヴィアで文学を学んでいた頃のエミリアとの恋を描くことにする。
『チキンとプラム』 【作品解説】 楽器を壊され、絶望のあまり死を決意した音楽家が、最後の8日間で人生を振り返り、叶うことのなかった愛を思い出す…。『ペルセポリス』の監督が、再び自身のマンガを映画化した大人のファンタジー。ヴェネチア映画祭コンペ部門正式出品作品。
ヴェネチア映画祭コンペ部門正式出品作品。【あらすじ】 1958年テヘラン。著名なバイオリン奏者ナセル・アリ・カーンは大切な楽器を壊されてしまう。彼はそれの代わる次の楽器を見つけられず、音楽のない人生は考えられないと沈みこむ。彼は床に臥し、若かった頃のことから未来のことまで深く思いをめぐらす。その後１週間でこの心ひかれる物語が解決したとき、私たちは彼の秘密と、音楽と愛のために人生をあきらめるに至った深遠な思いを知ることになる。
『メカス×ゲリン 往復書簡』 【作品解説】 アメリカのインディペンデント映画の重鎮であるジョナス・メカスと、『シルビアのいる街で』で世界の注目を集めるホセ・ルイス・ゲリンとが交わすビデオ・レター。国境と年齢を越えたふたりの芸術家の邂逅は、私生活のスケッチを至上の映画体験へと昇華させる。
『クレイジー・ホース（仮題）』 【作品解説】 ドキュメンタリー監督として有名なフレデリック・ワイズマンが、パリの伝説的なクラブ「Crazy Horse」の舞台裏を描く。
『ある娼館の記憶』 【作品解説】 20世紀初頭、パリ。閉鎖目前の高級娼館を舞台に、娼婦たちの争い、不安、喜び、痛みを、絵画のような映像と見事なアンサンブルキャストで描く。狭い空間内で展開する群像劇をさばくボネロ監督の演出力が光る。カンヌ映画祭コンペ部門正式出品作品。
1 2
スギちゃんが初冠番組「俺はこれから地上波で消えていくぜ。ワイルドだろ〜。」今年3月に開催された「R-1ぐらんぷり」での準優勝をきっかけにブレイクし、過労でダウンするほど多忙を極めるワイルド芸人スギちゃん。
」今年3月に開催された「R-1ぐらんぷり」での準優勝をきっかけにブレイクし、過労でダウンするほど多忙を極めるワイルド芸人スギちゃん。7月1日からは携帯専用放送局「BeeTV」にて、自身初となる冠番組『スギちゃんのワイルド100』が配信開始となる。
7月1日からは携帯専用放送局「BeeTV」にて、自身初となる冠番組『スギちゃんのワイルド100』が配信開始となる。『スギちゃんのワイルド100』は、今やテレビで見ない日はないほどの人気者となったスギちゃんが「男だったらワイルドに生きろ！」「スギちゃんは本当にワイルドなんだ！」「一発屋じゃない！実力は本物だ!!」ということを証明するため、ありえないほど過酷で信じられないほどワイルドな企画100個に体を張って挑戦するバラエティ番組。百獣の王ライオンとの“ポッキーゲーム”や、象の鼻から勢いよく放出されるシャワーでワイルドにシャンプーする“男のシャワー対決”、大蛇アナコンダとの対決など、野生をものともしない過激な動物シリーズから、自分の全財産が入った財布を都会の真ん中に放置する太っ腹企画、必ずボーリングでストライクを決める、必ず代打でホームランを打つ、などワイルド助っ人シリーズまで。さらには、大物芸能人をマジナンパするという、今乗りに乗っている男スギちゃんだからできる強烈な企画を予定している。
さらには、大物芸能人をマジナンパするという、今乗りに乗っている男スギちゃんだからできる強烈な企画を予定している。——初冠番組を持つ感想は？スギちゃん：やっと冠が来たかって感じだぜ。もっと早く来るかと思ってたぜ。BeeTVは、思っていた以上のワイルドな映像を撮れてると思うぜ。冠でこそ出せる技だぜ。正直ほかの番組に興味なくなったぜ。この番組だけに力を注ぐぜ。だがら明日からの仕事を全部キャンセルしたぜ。ワイルドだろ〜。
ワイルドだろ〜。——収録でワイルドなできごとはありましたか？
——収録でワイルドなできごとはありましたか？スギちゃん：動物園でワイルドがゆえに何匹かの猛獣を倒してしまったぜ。半分以上の動物を倒してやったぜ。猛獣のほうがスギちゃんの迫力に押されていく表情をしてたぜ。そこが見所だぜ〜。
そこが見所だぜ〜。——最近とっておきのワイルドな出来事は？
——最近とっておきのワイルドな出来事は？スギちゃん：ローションをタンクで購入したぜ。ワイルドだろ〜。
——これからの野望を教えてください。
——これからの野望を教えてください。スギちゃん：ワイルドこそ世界を平和にすると思っているぜ。いろんなところでスギちゃんに助けられたと声が上がってるぜ。例えば子育ての時、悪さをした子供を怒る前に“ワイルドだな”と言うことで、親も子供も笑うだろ。そういうことだぜ。これからはワイルドという言葉を多用して、本当に平和を作っていきたいぜ。みんなが笑顔になればいいと思ってるぜ。
みんなが笑顔になればいいと思ってるぜ。——番組の見所をワイルドにお願いします。スギちゃん：たぶん5人くらいのBeeTV視聴者のみなさん。あなたたちだけのために作っている番組だぜ。これからも皆さんが見てよかったと思う番組を作っていくぜ。だから是非BeeTVの「スギちゃんのワイルド100」をみんなに宣伝してくれ。俺はこれから地上波で消えていくけどBeeTVで残っていくぜ。ワイルドだろ〜。
・iモード ・Android
吉澤ひとみが新チーム結成「今、大事にしなきゃいけない人」 『アバター』の大ヒットも記憶に新しいジェームズ・キャメロン製作総指揮により、9月16日より公開となるハイパー・リアル・アドベンチャー映画『サンクタム』。前人未到の聖域（サンクタム）・巨大な洞窟で繰り広げられる脱出劇を描いた同作の公開を記念して、9月6日には、「洞窟を見て、入らなかった穴は一つもない」と断言する芸能界屈指の洞窟探検家・石丸謙二郎と、「生き物大好き、自然大好き」自他共に認める自然愛好家・ココリコ田中直樹、「夢は海に住んで人魚になること」ベスト・ダイバー賞受賞のドリームモーニング娘。吉澤ひとみの3人を迎えて、トークショー付き特別試写会が行われた。MCに呼ばれて、ゲストの3人は『サンクタム』に相応しく、普段洞窟に入ったり、ダイビングをする時の衣装を着て登場。映画の感想を聞かれると、石丸は「ジェームズ・キャメロンが最初に3Dで『アバター』を撮ったじゃないですか。その時に僕は、次に3Dに向いているのは、洞窟に違いないと思ったんですよ。奥行きとか深さを表現するには3Dがピッタリだなと思った時に、さすがジェームズさんは考えていたんですね。実際に観て、高所恐怖症、『あ〜落ちる』という腰がムズムズする感覚を久々に味わいましたね。」とコメント。田中は「3Dで観させて頂いて、地形とか自然の背景とかの奥行きがすごくて、チームと一緒になって潜り、崖を登って洞窟を探検するような気分にさせてくれる映画でした」と述べ、吉沢は「私は実際に洞窟ってちゃんと潜ったことが無いので、こんな世界があるんだということにビックリしたんですけど、私はダイビングをやっているので『こんな所、行けない！』というぐらい、すごくハラハラドキドキさせられました。すごくいい意味で怖かったです。映画が終わるまでずっと腹筋に力が入ってました。」と語った。
」と語った。洞窟の魅力について、石丸は「洞窟って、皆さんがよく行くのは明かりがついてて、お金を払って行く、鍾乳洞という観光洞じゃないですか。僕らが行く所は探検洞といって、許可を得なきゃ入れない、真っ暗な空間に入る訳で、まず覚悟が無いと入れませんよね。間違って入ると出て来れなくなるから、入り口に鍵が掛かってるもん。」と述べると、番組で石丸と一緒に洞窟に入った経験のある田中は「道は色々と繋がっているし、ちょっとした穴があったりするんですけど、石丸さんは穴があったら全部行っちゃうんですよ。石丸さんと洞窟ロケに行くと、ロケが押すんです。ちゃんと洞窟内のことを把握しているから、いなくなっちゃうんです。」と暴露した。
」と暴露した。対する石丸は「昔から探検家はいっぱいいるけど、もう山とか大体登り尽くされたじゃないですか。海も音波と電波で海底の地形が大体分かるけど、地球上に残された最後の探検のエリアが、あとは地下だろうと。おそらく今発見されてるのは、本当にある洞窟の一部だろうと。例えば2年前にベトナムで世界一の高さと横幅の洞窟が発見されたのね。幅が数百メートル、高さが300メートルぐらいあるんですけど、そんな洞窟が今頃見付かるんですよ！これすごくないですか？」と熱く説明。
」と熱く説明。吉沢が「でも、ダイビングの魅力はお魚がキレイだったり、洞窟も楽しめるんですけど、洞窟だけって…。洞窟に何があるんですか？生物とかいるんですか？洞窟の良さがイマイチ分からないんですよ。」と質問すると、石丸は「いいこと言ったね。洞窟には何も無いんです。コウモリぐらいはいるかもしれないけど奥に入ればいなくなるし、有機物が何も無い空間、無機物の世界。怪獣も、幽霊も、政治も宗教も何も無い。こんなクリアーな世界って地球上に無い。それに自分から進んで行って触れられるって、いい所じゃない？」と力説した。
」と力説した。田中は「『この先に何があるんだろう？』というのを知りたい、見たいという好奇心はもう仕方無いのかなと思います。もうずっとそれの繰り返しじゃないですか、みんな色んな分野において。だから、どんどん先を見たくなって、足を進めて行くのかなっていうのは、僕は経験少ないですけど、実際に入ってみて思うことはありますね。」と述べた。
」と述べた。洞窟やケーブダイブの魅力を存分に語り合った3人は、次なる探検を約束し、「チームサンクタム」を結成。
最後に、これから映画を観る人に向けて、吉沢は「私は母性本能なのか分からないんですけど、『誰かを守らなきゃ』とか『いざという時に私は誰を守るんだろう？』とか『今、大事にしなきゃいけない人は誰だろう？』といった人間らしさを、この映画を通じて考えて、そういう人間愛の部分もあったので、すごく最後は感動したので、是非この感動を皆さんにも味わってもらいたいなと思います。」と締めくくった。
・サンクタム - 作品情報
ホラー映画界に“革命”を起こす、キューバ初のゾンビ映画が世界の映画祭を席巻中 『ショーン・オブ・ザ・デッド』や『ゾンビランド』で日本でも市民権を得はじめたゾンビ映画。日本のみならず、世界でもその勢いはとどまるところを知らない。そんなゾンビ映画界に、また新たな新星が現れた。それも共産主義国家から！その作品が『フアン・オブ・ザ・デッド/Juan of the Dead』。なんとキューバ初のゾンビ映画である。昨年のトロント国際映画祭をはじめ、すでに世界中の映画祭に出品、数々の賞を受賞し、早くも世間を騒がせている。まさに1959年のキューバ革命以来の“ゾンビ革命”だ。
まさに1959年のキューバ革命以来の“ゾンビ革命”だ。現在公開されている予告編がこちら。
現在公開されている予告編がこちら。主人公は40代にして無職のダメ男フアン。突如キューバ国内で発生したゾンビ騒ぎに乗じ、「あなたの肉親を代わりに殺します」とえげつない商売で金儲けを企むというストーリー。
突如キューバ国内で発生したゾンビ騒ぎに乗じ、「あなたの肉親を代わりに殺します」とえげつない商売で金儲けを企むというストーリー。一見すると近年多くなってきたコメディタッチのゾンビ映画のようだが、キューバ独特のラテンのノリと、強烈な皮肉が込められた意欲作になっているようだ。
一見すると近年多くなってきたコメディタッチのゾンビ映画のようだが、キューバ独特のラテンのノリと、強烈な皮肉が込められた意欲作になっているようだ。また公式サイトでは、各国で開催された映画祭の様子など様々な映像がアップされているので、ぜひチェックしていただきたい。
「フアン・オブ・ザ・デッド」公式サイトへようこそ！ここは、ハバナを舞台にしたゾンビ黙示録を生き抜く男、フアンの物語を深く掘り下げる場所です。映画の情報、舞台裏、そしてフアンの世界をさらに深く知るためのコンテンツが満載です。
映画の情報、舞台裏、そしてフアンの世界をさらに深く知るためのコンテンツが満載です。さあ、フアンと一緒に、笑いと恐怖に満ちたこのユニークな冒険に出かけましょう！
【MOVIE ENTERおすすめ記事】・あの紗綾が18歳になって解禁。『スパルタカス』風セクシー甲冑姿に挑む。
『スパルタカス』風セクシー甲冑姿に挑む。・【GOGW映画 友人編】崖っぷち女が、親友の座を掛けて完璧美女と友情バトル
・【GOGW映画 友人編】崖っぷち女が、親友の座を掛けて完璧美女と友情バトル・【GOGW映画 友人編】全長500メートルの敵が現れたらどうするのが正解？ 『タイタンの逆襲』
・【GOGW映画 恋人編】 ゾンビによるゾンビのための純愛映画 『ゾンビ・ヘッズ 死にぞこないの青い春』
坂下千里子、イケメン俳優のキスにメロメロ 連続放火、絞殺、爆弾……ありとあらゆる異常犯罪に立ち向かうFBI行動分析課（BAU）の活躍を描く、海外ドラマ『クリミナル・マインド／FBI vs.異常犯罪』。シーズン5のDVDリリースを記念して、Dr.リード役のマシュー・グレイ・ギュブラーと、デレク・モーガン役のシェマー・ムーアが来日し、19日、都内でPRイベントを行った。本作の大ファンという坂下千里子とMEGUMIも登場し、会場を盛り上げた。
本作の大ファンという坂下千里子とMEGUMIも登場し、会場を盛り上げた。二人は、観客とハイタッチしながら登場。マシューは「スーパーアリガトウ」と日本語で挨拶し、会場を沸かせた。本作のファンを代表して、坂下とMEGUMIが花束を贈呈。去り際にシェマーから熱いキスを受けた坂下は、海外スターの魅力にメロメロの様子だった。
去り際にシェマーから熱いキスを受けた坂下は、海外スターの魅力にメロメロの様子だった。コメントは以下の通り。
コメントは以下の通り。——作品が長い間、支持を受けている理由は？シェマー・ムーア：やっぱり、格好良いマシューがいるからだと思いますが（笑）。番組の雰囲気が重たい印象だったり、ハッピーエンディングでない場合もあるけど、犯罪者の心理を学べ、様々なタイプの犯罪者がいることを知り、正義を見出すことができるのが魅力に感じるのだと思います。
番組の雰囲気が重たい印象だったり、ハッピーエンディングでない場合もあるけど、犯罪者の心理を学べ、様々なタイプの犯罪者がいることを知り、正義を見出すことができるのが魅力に感じるのだと思います。——特に女性から支持されている理由は？マシュー・グレイ・ギュブラー：すごく良い質問ですね。もしかすると女性から、ルックスが好きで見てくれているのかもしれませんが（笑）。正義を行っていく事や、そもそも女性は行動分析をする方だと思うので、そういう点からも共感を得られているのではないでしょうか。
正義を行っていく事や、そもそも女性は行動分析をする方だと思うので、そういう点からも共感を得られているのではないでしょうか。シェマー：実際に、テレビでおきている事件を見て、その防衛策を自分で見出す事が出来るから、女性からの支持があるのかもしれませんね。
シェマー：実際に、テレビでおきている事件を見て、その防衛策を自分で見出す事が出来るから、女性からの支持があるのかもしれませんね。——お互いをプロファイリングしてください。
——お互いをプロファイリングしてください。MEGUMI：（坂下千里子をプロファイリング）坂下さんはキュートに見えるけども、中身はかなり強い芯があって、肝っ玉です！坂下家は、坂下さんが「あんたら行くで！」ってグイグイ引っ張っていく、指揮者のような存在。まさに、千里さん次第。旦那さんの力もあると思うけど、千里さんが頑張っているからやっていけてる、まるで千里さんがパパのような感じ。
旦那さんの力もあると思うけど、千里さんが頑張っているからやっていけてる、まるで千里さんがパパのような感じ。坂下：（MEGUMIをプロファイリング）とにかく、古谷一行さんが素敵で、結婚式で一行さんがMEGUMIの事をべた褒めしていて、あそこに嫁に行けばよかったって思いました。旦那さんも格好良いし、息子さんも旦那さんに似て、かっこよくなってきているので、一家は大丈夫です。
旦那さんも格好良いし、息子さんも旦那さんに似て、かっこよくなってきているので、一家は大丈夫です。MEGUMI：私については触れていないですけど（笑）
MEGUMI：私については触れていないですけど（笑）作品の魅力は？MEGUMI：FBIの方々がいろんな角度から犯罪を解決していくっていうのは、紐解いていくような感じで「そういうことだったんだ！」って気持ちが良いです！加害者と被害者の別々の心情があって、犯人も可愛そうだなって思える切なさと人間模様の裏があって感動も出来る作品です。
加害者と被害者の別々の心情があって、犯人も可愛そうだなって思える切なさと人間模様の裏があって感動も出来る作品です。坂下：観たら絶対はまると断言して良いくらいのドラマ！演技力の凄さやチームワークが凄かったり、時には、気がついたら泣いてたっていう事もありました。観やすいので、観れば見るほどのめり込んでいく面白いドラマですね。
観やすいので、観れば見るほどのめり込んでいく面白いドラマですね。——来日した二人にお会いしてみていかがでしたか？坂下：夢のようでした。会えるって事だけでも、ドキドキして、昨日から仕事が手に付かなかった。育児や仕事などの生活に支障がでていました。
育児や仕事などの生活に支障がでていました。MEGUMI：日本人にはあまりない素敵さを持っていました。
MEGUMI：日本人にはあまりない素敵さを持っていました。——キスをされてみての感想は？坂下：台本になかったのでびっくりしました。「You are beautifull」と言われてキスされました。すぐ好きになってしまって、「I love you」と言えなくて残念。今、思わず、薬指の結婚指輪を中指につけ変えてしまいました（笑）
今、思わず、薬指の結婚指輪を中指につけ変えてしまいました（笑）——MEGUMIさんはキスされてどうでしたか？坂下：えっ！MEGUMIもキスされたの？MEGUMI：花束渡した時に私もキスされましたよ。みんなにするようなキスだったと思いますよ。坂下：シェマーの去り際にMEGUMI、キスされなくて可愛そうだなって思っていたのに。平等にしてくれたんですね。ジェントルマンって事にしておきましょう（笑）
・『クリミナル・マインド／FBI vs.異常犯罪 シーズン5』特集 『クリミナル・マインド／FBI vs.異常犯罪 シーズン5』 DVD好評レンタル中／コレクターズ BOX Part1 発売中 12月2日（金）コレクターズ BOX Part2 発売開始 発売元：ウォルト・ディズニー・スタジオ・ジャパン (C) ABC Studios and CBS Studios, Inc.
アントニオ・バンデラスが「スマイルを届ける」と日本にメッセージ 「本当に興奮しているよ！僕たちは、ほぼ2年半かけてこの作品に取り組んできたんだ。」アントニオ・バンデラスが力強く語る。23日、ロサンゼルス・ウエストウッドのリージェンシー・ヴィレッジ・シアターにて、世界興行収入がギネス記録となり、昨年シリーズの完結を迎えた『シュレック』シリーズのスピンオフ映画『長ぐつをはいたネコ』のプレミアイベントが行われた。本作は、長ぐつをはいたネコのプスがシュレックと出会うずっと前の物語。幼なじみハンプティ・ダンプティとフワフワの肉球が武器のメスネコキティと共に、ネコ史上最大のアドベンチャーを繰り広げる姿を描いた3Dアニメーションである。
幼なじみハンプティ・ダンプティとフワフワの肉球が武器のメスネコキティと共に、ネコ史上最大のアドベンチャーを繰り広げる姿を描いた3Dアニメーションである。各国から100人以上の報道陣が集まる中で行われたロサンゼルス・プレミアには、長ぐつをはいたネコ役のアントニオ・バンデラス、ヒロインネコのキティ役サルマ・ハエック、幼なじみの卵のハンプティ・ダンプティ役で、日本では『ハングオーバー』シリーズなどでおなじみのザック・ガリフィアナキスらメインキャストが登場。レッドカーペットの周りには招待された400名以上の子供たちが集まり、お気に入りのスターが登場すると大興奮で大声を張り上げていた。
レッドカーペットの周りには招待された400名以上の子供たちが集まり、お気に入りのスターが登場すると大興奮で大声を張り上げていた。バンデラスは、作品について「子供たちだけでなく、大人にも楽しんでもらえる作品だよ。だって人を笑わせる為に真面目に考えたんだからね（笑）」と魅力を語った。
だって人を笑わせる為に真面目に考えたんだからね（笑）」と魅力を語った。一方、ハエックは「こんなプロジェクトに参加できてとても感謝しているわ。4歳の娘は犬が好きだから（ネコを演じることについて）少し残念がっていたけど（笑）。プレミアにも（犬を）連れてきたいって言ったの。私は“NO”と言ったわ（笑）」と愛娘についての面白エピソードも語り会場を沸かせた。
私は“NO”と言ったわ（笑）」と愛娘についての面白エピソードも語り会場を沸かせた。また、作品についてのコメントの他に、日本への熱いメッセージも、もらうことができた。
また、作品についてのコメントの他に、日本への熱いメッセージも、もらうことができた。アントニオ・バンデラス（長ぐつをはいたネコ“プス”役） ぼくはプス役をやった「シュレック2」で日本に行きました。東京は本当に楽しかったよ。日本の皆さんも『長ぐつをはいたネコ』を楽しんでください。今は大変な時代ですが、この作品は世界の人々にスマイルを届けるための作品です。
今は大変な時代ですが、この作品は世界の人々にスマイルを届けるための作品です。サルマ・ハエック（キティ役） ハロー、ジャパン！私が演じたキティは素晴らしい女性のキャラクターです。
私が演じたキティは素晴らしい女性のキャラクターです。ザック・ガリフィアナキス（ハンプティ・ダンプティ役） 日本の観客のみなさん、『長ぐつをはいたネコ』はとてもいいファミリー映画ですから是非観てください！
ザック・ガリフィアナキス（ハンプティ・ダンプティ役） 日本の観客のみなさん、『長ぐつをはいたネコ』はとてもいいファミリー映画ですから是非観てください！ロサンゼルスが熱くなったプレミアイベント。日本公開の際には、ぜひとも来日して“スマイル”を直接届けて欲しい。
日本公開の際には、ぜひとも来日して“スマイル”を直接届けて欲しい。映画『長ぐつをはいたネコ』は、2012年3月春休み 全国3Dロードショー（一部劇場をのぞく）。
映画『長ぐつをはいたネコ』は、2012年3月春休み 全国3Dロードショー（一部劇場をのぞく）。【MOVIE ENTER おすすめ記事】 ・美女たちがドレスの競演をした東京国際映画祭！スケスケのシースルー衣装を着たセクシー女優も・加藤夏希「友達同士もいいけど、できれば恋人同士で観て欲しい」・AKB48篠田麻里子のコスプレ写真を公開！ナースにビールガールなど七変化・日本3Dメガネドレッサー賞で仰天発言「3Dメガネで安めぐみの体を見たい」
ナースにビールガールなど七変化・日本3Dメガネドレッサー賞で仰天発言「3Dメガネで安めぐみの体を見たい」間寛平＆慎太郎親子が観客と大合唱「忌野清志郎はロックのキング」 忌野清志郎の伝説のライブを初映像化した映画『忌野清志郎 ナニワ・サリバン・ショー 〜感度サイコー!!!〜』。11月24日には、新宿バルト9にて“大江戸プレミア”、大阪の梅田ブルク7にて“ナニワプレミア”と題し、異例の同日・世界初上映を開催。“大江戸プレミア”では、本作にも出演し、忌野清志郎とも親交の深かった間寛平と間慎太郎親子が登壇した。舞台挨拶前には、間寛平と間慎太郎親子が、忌野清志郎の生誕60周年を祝して、代表曲である「雨あがりの夜空に」をスターステージにて披露。その場で、その様子を見ていたお客さんも一緒に大合唱を行い、異様な盛り上がりに。
その場で、その様子を見ていたお客さんも一緒に大合唱を行い、異様な盛り上がりに。ステージ上でのトークでは、間寛平が21日に他界した立川談志について「『いつみても波乱万丈』でご一緒させて頂き、本当に魅力のある人だと感じました。いろいろなことが勉強になり、もっと教えてもらいたかった。」と明かした。
」と明かした。その後、シアター内にて間寛平、間慎太郎、鈴木剛監督による舞台挨拶を開催。忌野清志郎と家が近所ということもあり、古くから親交があった間寛平は、忌野清志郎の魅力について聞かれると「ロックのキングですわ。すんごい優しい人。思いやりのある人です。」と笑顔で答えた。
」と笑顔で答えた。また忌野清志郎のライブを昔から観ていて憧れの存在だったと明かした間慎太郎は「2007年にアルバムを出した時、清志郎さんからのコメントを頂きたかったんですけど、ちょうど病気でお休みされてる時だったんです。でも、清志郎さん自らアイデアを出してくれて、わざわざ花やしきでコメント映像を撮影してくれたんです。本当に愛のある人です。」と心温まるエピソードを明かした。
」と心温まるエピソードを明かした。また、忌野清志郎がいたら、本作についてどんなお話をされるのかという質問に、間寛平は「アースマラソンでもお世話になり、このような映画にも出演させて頂いて、すごい良い映画になってると噂を聞くんです。本当に清志郎も喜んでいると思いますよ。」と答え、間慎太郎は「清志郎さんのライブが観たいですね。たまに、夢でも出てくるんですよ。ライブで歌っている姿が。できるなら、もう一度観たいです。」と感慨深く答えた。
」と感慨深く答えた。最後に、鈴木監督は「本作はドキュメントではなく現在進行形の映画です。ライブ映像と撮り下ろしの映像が合わさった今までに無い映画になっています。どうぞ最後まで楽しんでください。」と本作に掛ける熱い思いを語った。忌野清志郎の多くのファンが駆けつけた大江戸プレミアイベントは忌野清志郎の生誕60周年を祝いつつ、会場は終始和やかな雰囲気に包まれた。
忌野清志郎の多くのファンが駆けつけた大江戸プレミアイベントは忌野清志郎の生誕60周年を祝いつつ、会場は終始和やかな雰囲気に包まれた。『忌野清志郎 ナニワ・サリバン・ショー 〜感度サイコー!!!〜』は、過去3度にわたり大阪城ホールにて行われた、忌野清志郎の音楽生活の中でもひときわ異彩を放った伝説のライブ“ナニワ・サリバン・ショー”の貴重なライブシーンを駆使しながら、大阪、音楽、そして忌野清志郎を愛する多数のアーティストが新たに撮影に参加した作品。「4回目のナニサリ、やっちゃうかい？」とばかりに忌野清志郎を慕うあまたの人々が結集したキャストと、“ナニサリ”の5.1chサラウンドで構成されたライブ映像が有機的に組み合わさった、世にもユニークな音楽映画となっている。過去の「ナニワ・サリバン・ショー」のライブ映像を楽しめるのはもちろんだが、豪華アーティストが様々な役どころを演じている姿は必見。忌野清志郎と彼と親交の深い豪華アーティストが紡ぎだす今までに見たことのない本作を全身で感じ、楽しんでもらいたい。
忌野清志郎と彼と親交の深い豪華アーティストが紡ぎだす今までに見たことのない本作を全身で感じ、楽しんでもらいたい。・忌野清志郎 ナニワ・サリバン・ショー 〜感度サイコー!!〜 - 作品情報 ■関連記事
・忌野清志郎 ナニワ・サリバン・ショー 〜感度サイコー!!〜 - 作品情報 ■関連記事・インタビュー：斉藤和義「音楽バカのカッコ良さを喰らいやがれ！」・なぜ忌野清志郎が、多くのファンやアーティストに愛されるのか・ 「感度サイコー!!!」忌野清志郎“ナニサリ”が映画になって復活
今夏最大の日本映画、主題歌に“希望の女神”を抜擢 昨年7月にリリースした英語カヴァーアルバム「ラブ・ソングス」が売上枚数35万枚を突破。収録曲「ベイビー・アイラブユー」は、デジタル配信で160万ダウンロードを突破し、レコチョクのメロディコール／待ちうたで年間1位を記録するなど、“ラヴソング・プリンセス”として女性から圧倒的な支持を受けるシェネル。彼女の新曲「ビリーヴ」が、7月13日より全国東宝系でロードショーとなる、今夏最大の日本映画『BRAVE HEARTS 海猿』の主題歌に決定した。
彼女の新曲「ビリーヴ」が、7月13日より全国東宝系でロードショーとなる、今夏最大の日本映画『BRAVE HEARTS 海猿』の主題歌に決定した。シェネルにとって自身初となる映画主題歌「ビリーヴ」は、本作のために書き下ろされた日本語詞のオリジナル曲で、映画公開に先がけて、7月4日に発売予定のシェネルのニュー・アルバムに収録。
シェネルにとって自身初となる映画主題歌「ビリーヴ」は、本作のために書き下ろされた日本語詞のオリジナル曲で、映画公開に先がけて、7月4日に発売予定のシェネルのニュー・アルバムに収録。2004年にシリーズ1作目が公開された映画「海猿」シリーズは言わずと知れた大ヒット作品だが、2010年9月に公開された『THE LAST MESSAGE 海猿』は、同年の日本実写映画No.1となる興行収入80.4億円の大ヒットを記録している。その後も続編を望む多くのファンの声に後押しされ、遂に「海猿」シリーズが復活を遂げることとなった。
その後も続編を望む多くのファンの声に後押しされ、遂に「海猿」シリーズが復活を遂げることとなった。「海猿」シリーズの主題歌には、今までも邦洋の素晴らしいアーティストが起用されているが、プロデューサー臼井裕詞氏は、シェネルの抜擢理由について「今度の映画は、今の難しい時代に映画を見て“救い”を感じてもらえるような作品にしたく、主題歌においても、製作当初から“希望の女神”になるような女性ボーカルが良いと思っておりました。そんな折、圧倒的な歌唱力に透明感のあるシェネルの歌声を聞き、彼女ならば“希望の女神”になると惚れ込み、『BRAVE HEARTS 海猿』の主題歌をオファーしました。彼女の透明感がありスケール感がある美しい歌声によって、今回の映画で描きたい“自分を信じることで、奇跡はおこせる”といったことを伝えられたらと思っています。」と語っている。
」と語っている。シェネルは「日本の素晴らしい映画『BRAVE HEARTS 海猿』の主題歌を歌う機会を頂けて、とても嬉しいです！ 映画のストーリーを聞いて、みんなが奇跡を信じて、前向きなエネルギーを周りに広めるきっかけに繋がれば、という思いを込めて『ビリーヴ』を歌いました。私が持っている歌の全てをこの曲に注ぎました。ぜひともこの曲を楽しんで頂き、何か感じて頂ければと思います。早く日本で映画を観たい！」と、その喜びを語っている。
」と、その喜びを語っている。映画『BRAVE HEARTS 海猿』 海上保安官・仙崎大輔（伊藤英明）は長年のバディ・吉岡（佐藤隆太）とともに、最高レベルのレスキュー能力を持つ特殊救難隊（特救隊）の一員として、海難救助の最前線にいた。そんな彼らの前に、羽田行きのジャンボジェット機・G-WING206便のエンジンが爆発炎上、東京湾へ海上着水する大事故が発生。しかもその機内には、吉岡の恋人でキャビンアテンダントの美香（仲里依紗）が乗っていたのだった。沈没までの残された時間はわずか20分。果たして大輔たちは、乗員乗客346名全員を無事に救出することができるのか!?
果たして大輔たちは、乗員乗客346名全員を無事に救出することができるのか!?出演：伊藤英明、加藤あい、佐藤隆太、仲 里依紗、三浦翔平、平山浩行、伊原剛志、時任三郎
出演：伊藤英明、加藤あい、佐藤隆太、仲 里依紗、三浦翔平、平山浩行、伊原剛志、時任三郎映画『BRAVE HEARTS 海猿』 - 公式サイト ・シェネル - SoundTown INTERNATIONAL
いま話題の人気アイドルたちが、一夜限りの大共演 吉川友をはじめ、今話題の女性アイドル＆女優が一堂に会した究極のアイドル映画『Cheerfu11y（チアフリー）』。10月22日の全国公開に先駆けて、10月12日にはSHIBUYA-AXにて1日限りのプレミア上映会の開催が決定した。『Cheerfu11y』では、個人の突出した技術ではなく、チームとしての団結力が求められる競技「チア＆ダンス」に、今話題の11人のアイドルがリアルに挑戦。ひょんなことから、地元で開催されるチア＆ダンス大会に出場することになった片田舎の11人の女子高校生たち。チア＆ダンスの経験は誰一人として無い彼女たちが、ぶつかりながらも、やがてチア＆ダンスの魅力に気付き、少しずつ一致団結をしていくという、青春感動ムービーとなっている。
チア＆ダンスの経験は誰一人として無い彼女たちが、ぶつかりながらも、やがてチア＆ダンスの魅力に気付き、少しずつ一致団結をしていくという、青春感動ムービーとなっている。映画『きっかけはYOU!』で映画初主演を果たした、吉川友。ももいろクローバーを脱退し、本格的な女優業をスタートさせた、早見あかり。女性グループとしてデビューシングルがオリコンウィークリーチャート初登場1位という、オリコン史上初の快挙を成し遂げた、ぱすぽ☆。キャナァーリ倶楽部に所属し、アイドル・モデル・女優と多方面に活躍する、にわみきほ。つんく♂プロデュースによる5人組ボーカルグループ、THE ポッシボーから、秋山ゆりか、後藤夕貴。昨年ハロプロエッグの研修課程を修了したメンバー7名で構成された「アップアップガールズ（仮）」から古川小夏、森咲樹という、まさに今が旬なアイドル11名が、この映画のために集結。今作に限りチアの衣装で出演し、アイドルファンには必見の映画に仕上がっている。
今作に限りチアの衣装で出演し、アイドルファンには必見の映画に仕上がっている。プレミア上映会には、出演キャストが大主欠。吉川友、早見あかりをはじめとする人気アイドルたちによるチア＆ダンスが生で観られる最初で最後のチャンスとなる、
吉川友、早見あかりをはじめとする人気アイドルたちによるチア＆ダンスが生で観られる最初で最後のチャンスとなる、【公演概要】 日程：2011年10月12日（水） 会場：SHIBUYA-AX 開場／開演：18:00／18:30 料金：3000円（税込、ドリンク代別） 内容：映画「Cheerfu11y」上映会＋チアダンス披露＋ミニトーク＋ハイタッチ会 登壇者：吉川友、早見あかり、安斉奈緒美（ぱすぽ☆）、森詩織（ぱすぽ☆）、佐久間夏帆（ぱすぽ☆）、玉井杏奈（ぱすぽ☆）、にわみきほ（キャナァーリ倶楽部）、秋山ゆりか（THE ポッシボー）、後藤夕貴（THE ポッシボー）、古川小夏（アップアップガールズ（仮））総勢10名
【公演概要】 日程：2011年10月12日（水） 会場：SHIBUYA-AX 開場／開演：18:00／18:30 料金：3000円（税込、ドリンク代別） 内容：映画「Cheerfu11y」上映会＋チアダンス披露＋ミニトーク＋ハイタッチ会 登壇者：吉川友、早見あかり、安斉奈緒美（ぱすぽ☆）、森詩織（ぱすぽ☆）、佐久間夏帆（ぱすぽ☆）、玉井杏奈（ぱすぽ☆）、にわみきほ（キャナァーリ倶楽部）、秋山ゆりか（THE ポッシボー）、後藤夕貴（THE ポッシボー）、古川小夏（アップアップガールズ（仮））総勢10名・Cheerfu11y - UNIVERSAL J ■関連記事 ・今話題の女性アイドルが一堂に会した究極の映画（2011年09月08日）
・Cheerfu11y - UNIVERSAL J ■関連記事 ・今話題の女性アイドルが一堂に会した究極の映画（2011年09月08日）映画鑑賞が“生涯無料”になる 映画をたくさん観たいけど、1800円という料金が高いのでなかなか劇場に足を運べない。毎月、1000円のサービスデーを待っている。そんな方に朗報。なんと映画鑑賞料金が“生涯無料”になるチケットがある。これは、新宿バルト9の5周年を記念して行われるキャンペーン。新宿バルト9のfacebookページの「いいね」を押すもしくはtwitterアカウントをフォローすれば誰でも参加可能。映画生涯無料チケットの他にも、豪華賞品が抽選で当たる。キャンペーン期間は、2月9日から2月29日なので、詳細をキャンペーンサイトで確認しよう。他にも、スペシャルコンテンツ「映画戦隊バルト9」も始動し、戦隊に扮したスタッフが劇場内やweb場で盛り上げる。生涯無料ということは、月1回映画をみるひとであれば、年12回、10年で120回、50年600回無料。600回×1800円として1,080,000円、100万円以上の得する。映画好きも、そうでない人も注目のキャンペーンとなりそうだ。
映画好きも、そうでない人も注目のキャンペーンとなりそうだ。・新宿バルト9の5周年キャンペーン 【MOVIE ENTER おすすめ記事】 ・映画『タイタンの逆襲』の予告映像を公開、魔物たちとの壮絶なバトルは必見！ ・速い男に群がるセクシー美女「ワイルド・スピード」の“MEGA MAX”な最新作 ・「ポケモン」や「ONE PIECE」と同じ賞を獲得したキモかわいいキャラが全国に ・ダース・ベイダーにより守り神ビリケンさんがダークサイドに堕ちる
水樹奈々、映画主題歌の初披露にファン1500人が大興奮 4月22日、メルパルクホールにて「BLOOD-“C”arnival」と題した『劇場版BLOOD-C The Last Dark』のイベントが開催され、主人公の更衣小夜役の水樹奈々を始め、テレビシリーズのメインキャストである、藤原啓治、野島健児、浅野真澄、福圓美里、阿部敦、鈴木達央、宮川美保が登場した。
水樹奈々、映画主題歌の初披露にファン1500人が大興奮 4月22日、メルパルクホールにて「BLOOD-“C”arnival」と題した『劇場版BLOOD-C The Last Dark』のイベントが開催され、主人公の更衣小夜役の水樹奈々を始め、テレビシリーズのメインキャストである、藤原啓治、野島健児、浅野真澄、福圓美里、阿部敦、鈴木達央、宮川美保が登場した。本作の舞台となるのは、201X年冬。小夜は、七原文人に復讐を果たすべく東京にいた。しかし、東京は世界企業セブンスヘブンを後ろ盾にした文人の実質的支配下にあった。社会の闇を暴くために活動するネットコミュニティ・サーラットのメンバーに出会った小夜は、彼らとともに七原文人の組織“塔”に戦いを挑む。果たして、真の自由をその手に掴めるのだろうか。
果たして、真の自由をその手に掴めるのだろうか。本作は、ジェームズ・キャメロンやクエンティン・タランティーノといったハリウッドのトップクリエイターから絶賛された「BLOOD」シリーズの中で、衝撃作として大きな話題と集める「BLOOD-C」の劇場版だ。
本作は、ジェームズ・キャメロンやクエンティン・タランティーノといったハリウッドのトップクリエイターから絶賛された「BLOOD」シリーズの中で、衝撃作として大きな話題と集める「BLOOD-C」の劇場版だ。水樹は、本作の物語をイメージして作ったという主題歌「METRO BAROQUE」（6月6日発売）をサプライズで初披露した。タイトルにある“BAROQUE”とは“ゆがんだ真珠”という意味があり、大都市にやってきた小夜を“真珠”に例えている。楽曲制作にあたり「裏切られても前に進む強い意志を込めた」と言う通り、ステージで力強く歌い上げる姿に、会場に集まったファン約1500人は歓声をあげた。
楽曲制作にあたり「裏切られても前に進む強い意志を込めた」と言う通り、ステージで力強く歌い上げる姿に、会場に集まったファン約1500人は歓声をあげた。「新曲を初披露する時は緊張する」という水樹だったが「みんなが盛り上げてくれて嬉しかった」と、無事に歌い上げ、安堵した様子を見せた。
「新曲を初披露する時は緊張する」という水樹だったが「みんなが盛り上げてくれて嬉しかった」と、無事に歌い上げ、安堵した様子を見せた。本作については「テレビ版をみていなくても、楽しめる映画だし、テレビ版を見ている人はより深く楽しめる映画になっています」と、コメントした。
本作については「テレビ版をみていなくても、楽しめる映画だし、テレビ版を見ている人はより深く楽しめる映画になっています」と、コメントした。イベントでは、本作の未公開映像を含むWEB用PV映像も初披露され、ファンにとってたまらない一日となった。公開された映像は、オフィシャルサイトでも観ることができるので、是非チェックしておこう。
公開された映像は、オフィシャルサイトでも観ることができるので、是非チェックしておこう。映画『劇場版BLOOD-C The Last Dark』は、6月2日（土）より全国公開。
映画『劇場版BLOOD-C The Last Dark』は、6月2日（土）より全国公開。映画『劇場版BLOOD-C The Last Dark』 - 公式サイト
映画『劇場版BLOOD-C The Last Dark』 - 公式サイト【関連記事】 ・美少女・橋本愛が声優に初挑戦「初めてだからできないのは当たり前！」
」史上最強の映画『アベンジャーズ』の声優に“最強芸人”雨上がり・宮迫が決定 『タイタニック』を抑え、ついに歴代全米興行収入ランキング第2位を記録した映画『アベンジャーズ』（8月14日公開）。『スパイダーマン』を始めとするヒーロー・シリーズで知られるマーベルを代表する最強のヒーローが集結した本作は、アクションと人間ドラマを共存させ、世界各国で記録を打ち出している。
『スパイダーマン』を始めとするヒーロー・シリーズで知られるマーベルを代表する最強のヒーローが集結した本作は、アクションと人間ドラマを共存させ、世界各国で記録を打ち出している。今回、日本語吹き替えキャストとして、雨上がり決死隊の宮迫博之が弓の名手であるホークアイ役で本作に参加することが決定した。すでに、アベンジャーズの紅一点、女スパイのブラック・ウィドウ役を米倉涼子、アベンジャーズを統率する司令官であるニック・フューリー役を竹中直人が演じることが決定している。
すでに、アベンジャーズの紅一点、女スパイのブラック・ウィドウ役を米倉涼子、アベンジャーズを統率する司令官であるニック・フューリー役を竹中直人が演じることが決定している。7月10日、宮迫の声優決定の発表に併せて、本作の最強ヒーロー、アイアンマン、キャプテン・アメリカ、ソー、ハルクの等身大フィギュアがお台場シネマメディアージュに集結。また、精巧に3Dモデリングを行った宮迫のホークアイ等身大フィギュアもお披露目された。
また、精巧に3Dモデリングを行った宮迫のホークアイ等身大フィギュアもお披露目された。“最強”ヒーローにちなみ、“最強芸人”という紹介とともに登場した宮迫は「その呼び名は勘弁してください。それにしても一人で出るのは恥かしい」と照れた様子を見せ、インタビューが行われた。
それにしても一人で出るのは恥かしい」と照れた様子を見せ、インタビューが行われた。——本作についてどう思いますか？宮迫博之（以下、宮迫）：アイアンマンとか単品ではほとんど観ているので、それが一堂に集まる画期的な映画だから、ワクワク感でいっぱいです。
宮迫博之（以下、宮迫）：アイアンマンとか単品ではほとんど観ているので、それが一堂に集まる画期的な映画だから、ワクワク感でいっぱいです。——自身が声優を務めるジェレミー・レナー／ホークアイについてどう思いますか？宮迫：ホークアイは凄い。人間としての能力をフルに使っている。そしてジェレミー・レナーは今、ハリウッドでも最も注目されている俳優。いつも吹き替えだと悪役が多いのですが、今回は正義のヒーローでうれしいです。息子と「映画館に観に行こう」と約束しています。
息子と「映画館に観に行こう」と約束しています。——自分のフィギュアを見て、いかがですか？宮迫：うれしいけど恥かしい。でも、ここまで筋肉質ではないですね（笑）。等身大とかは、AKB48がやるものだと思っていました。だから今、恥かしくて背中がビチョビチョです。このフィギュア、使い終わったらいただけるというので、オカンの“みや蛸”というタコ焼き屋に置こうと思っています（笑）。
このフィギュア、使い終わったらいただけるというので、オカンの“みや蛸”というタコ焼き屋に置こうと思っています（笑）。——もし、芸能界で“アベンジャーズ”を結成するとしたら、メンバーは誰がいいですか？
——もし、芸能界で“アベンジャーズ”を結成するとしたら、メンバーは誰がいいですか？宮迫：一番最初に思い浮かんだのは、優しくて力持ち、熱血漢の照英さん。次は、昔ワルで、今はとても素敵な宇梶さんあたりですね。
次は、昔ワルで、今はとても素敵な宇梶さんあたりですね。——これから本作を観る方に一言お願いします。宮迫：すごいヒーローが集まる、すごく面白く、これぞハリウッドといった映画です。ぜひ映画館に見に来てください。
ぜひ映画館に見に来てください。インタビュー後、“最強”ヒーローに囲まれた宮迫は、照れながらも“最強”の仲間入りを果たした。本作が歴代全米興行収入ランキング第2位を記録したことを知ると「このスピードなら『アバター』も超えられるんじゃないですか？」と本作の最強ぶりに太鼓判を押した。
」と本作の最強ぶりに太鼓判を押した。今回、展示された等身大フィギュアは、7月16日までシネマメディアージュ内にて展示。その後、全国各地の劇場に登場する予定だ。
映画『アベンジャーズ』は、8月14日（火）より全国公開。
映画『アベンジャーズ』は、8月14日（火）より全国公開。あらすじ 最強の力を持つヒーローたち“アベンジャーズ”は、地球侵略へのカウントダウンが開始された時、70億人もの人類の未来を託されていた。しかし、意思に反して集結させられた彼らは、ひとつのチームとして戦うことを拒み続ける。次第に、彼らの知られざる過去と苦悩が明かされていく。果たして、人類史上最大の敵を前に地球を救うことができるのか。
果たして、人類史上最大の敵を前に地球を救うことができるのか。・映画『アベンジャーズ』 - 作品情報 【関連記事】・【プレゼント】“最強”のヒーローが日本上陸！『アベンジャーズ』ジャパンプレミアにご招待・即完必至！『アベンジャーズ』BE@RBRICK付き鑑賞券を限定発売・映画『アベンジャーズ』の“最強”ヒーローがストラップに・ありえないほど“最強”なヒーローが集結、『アベンジャーズ』日本版キャラクター画象が公開・先行上映が決定、ついに“アベンジャーズ現象”が日本上陸
本格的に仕事復帰、マリエが今一番会いたい人は“スギちゃん” 2011年10月より、アート・デザインの名門専門大学のパーソンズ大学へ入学し、ファッションを学んでいたモデルのマリエが留学を終え、帰国後初となるイベントに出席した。8月2日、都内で“世界のセックス・シンボル”マリリン・モンローのピュアな恋愛を描いた映画『マリリン7日間の恋』のBlu-ray＆DVD発売を記念したイベントが開催された。
8月2日、都内で“世界のセックス・シンボル”マリリン・モンローのピュアな恋愛を描いた映画『マリリン7日間の恋』のBlu-ray＆DVD発売を記念したイベントが開催された。本作は、マリリン・モンローと名もなき若い青年コリン・クラークとの恋愛を描いたもの。1956年、ハリウッドの大スター、マリリン・モンローが『王子と踊り子』の撮影のためイギリスに降り立つ。しかし、オリヴィエはマリリンの演技法を受け入れず、プレッシャーからマリリンは現場に訪れなくなる。切羽詰ったオリヴィエは、第3助監督コリン・クラークにマリリンの見張り役を命じる。そんなコリンに不安や寂しさを正直に打ち明けたマリリンは、誠実に答えるコリンに次第に信頼を抱くようになる。
そんなコリンに不安や寂しさを正直に打ち明けたマリリンは、誠実に答えるコリンに次第に信頼を抱くようになる。このイベントが本格的に仕事復帰となるマリエは、マリリン・モンローをイメージした、柔らかい白のワンピース姿で登場。本作にちなみ“年下男性”の恋愛を“○”“×”で厳しくジャッジした。
本作にちなみ“年下男性”の恋愛を“○”“×”で厳しくジャッジした。——コリンは、自信を失っていたマリリンをデートに連れていきます。自分の特権を活かし、普段は絶対入ることができないウィンザー城や母校へ連れて行きます。こんなデートプランはいかがですか？
こんなデートプランはいかがですか？マリエ：○！ 自分の知らない世界を見せてくれる人はとても魅力的ですよね。経験できないことをしてくれると嬉しいです。しかも、自分自身の歴史を見せてくれたりすると、とってもキュンとします。
しかも、自分自身の歴史を見せてくれたりすると、とってもキュンとします。——マリリンは追い詰められ、宿泊場所から出なくなってしまいます。その時、コリンは心配になって窓からマリリンの部屋に入ります。こんな行動派な一面はどうですか？マリエ：もちろん“○”です。心配してくれるのは嬉しいですよね。放っておいたらどうにかなってしまうような女性は、やはり魅力的なんでしょうね。この時のマリリンはとても儚い感じで、すごく好きなシーンです。
この時のマリリンはとても儚い感じで、すごく好きなシーンです。でも私は酒に走りますね。1人酒です。放っておいて！ って思ってしまうかも（笑）。
って思ってしまうかも（笑）。——コリンが「あなたを守りたい、マリリン・モンローを捨てて僕と結婚しよう」とプロポーズしますが、マリリンの顔を見て全てを悟り、遠くから見守ることを決断するシーンがありますが、この決断はどう思いますか？
——コリンが「あなたを守りたい、マリリン・モンローを捨てて僕と結婚しよう」とプロポーズしますが、マリリンの顔を見て全てを悟り、遠くから見守ることを決断するシーンがありますが、この決断はどう思いますか？マリエ：“×”です。仕事だったりいろいろな事があるとは思うけど、もうちょっとプッシュして追いかけてもいいのかなと思いました。
仕事だったりいろいろな事があるとは思うけど、もうちょっとプッシュして追いかけてもいいのかなと思いました。——マリリンがコリンとデートをした帰り道、マリリンとコリンが裸で川で泳ぐシーンがありますが、こんな大胆なデートはいかがですか？
——マリリンがコリンとデートをした帰り道、マリリンとコリンが裸で川で泳ぐシーンがありますが、こんな大胆なデートはいかがですか？マリエ：“○”です。大胆なデートはありだと思います。でも、私は潔癖症なので、すごく綺麗な海だったらマリリンのように服を脱いで水に入るかもしれないけど、あまり綺麗じゃない湖だったらやらないかもしれません。
でも、私は潔癖症なので、すごく綺麗な海だったらマリリンのように服を脱いで水に入るかもしれないけど、あまり綺麗じゃない湖だったらやらないかもしれません。さらに、留学するきっかけや、留学中のエピソードを語ってくれた。
さらに、留学するきっかけや、留学中のエピソードを語ってくれた。——なぜ、留学したんですか？
——なぜ、留学したんですか？マリエ：小学校5年生の時に、お父さんに「衣装デザイナーになりたい」と言っていました。昔からパーソンズに行くことは夢でした。
昔からパーソンズに行くことは夢でした。——海外生活をしてみて、不安だったことや大変だったことはありますか？マリエ：NYに住むことになって、電気やガスはどうやって通せばいいのだろう？どこに電話すればいいのだろう？と何もかも分からなくて、本当に全てゼロからのスタートだったのでとても不安でした。
と何もかも分からなくて、本当に全てゼロからのスタートだったのでとても不安でした。——劇中のマリリン・モンローのように留学中素敵な男性と出会いましたか？マリエ：耳にタコができるくらいみんなに聞かれるのですが、本当にゲイが多くて。かっこいいんですけど、ゲイなんですよね。住んでいたビンテージのマンションもゲイのカップルが多く住んでいて、音がギコギコ聞こえてきて（笑）。何が行われているんだろう？ と悩みました。
と悩みました。好きなタイプは、やはり知らない世界を見せてくれる人と、ちゃんとお金を持ってる人。もう自分で払いたくない。いろいろなものに我慢しきれなくなっているので、皆さん期待して待っていてください。
——帰国して驚いたことはありますか？マリエ：みんなが結婚したり、出産したりしていてビックリしました。私がいない間に何が起こったの？私も結婚は考えているけれど、まずは相手探しからですね。芸能界から離れていたので、とても不安。今もとても不安でドキドキしています。
今もとても不安でドキドキしています。あと、スギちゃんに会いたいです。みんなはもう飽きているかもしれないけど、私はまだまだ大丈夫！あの諦めている感じと適当さがいい。応援したくなります。誰かスギちゃんに会わせてほしいです。
——本作を鑑賞した感想、見どころを教えて下さい。
——本作を鑑賞した感想、見どころを教えて下さい。マリエ：愛の深さだったり、愛されるよりも愛する気持ちを大切にしたい、自分の愛せる人を見つけたいという気持ちが伝わってきて、とても感動しました。マリリン・モンローの心情や周囲の人々との状況も丁寧に描いているし、年下のコリンとの恋のエピソードは切なくてキュンとします。
マリリン・モンローの心情や周囲の人々との状況も丁寧に描いているし、年下のコリンとの恋のエピソードは切なくてキュンとします。また、私のオススメのポイントは英国紳士の衣装です。男性の服の着こなしがとても素敵なので、ぜひみなさん真似してください。
男性の服の着こなしがとても素敵なので、ぜひみなさん真似してください。留学を経て、さらにファッションに磨きがかかったマリエ。再び、カリスマモデルとして活躍する姿に期待したい。
映画『マリリンと7日間の恋』のBlu-ray＆DVDは、8月3日（金）より発売。TSUTAYAのみでレンタルを開始。
TSUTAYAのみでレンタルを開始。・映画『マリリン 7日間の恋』 - 作品情報【関連記事】・“素顔”のマリリン・モンローが日本へ・インタビュー：ミシェル・ウィリアムズ「マリリンのイメージは虚像」・マリリン・モンローが新婚旅行で食べたメニュー・マリリン・モンローを演じてアカデミー候補！ ミシェル・ウィリアムズ来日決定
ティム・バートンとジョニデが8度目のタッグ、念願のバンパイア役を演じる ティム・バートン監督とジョニー・デップが8度目のタッグを組む映画『ダーク・シャドウズ（原題）』が2012年5月より日本で公開されることが決定した。カメレオン俳優といわれるジョニーが初のバンパイア役に挑戦する。
カメレオン俳優といわれるジョニーが初のバンパイア役に挑戦する。本作は、1960年代にカルト的人気を誇るTVシリーズ「ダーク・シャドウズ」を基にオールスターキャストで映画化したもの。主人公は、1752年にイギリスからアメリカへ移民し、裕福な家庭に育ったプレイボーイ、バーバナス・コリンズ。ある日、魔女によって死よりも恐ろしい運命となるバンパイアにされて、生き埋めにされてしまう。それから、2世紀後の1972年に予期せぬきっかけで自分の墓から開放される。かつて、壮大で華々しかった彼の土地はすっかり朽ち果て、コリンズ家の末裔は、それぞれ暗い秘密をひたすら隠して生きていた。劇的な変化を遂げた世の中と、不可思議な謎を秘めるコリンズ家の末裔との姿を描く。
劇的な変化を遂げた世の中と、不可思議な謎を秘めるコリンズ家の末裔との姿を描く。主演を務めるジョニー・デップは、同テレビシリーズの熱狂的ファンと公言しており、子供の頃からの夢が主人公のバーバナスを演じることだったという。念願の役を射止め、「僕は、ずっと『ダーク・シャドウズ』に魅了されてきた。家に走って帰って、テレビにかじりついて見ていた。子供の頃からジョナサン・フリットが演じたバンパイア一家の家長であるバーバナスを演じたかったんだ」とコメントしている。
子供の頃からジョナサン・フリットが演じたバンパイア一家の家長であるバーバナスを演じたかったんだ」とコメントしている。また、エバ・グリーンやミシェル・ファイファー、ヘレナ・ボナム＝カーターといった演技派俳優が集結。さらに、『トレインスポッティング』のジョニー・リー・ミラー、『キック・アス』のクロエ・モレッツ、『ヒューゴの不思議な発明』のデイビッド・コリンズらが不思議なコリンズ一家の一員を演じる。そんな彼らコリンズ一家の場面写真も公開された。
そんな彼らコリンズ一家の場面写真も公開された。監督を務めるティム・バートンは、アカデミー賞受賞者のグレアム・キング、ジョニー・デップらとともに製作も手掛ける。
監督を務めるティム・バートンは、アカデミー賞受賞者のグレアム・キング、ジョニー・デップらとともに製作も手掛ける。場面写真を見てお分かりの通り、バンパイアになりきったジョニデのカメレオンぶりには驚きだ。全米では、2012年5月11日より公開される。
全米では、2012年5月11日より公開される。日本では、2012年5月より全国ロードショー。
【MOVIE ENTER おすすめ特集】 ・2011下半期アワード - 編集部員が個人的に称賛 ・『リアル・スティール』特集 - それは、親子の絆が生み出す、“本当の強さ”。・『クリミナル・マインド／FBI vs.異常犯罪 シーズン5』特集 - “FBI行動分析課”に学ぶビジネス術
・『クリミナル・マインド／FBI vs.異常犯罪 シーズン5』特集 - “FBI行動分析課”に学ぶビジネス術殺人鬼・ゴーストフェイスが体を張ってプロモーション「日本のみんな、俺を覚えているか！？」11月29日より公開となる『スクリーム4：ネクスト・ジェネレーション』の殺人鬼・ゴーストフェイスが緊急来日し、全国を股にかけて体を張った宣伝活動を展開している。そして、その集大成が本作の予告編となって公開された。その中には、某PR番組「全○坂」を連想させるようなシーンもあり、ホラー映画の宣伝とは思えない仕上がりとなっている。
その中には、某PR番組「全○坂」を連想させるようなシーンもあり、ホラー映画の宣伝とは思えない仕上がりとなっている。本作は、これまでのホラー映画の概念を覆す謎と恐怖、面白さが全世界の映画ファンを熱狂させて大ブームを巻き起こした『スクリーム』シリーズの最新作。最終章となる『スクリーム3』から11年、沈黙を絶叫で破る。先の読めないスピーディな展開と、意外な真犯人、、そして散りばめられた映画ネタの数々。次世代へと引き継がれ、生まれ変わった本作が日本へとやってくる。
次世代へと引き継がれ、生まれ変わった本作が日本へとやってくる。来日中のゴーストフェイスは、地道な宣伝活動の集大成として、PR動画を撮影。今回、公開された動画がこちら。
今回、公開された動画がこちら。絶叫復活を掲げている本作のはずだが、動画を観てもらえれば分かるように、絶叫マシーンに乗ったり、某PR番組「全○坂」の真似をして坂を駆け上がってみたり…。殺人鬼とは思えぬ地道な宣伝活動を繰り広げている。「これは宣伝活動なのか？」と疑問に思う映像を含め、調子に乗って街へと繰り出し、6本も撮影したそう。これらの動画は、ファーストシーズンとして3本を10月17日から、セカンドシーズンとして3本を10月24日からオフィシャルサイトで配信する。ただし、そう簡単に見せてはくれない。劇中で、クイズに正解しないと回答者を殺害するゴーストフェイスなだけに、クイズに正解しないと動画を観ることが出来ない。
劇中で、クイズに正解しないと回答者を殺害するゴーストフェイスなだけに、クイズに正解しないと動画を観ることが出来ない。ホラー映画である本作だが、そんなことも忘れてしまいそうなほどコメディタッチに仕上がっている。
ホラー映画である本作だが、そんなことも忘れてしまいそうなほどコメディタッチに仕上がっている。その他の動画は、どんな仕上がりになっているのだろうか。
その他の動画は、どんな仕上がりになっているのだろうか。これらの動画を観れば、ゴーストフェイスのことを忘れることはないだろう。
これらの動画を観れば、ゴーストフェイスのことを忘れることはないだろう。10月29日（土）より、シネマスクエアとうきゅう他、全国ロードショー。
10月29日（土）より、シネマスクエアとうきゅう他、全国ロードショー。・映画『スクリーム４：ネクスト・ジェネレーション』 - 公式サイト・映画『スクリーム４：ネクスト・ジェネレーション』 - 作品情報
・映画『スクリーム４：ネクスト・ジェネレーション』 - 公式サイト・映画『スクリーム４：ネクスト・ジェネレーション』 - 作品情報【関連ニュース】・若手ハリウッド女優たちが顔をゆがめて三三七拍子、『スクリーム4』の絶叫映像が公開・沈黙から11年、再びあの恐怖が蘇る！『スクリーム』シリーズ最新作の予告映像公開
15歳の天才空手美少女が映画デビュー「気分はシンデレラ」 いよいよ10月22日より広島先行公開となった、オール広島ロケの痛快世直しエンタテイメント映画『サルベージ・マイス』。観光名所10箇所以上で撮影を行い、世界に発信していく全く新たな日本映画として製作された本作。広島の至る所にポスターが貼られ、広島を中心に盛り上がりを見せる中、公開初日の22日には広島バルト11にて初日舞台挨拶を開催。本作で映画初出演を果たした若干15歳の天才空手少女・美緒役の長野じゅりあをはじめ、美緒がほのかな恋心を寄せる竹丸役を演じた長田成哉、田崎竜太監督、プロデューサー・アクション監督の西冬彦、また広島吉本のフロントライン古島、メインディッシュのキムテツ、フリータイムの塩谷が登壇した。
本作で映画初出演を果たした若干15歳の天才空手少女・美緒役の長野じゅりあをはじめ、美緒がほのかな恋心を寄せる竹丸役を演じた長田成哉、田崎竜太監督、プロデューサー・アクション監督の西冬彦、また広島吉本のフロントライン古島、メインディッシュのキムテツ、フリータイムの塩谷が登壇した。・インタビュー：谷村美月「些細なことで感動することって、たくさんある」 主演の谷村美月は東京での仕事のため欠席となったが、初の出演作初日を迎えた長野じゅりあは「まさか自分がオーディションに受かるとは思っていなくて、シンデレラのような気分です（笑）」と自らをシンデレラと称し、監督に突っ込みを受けつつも、600人の中から選ばれたという自信をアピールしていた。彼女のアクションについて聞かれた長田は「実は僕、アクションがすっごくやりたくて、アクション映画きた！と思ってたんですが、僕の役は暴力嫌いな役で（笑）。一カ所だけ追加してもらったので、そこに注目してください。じゅりあちゃんみたいに強い女の子だとなるべく喧嘩したくないので、ずっと尻に敷かれてると思います（笑）。」と笑顔で答えた。田崎監督は「是非、長野や長田くん、谷村さんと勝負していただきたい。少しでも面白い、かわいい、かっこいいと思ったら皆さんの負けです、何度も劇場へ来てください。」と自信をのぞかせた。また、プロデューサー・アクション監督の西は、本作の魅力ついて「自分でもアクション映画をこれまで撮ってきましたが、谷村さんの素晴らしいアクションと長野というアクションが抜群でかわいらしい子を見つけることができたことが、本作の勝因ですね。既に海外マーケットへもアプローチしていてすごく評判がいいです。」と主演二人を称えると共に、その完成度の高さを見せつけた。
」と主演二人を称えると共に、その完成度の高さを見せつけた。最後に、吉本の古島、キムテツ、塩谷は早くも次回作への出演を監督へ切望しつつも、「広島のみなさん、広島の魅力を全国だけでなく、全世界に見せつけましょう！本作をよろしくお願いします！」と最後に大きな夢を披露し、会場は温かい笑いに包まれた。
」と最後に大きな夢を披露し、会場は温かい笑いに包まれた。正義の怪盗“サルベージ・マイス”が広島を舞台に縦横無尽に走り回り、高価な美術品ばかりを狙う窃盗グループと戦う本作。主演はアクション初挑戦となる若手実力派女優・谷村美月。メガホンを取るのは、『平成仮面ライダー』シリーズなど特撮映画を数多く手掛ける田崎竜太監督。そして、かつて『少林サッカー』『マッハ！！』などを買い付け、遂には自らの手で作り出すようになったジャパニーズリアルアクション映画の先駆者、西冬彦がプロデューサー兼アクション監督を務めている。
』などを買い付け、遂には自らの手で作り出すようになったジャパニーズリアルアクション映画の先駆者、西冬彦がプロデューサー兼アクション監督を務めている。谷村のアクションと、広島の美しい街並み、路面電車や広島城など貴重な場所でのアクション、長野のすごすぎる空手技と長田との淡い恋、佐藤との対決など見どころが満載。広島発の本作映画が世界へどう羽ばたいていくのか、期待が高まる。
・サルベージ・マイス - 公開情報 ■関連記事
・サルベージ・マイス - 公開情報 ■関連記事・インタビュー：谷村美月「些細なことで感動することって、たくさんある」・15歳の天才空手美少女「デビュー作を見てもらえることにワクワクどきどき」・ももクロZの新曲を初公開、映画『サルベージ・マイス』のTVスポットが解禁・映画『サルベージ・マイス』主題歌に、ももいろクローバーＺの新曲が決定
「開けてはいけない」コインロッカーが出現 開けてはならないパンドラの箱、人類最大の謎である“人類の起源”に迫った巨匠リドリー・スコット監督の問題作『プロメテウス』。8月24日の公開を控え、依然としてその全貌は謎のベールに包まれている。6月末には“決して開けてはならない”特典グッズ付前売り券が発売され話題を呼んだが、本日8月1日からは、名古屋市中区の金山総合駅コンコースにて、8月31日までの期間限定で、映画『プロメテウス』のテーマを立体的に表現する“絶対に開けてはいけない”謎のコインロッカーが登場した。本来は、手荷物を一時保管するためのコインロッカーだが、その扉には「警告！謎の扉を、開けてはいけない。」との文字が。前回の特典同様、今回もその詳細および中身は、一部を除き関係者にさえ一切明かされていない。
前回の特典同様、今回もその詳細および中身は、一部を除き関係者にさえ一切明かされていない。古代ギリシア神話では、プロメテウスが天界から火を盗んで人間に与えたため、怒った神々が災いとして人類最初の女性パンドラを送り込み、彼女の開いた“パンドラの箱”によって世界は災厄で満たされた。最後にただ一つ残されたのは“希望”だったが、コインロッカーの中には一体何があるのだろうか。
最後にただ一つ残されたのは“希望”だったが、コインロッカーの中には一体何があるのだろうか。「開けてはならない」と言われれば、開けたくなるのが人間の心理。お近くの方は是非、自分の目で確かめてみて欲しい。・『プロメテウス』特集ページ
徐々に明らかになる衝撃の全貌…『バイオハザードV』最新予告が解禁に 大ヒットシリーズ『バイオハザード』の最新作『バイオハザードV：リトリビューション』。前作同様ポール・W・S・アンダーソン監督が自らメガホンを取り、ミラ・ジョボヴィッチが主演する、今年最大のSFアクション大作のひとつだ。これまで日本を舞台にしていることがわかる場面写真や、ティーザー予告編、US版ポスタービジュアルなどが公開されてきた。また、アメリカではシリーズを通して重要な役割を果たす“アンブレラ社”の公式サイトがウェブ上にアップされるなど話題を振りまいていたものの、まだまだその多くは謎に包まれていた。しかし9月の公開を控え、本国アメリカでは14日（日本時間）にニューヨークのリーガルシネマでファンイベントが行なわれ、主演のミラ・ジョヴォヴィッチが登壇。ファンの質問に直接答え、その模様は世界各国でWEB中継された。そして、日本版最新予告編もついに解禁。徐々にその全貌が明らかになりつつある。
徐々にその全貌が明らかになりつつある。新たに公開された映像の冒頭では、ジョヴォヴィッチ演じる主人公アリスがなんと主婦として登場。これまでのシリーズでは、世界中に“人間をアンデッドに変える”T-ウィルスが蔓延、人類のほとんどが死滅し世界は荒廃しきっていたはずだ。また、前作までで死亡したはずのキャラクター達も総登場しているのがわかる。シリーズ第一作で登場したアンブレラ社の特殊部隊隊員レイン(ミッシェル・ロドリゲス)や、ファンの間では名シーンとして知られる“レーザートラップ”で死亡したワン隊長(コリン・サーモン)、そしてやはり第三作で壮絶な爆死を遂げたカルロス・オリヴェイラ(オデット・フェール)などお馴染みのキャラクター達だ。さらにはシリーズ最強の敵としてお馴染みアルバート・ウェスカーまで再び姿を現している。いったいこの人物たちはどのような形で登場するのであろうか。ますます謎が深まる。さらには原作であるゲーム「バイオハザード」シリーズに登場したレオン・S・ケネディや、エイダ・ウォンとおぼしき東洋人も登場。映画版ファンのみならず、ゲームファンも胸を熱くする映像が満載だ。
映画版ファンのみならず、ゲームファンも胸を熱くする映像が満載だ。また、日本からは前回も登場した中島美嘉が再びアンデッドとして登場することが決定。今回はなんとミラ・ジョボヴィッチと直接対決し、アクションシーンにも挑戦している。日本を舞台に彼女がどのような活躍を見せるのかも気になるところだ。
日本を舞台に彼女がどのような活躍を見せるのかも気になるところだ。期待が高まるなか、新たな情報を待つより他にないが、どうしても気になる方は日本公式Facebookをチェックしてほしい。14日に行われたファンイベントのレポートなどが詳しく掲載されている。イベント内ではミラ・ジョヴォヴィッチの口から、次回作に関する重要な発言もあったようだ。
イベント内ではミラ・ジョヴォヴィッチの口から、次回作に関する重要な発言もあったようだ。『バイオハザードV：リトリビューション』は9月14日(金)より丸の内ピカデリーほか全国ロードショー・『バイオハザードV：リトリビューション』 - 公式サイト ・『バイオハザードV：リトリビューション』 - 公式Facebook ・UMBRELLA CORPORATION - アンブレラ社公式サイト
原発が日本にとって必要なのか、そうではないのか問う 2011年の3月11日に起こった東日本大震災。地震、津波の他にも大きな被害をもたらしたものがある。それは、福島第一原子力発電所の事故である。
それは、福島第一原子力発電所の事故である。宮城県仙台市出身の岩井俊二監督が、脱原発を訴え続けた人々を中心に取材を敢行したドキュメンタリー映画『friends after 3.11』が、3月10日に公開される。ナビゲーターを務めるのは、震災後、原発問題に関心を抱いたという女優の松田美由紀。インタビューには、「原発のウソ」などの著作で知られる京都大学原子炉実験所助教の小出裕章、内閣府原子力委員会専門委員などを歴任している中部大学の武田邦彦、元東芝・原子炉格納容器設計師の後藤政志、反原発の立場で活動を続けてきた文筆家の田中優、経済金融界では異例とも言える脱原発宣言を掲げた城南信用金庫の理事長・吉原毅、環境エネルギー政策研究所(ISEP)の所長・飯田哲也、福島の子どもたちを守るために粉骨砕身する俳優の山本太郎など、そうそうたるメンバーが登場する。
インタビューには、「原発のウソ」などの著作で知られる京都大学原子炉実験所助教の小出裕章、内閣府原子力委員会専門委員などを歴任している中部大学の武田邦彦、元東芝・原子炉格納容器設計師の後藤政志、反原発の立場で活動を続けてきた文筆家の田中優、経済金融界では異例とも言える脱原発宣言を掲げた城南信用金庫の理事長・吉原毅、環境エネルギー政策研究所(ISEP)の所長・飯田哲也、福島の子どもたちを守るために粉骨砕身する俳優の山本太郎など、そうそうたるメンバーが登場する。この映画は反原発の映画だが、皆さんは原発についてどう考えているだろうか。一番の安全は原発を全て停止することではあるが、複合的な問題がある。
一番の安全は原発を全て停止することではあるが、複合的な問題がある。現在、日本で稼働中の原発は、東京電力の柏崎刈羽原発6号機と北海道電力の泊原発3号機の2基のみである。事故後、停止する原発が増え、火力発電への依存度が高まった。そのために液化天然ガスの輸入が増え、日本は31年ぶりの貿易赤字に転落した。勿論、貿易赤字の理由は、震災でサプライチェーンが寸断されたことや円高、タイの洪水で輸出が減ったという影響もあるので、それだけではないが、理由の一つとなっていることは確かである。この状況に対して、太陽光や風力、地熱などの再生可能エネルギーへの転換が叫ばれるが、現状の発電の割合は全体約3パーセントに過ぎない（大規模水力発電をのぞく）。原発を止めるにしても別な問題に関しての対策が必要だ。
『friends after 3.11』以外にも原発関連の映画は多い。フィンランドに建設中の高レベル放射性廃棄物最終処分所「オンカロ」に密着した『100,000年後の安全』。原発建設に反対する山口県上関町の祝島の住民と、太陽光や風力などによる発電を推進するスウェーデンの取り組みを紹介する『ミツバチの羽音と地球の回転』など。
原発建設に反対する山口県上関町の祝島の住民と、太陽光や風力などによる発電を推進するスウェーデンの取り組みを紹介する『ミツバチの羽音と地球の回転』など。・【NAVERまとめ】今だから見ておきたい 原発をテーマにした映画まとめ 震災からもうすぐ1年。この時期だからこそ、原発関連の映画を観て、その存在の是非について考えてみるのはいかがだろうか。
この時期だからこそ、原発関連の映画を観て、その存在の是非について考えてみるのはいかがだろうか。・『friends after 3.11』- 作品情報 ・「東北・映画で元気に復興」特集
世界11カ国13都市で先行イベントを同時開催「スパイダーマンの武器は“軽口”」 過去3作品の全世界興行収入が25億ドルを超える大ヒットとなった「スパイダーマン」シリーズ。スタッフとキャストを一新して、スパイダーマンである主人公ピーター・パーカーの知られざる秘密が明らかとなる新シリーズの第一弾『アメイジング・スパイダーマン』が3Dとなって幕を開ける。6月30日の日本での世界最速公開に先駆けて（全世界同時公開は7月3日）、2月7日には世界11カ国13都市で先行イベント「THE UNTOLD STORY」が同時開催された。
6月30日の日本での世界最速公開に先駆けて（全世界同時公開は7月3日）、2月7日には世界11カ国13都市で先行イベント「THE UNTOLD STORY」が同時開催された。本作の監督を務めるマーク・ウェブの「まずファンの方に観てもらいたい」との想いから、先行イベント「THE UNTOLD STORY」は、アメリカ（NY、LA）、メキシコ、ブラジル、フランス、ドイツ、スペイン、ロシア、韓国、オーストラリア、イタリア、日本の11ヶ国13都市にて同時開催。日本では、東京・秋葉原のアキバシアターに、抽選で選ばれた80名を招いて行われた。
日本では、東京・秋葉原のアキバシアターに、抽選で選ばれた80名を招いて行われた。会場のスクリーンでは、スパイダーマン＝ピーター・パーカー役のアンドリュー・ガーフィールド、ヒロインのグウェン・ステイシー役のエマ・ストーン、悪役リザード＝カート・コナーズ博士役のリース・イーヴァンズ、マーク・ウェブ監督からの紹介コメントが映し出され、今朝届いたばかりの最新3D予告（字幕無し）が本邦初公開。続いて、先日の来日会見にて公開された8分半のフッテージ映像（字幕有り）が上映された。
続いて、先日の来日会見にて公開された8分半のフッテージ映像（字幕有り）が上映された。上映後のトークイベントに登場したアメキャラ系ライターの「杉山すぴ豊」氏は、これまでのスパイダーマンとの違いを「前のピーター・パーカーは単なるイジメられっ子だったんですけど、今回はクモに噛まれる前から正義の資質があり、スケボーも持っているので運動神経もそこそこ良いんでしょうね。」と分析。
」と分析。また、スパイダーマンと他のヒーローとの違いを「アメコミのスーパー・ヒーローはマッチョが多いんですけど、スパイダーマンは痩せっぽち。『僕みたいな子でもヒーローになれる』と子供に勇気を与えてくれます。」と解説した。
」と解説した。そんなスパイダーマンの武器については「クモ糸を投げるシーンで、手首が赤く光るウェブ・シューターを使います。」と述べると「スパイダーマンの武器の一つは『軽口を叩く』とヒーロー事典に書いてあって、一人でベラベラ喋っている所がすごく原作に近くて良いですね。敵をイラつかさせて、ミスを起こさせるという。コミックではスパイダーマンの吹き出しの量が異常に多くて、しょっ中グチってる、元祖つぶやきヒーロー。きっとTwitterをやってたら、すごくつぶやいてると思います。」と原作との比較を述べた。
」と原作との比較を述べた。また、主人公のピーター・パーカーが学校の廊下でヒロインのグウェン・ステイシーを誘うシーンについては「マーク・ウェブ監督は『（500）日のサマー』という青春映画を撮ってる方なので、その辺がすごく良く出来てて、画面がとても綺麗でしたね。」と評価。続いて「でも、青春映画を撮っている方に『スパイダーマン』を撮れるのかと思ったら、アクションは『007』のアクションチームも付いてるらしいので、ビルを使ったアクションとかとても良かったなと。スパイダーマンのアクションの基本って、悪いヤツをやっつけるんじゃなくて、敵のリザード自身や、事件に巻き込まれている人を助けようとするんですよね。」と語った。
」と語った。日本の他、LAではマーク・ウェブ監督、NYではアンドリュー・ガーフィールド、ロンドンではリース・イーヴァンズ、ブラジルではエマ・ストーンとプロデューサーのアヴィ・アラドが先行イベント「THE UNTOLD STORY」への参加を果たした。
日本の他、LAではマーク・ウェブ監督、NYではアンドリュー・ガーフィールド、ロンドンではリース・イーヴァンズ、ブラジルではエマ・ストーンとプロデューサーのアヴィ・アラドが先行イベント「THE UNTOLD STORY」への参加を果たした。・アメイジング・スパイダーマン - 公式サイト ・すぴ’ｓ アメコミヒーロージャングル ■関連記事 ・『スパイダーマン』新ヒロインのエマ・ストーン「素敵なキスシーンはあります！」
1枚のイラストから始まった一大プロジェクト「ブラック★ロックシューター」限定プレミアfigmaが解禁 2007年にネット上に発表された1枚のイラストレーションから始まったプロジェクト「ブラック★ロックシューター」。イラストレーター・hukeによって描かれたイラストからインスパイアを受けたsupercellのryoが、動画投稿サイト上にオリジナル楽曲『初音ミクがオリジナルを歌ってくれたよ「ブラック★ロックシューター」』を発表したことにより、一大ブレイク（現在の再生回数は約475万）。動画の人気を受け、主人公の少女・黒衣マトを中心に繰り広げられる、少女たちの日常とブラック★ロックシューターたちが繰り広げる迫力のバトルシーン、虚実が入り交った構成など、その世界観はOVAがヒットしたことにより広まった。
動画の人気を受け、主人公の少女・黒衣マトを中心に繰り広げられる、少女たちの日常とブラック★ロックシューターたちが繰り広げる迫力のバトルシーン、虚実が入り交った構成など、その世界観はOVAがヒットしたことにより広まった。その後、今年2月から3月に掛け、満を持してフジテレビ“ノイタミナ”枠にてテレビアニメ化。その話題作のブルーレイ&DVDが6月22日に発売となる。完全生産限定盤には5大特典が付属されるが、中でも目玉となる「インセイン・ブラック★ロックシューター」figmaには、全高約150mmのキャラクター本体に対し、圧倒的なサイズ感を誇る全長228mmの超重武器「インセイン・カノンランス」が付属。更に、片手武器「インセイン・ブレードクロウ」も付属となる。表情は、ノーマルの「通常顔」の他に、目を細めて相手を睨みつける「睨み顔」の2種が用意される。
表情は、ノーマルの「通常顔」の他に、目を細めて相手を睨みつける「睨み顔」の2種が用意される。6月22日（金）発売「ブラック★ロックシューター」Blu-rayBOX／DVDBOX 完全生産限定版 Blu-ray：本編ディスク4枚（180分）＋特典CD1枚／¥29,400（税込）／TBR22200D DVD：本編ディスク4枚（180分）＋特典CD1枚／¥25,200（税込）／TDV22201D 共通豪華5大特典 1. figma「インセイン★ブラックロックシューター」 2. キャラクター原案huke描き下ろし三方背BOX 3. 特典CD：オリジナルサウンドトラック 4. 特典映像集（ノンテロップOP/ED、PV映像、他） 5. インタビュー、設定満載のブックレット ・ブラック★ロックシューター - TVアニメ公式サイト
【編集部的映画批評】阿鼻叫喚の地獄に飛び込む勇気はあるか？キング・オブ・トラウマ映画 『ムカデ人間2』 以前こちらの批評で取り上げた『ムカデ人間』は、“男女3人の口と肛門を繋げる”というえげつない行為が行われる映画ながら、実は万人に楽しめる爽やかな映画だった。(批評記事はこちら)そして前作から約1年、誰もが予想だにしなかった続編『ムカデ人間2』が遂に公開されてしまう。18禁指定ですら公開が危ぶまれる、より過激な作品になったという噂が本当なのか、カルト映画のフジモトが身体を張って確かめてきた…。
18禁指定ですら公開が危ぶまれる、より過激な作品になったという噂が本当なのか、カルト映画のフジモトが身体を張って確かめてきた…。『ムカデ人間2』 背が低く、醜く太った中年男マーティン。地下駐車場の警備員である彼の楽しみは、勤務中にパソコンで映画『ムカデ人間』のDVDを観ては妄想に耽ることだった。さらには、映画の場面写真を切り抜いてスクラップ・ブックにし、暇さえあればそれをながめてほくそ笑んでいた。やがて彼は、自分の中に邪悪に湧き上がる、ある欲望を我慢することができなくなっていく。それは映画同様、自分も人間を繋げ“ムカデ人間”を作りたいという想い。劇中のマッドサイエンティスト・ハイター博士の遺志を継ぐかのように、邪悪な欲望を実行に移していくマーティン。そして、遂には12人の罪もない男女を、“ムカデ人間”にしてしまうのだった。（作品情報へ）
（作品情報へ）フィクション『ムカデ人間』から生まれた真の恐怖におののけ！本作の世界では映画『ムカデ人間』がフィクションである、という形で物語が進行していく。狂気の主人公・マーティンは『ムカデ人間』という映画に影響を受け、現実世界でそれを実行してしまうのだ。言い換えれば、あくまで前作は『ムカデ人間2』のための壮大な“前フリ”に過ぎなかったのである。本作には『ムカデ人間』で“繋がれる”三人の内の一人、アシュリンが本人役として登場。残りの二人も画面には現れないものの、台詞で登場するという粋な演出もある。また、前作で登場した刑事役の俳優も“ムカデ人間”として繋がれてしまう。一作目を観た方ならニンマリとするところだろう。
一作目を観た方ならニンマリとするところだろう。一方で前作の舞台が美しいほどの色合いの自然豊かな郊外だったのに対し、本作はモノクロ作品で、ゴミゴミした都会の一角となっており、映画全体が重苦しい雰囲気に。『ムカデ人間』の虚構と『ムカデ人間2』の現実が対比を見せているのが面白いところだ。逆に言えば、『ムカデ人間』を観なければ、大幅にその魅力が半減してしまう作品でもあるのだ。
逆に言えば、『ムカデ人間』を観なければ、大幅にその魅力が半減してしまう作品でもあるのだ。ヤバすぎる主人公・マーティンに戦慄せよ！こういった世界観に加えて、本作を構築しているのが、マーティンという禍々しい存在。前作の“ムカデ人間”の創造者・ハイター博士は、確かにマッドサイエンティストだが、知的でどこか弱弱しいおじいちゃん。そのため、どこかしら滑稽で愛らしい部分さえあった。だが本作の主人公・マーティンは、彼とは全く違う、正真正銘の怪物である。小さな頃から家庭内でも虐待され、異常な母親に育てられ、ほぼ世間と関わらず、精神状態が幼いまま成長。しかも肉体的にも恵まれておらず、喘息持ち。ヒッチコックの名作スリラー『サイコ』に登場するノーマン・ベイツ以来の比較的よくある設定ではあるが、そこに生々しい狂気を加えているのが、マーティンを演じたローレンス・J・ハーベイの容姿。ハーベイはかつて子供番組にも出演していた経歴を持つようだが、その事実がかなり問題に思えてしまうほど、強烈な風貌である。
ハーベイはかつて子供番組にも出演していた経歴を持つようだが、その事実がかなり問題に思えてしまうほど、強烈な風貌である。また、ハイター博士と違い、マーティンはムカデ人間となる対象に全くといっていいほど“美学”を持っていない。すなわち選り好みしないのである。とりあえずムカついた奴は巨大なバールで殴り、拉致。しあわせそうな臨月の妊婦も、拉致。近所の怖そうな兄ちゃんも、拉致。ただ虐げられた自分の鬱憤を晴らすために、“ムカデ人間”創造にいそしむのである。
ただ虐げられた自分の鬱憤を晴らすために、“ムカデ人間”創造にいそしむのである。ただし一点だけこだわったのが、前述したアシュリンの存在。映画『ムカデ人間』を信奉する彼としては、彼女を本物の“ムカデ人間”とすることで、現実世界と『ムカデ人間』の世界を同じものにすることが出来るからだ。
映画『ムカデ人間』を信奉する彼としては、彼女を本物の“ムカデ人間”とすることで、現実世界と『ムカデ人間』の世界を同じものにすることが出来るからだ。さらに、医学的・専門的知識の欠片もないマーティンは“ムカデ人間”の素材調達、結合手術などすべて見よう見まねで行ってしまうのである。まさに映画史上に残る最狂の主人公なのだ。
まさに映画史上に残る最狂の主人公なのだ。限界突破！男女12人の“結合地獄”に失禁寸前 実のところ、前述のようなメタフィクション的な物語や、マーティンの“幼さゆえ”の悪戦苦闘ぶりを見ている間は、前作『ムカデ人間』同様のオモシロ残酷映画として楽しむこともできる。
男女12人の“結合地獄”に失禁寸前 実のところ、前述のようなメタフィクション的な物語や、マーティンの“幼さゆえ”の悪戦苦闘ぶりを見ている間は、前作『ムカデ人間』同様のオモシロ残酷映画として楽しむこともできる。ただしそれは、物語が佳境に入り、“ムカデ人間”創造のための壮絶な実験シーンに入るまでだ。麻酔なし、医学知識なし、日曜大工用の工具だけで行われるその行為が、どのようなものになるかは想像するだけで鳥肌が立つことだろう。加えて恐ろし
加えて恐ろしいのが、“残酷行為”そのものの表現方法である。前作では巧みに直接的な描写を避け、結合手術の様子を描いていた。ところが本作では「これは現実である」と言わんばかりに、“行為そのもの”を見せてくるのだ。被験者の歯をハンマーでたたき折り、結合のために肛門を切り開き、工業用ホッチキスで繋ぎ合わせる。これ以上に残酷な場面がかつてあっただろうか。まさにキング・オブ・トラウマ映画と呼ぶに相応しい、悪夢のようなシーンだ。そして、“ムカデ人間”の完成だけでは、マーティンの歪んだ欲望は満たされることはない。ここから本当の阿鼻叫喚の地獄が始まるのである。正直なところこの部分は文章にするのも憚られるので、ここでは控えることにする。実際に何が行われるのかは、劇場で、その目で確かめてほしい。ただし限界を超えた地獄を覗き込むには、それなりの覚悟は必要だ。この文章を読んだあなたに言えることは一つだけ。「観る前に、食事だけは必ず済ませること」だ。
「観る前に、食事だけは必ず済ませること」だ。『ムカデ人間2』は7月14日（土）から新宿武蔵野館にてレイトロードショー。
『ムカデ人間2』は7月14日（土）から新宿武蔵野館にてレイトロードショー。・『ムカデ人間2』 - 公式サイトカルト映画のフジモトの所見評価【ムカデ人間度】★★★★★【下ネタ度】★★★★★【トラウマ度】★★★★★カルト映画のフジモトの「編集部的映画批評」一覧【MOVIE ENTER 特別連載】・編集部的映画批評 - 編集部がオススメ映画をピックアップ・オトナ女子映画部 - 恋する女子が観ておきたい・漫画コラム - いちおう妖ヶ劇場、好評連載中・DVDエンター - おすすめDVDをご紹介
米軍や自衛隊がエイリアンと戦闘！『バトルシップ』の特報映像がWEBでいち早く解禁2012年4月13日公開となるユニバーサル映画100周年記念作品『バトルシップ』の特報動画が17日の劇場放映よりも早くWEBで解禁となった。本作の舞台はハワイ沖。アメリカをはじめとする世界各国の護衛艦が集結して大規模な軍事演習が行われる中、沖合に正体不明の巨大な物体が出現する。それは、地球からの友好的な呼びかけに応じて飛来し海中に潜んでいたエイリアンの母船だった。しかし、呼びかけを行った科学者たちの意図とは裏腹に、エイリアンは次々と未知の武器を繰り出し、激しい攻撃を仕掛かけてくる。その戦いの最前線に立たされたのは、演習に参加していた米海軍の新人将校アレックス・ホッパー（テイラー・キッチュ）と、彼がライバル心を燃やす自衛艦の指揮官ナガタ（浅野忠信）だった。弱点も戦略も読めないエイリアンに対し、知力と体力の限りを尽くして立ち向かう海の精鋭たち。果たしてエイリアンの攻撃の目的は何なのか？アレックスとナガタはそれを阻止することができるのか？そして、彼らは地球を壊滅の危機から救うことができるだろうか!?この特報には地球に向けて激しい攻撃を仕掛けてくるエイリアンの母船の映像が早くも登場。熾烈な攻撃をしかけてくるエイリアンに日米の連合艦隊がどのように立ち向かっていくのか、興味と興奮が高まる映像となっている。日本からは浅野忠信も出演する本作。公開が待ち遠しいものである。『バトルシップ』は、2012年4月13日(金) TOHOシネマズ 日劇ほか全国ロードショー。
『バトルシップ』は、2012年4月13日(金) TOHOシネマズ 日劇ほか全国ロードショー。【 MOVIE ENTER おすすめ記事 】 ・アメリカ大統領選の裏側を暴く作品がゴールデン・グローブ賞にノミネート ・「本人そっくり」と世界中で話題の“鉄の女”、ポスター画像と予告編が解禁 ・制服姿の大政絢やナルニアの王子などにも直撃＜2011年インタビューまとめ vol.1＞ ・【いちおう妖ヶ劇場】第3話：「悪魔（グレムリン）＝日本人」は、あくまで噂ですからの巻
【 MOVIE ENTER おすすめ記事 】 ・アメリカ大統領選の裏側を暴く作品がゴールデン・グローブ賞にノミネート ・「本人そっくり」と世界中で話題の“鉄の女”、ポスター画像と予告編が解禁 ・制服姿の大政絢やナルニアの王子などにも直撃＜2011年インタビューまとめ vol.1＞ ・【いちおう妖ヶ劇場】第3話：「悪魔（グレムリン）＝日本人」は、あくまで噂ですからの巻柴咲コウ、話題の新プロジェクトがデビュー前夜にシークレットライブ開催日本屈指の女優として数多くの作品に出演し、来年12月にハリウッド映画「47 RONIN」への出演を控える柴咲コウ。音楽活動においては、結成発表以来大きな話題を呼んでいる柴咲コウ＋DECO*27＋TeddyLoidによる異色コラボユニットgalaxias!が、本日11月23日にリリースされるデビューアルバム『galaxias!』発売前夜の22日、都内渋谷の某所で限定シークレットライブを行った。動画共有サイト発の次世代クリエイターDECO*27、クラブシーンを中心に活躍する気鋭のプロデューサー/DJのTeddyLoid、そして柴咲コウ。それぞれ異なるバックグラウンドを持つ3人から生み出される音楽は、ジャンルの枠を飛び越えた刺激的なクロスオーバー・サウンドとして各方面から注目を集めている。メンバー３人によるパフォーマンスとしては先月10月21日深夜、名古屋市内のクラブで行われた柴咲コウ全国ツアーAFTER PARTYに告知なしで飛び入り、ゲリラライブを行ったことがあるのみ。東京では初のライブ披露となったこの日、会場には多数の応募の中から抽選で招待されたファンや関係者300人が集結した。オープニングでは、ジャケット写真にも登場しているgalaxias!のキャラクター“ギャラ子”が渋谷の街に出現した映像や、先日解禁されたばかりのアルバム収録曲「galaxias!」のPVが映し出され、会場からは待っていましたと言わんばかりの歓声が沸き起こった。スクリーンが上がると、ギターを携えたDECO*27、DJブースにTeddyLoid、そして拡声器をマイクがわりにした柴咲が登場し、「CONNECTION」を披露。柴咲が観客に向かって「みなさんこんばんわ、来てくれてありがとう！We are galaxias! いよいよ私たちは明日デビューします。今日は思いっきり楽しんで帰って」と初お披露目の挨拶を述べると、「Boys & Girls」へと続いた。途中、DJブースから飛び出したTeddyLoidとDECO*27がフロントで息のあったパフォーマンスを見せるなど、初めてとは思えない、オーディエンスと一体となった素晴らしいライブを見せた。
途中、DJブースから飛び出したTeddyLoidとDECO*27がフロントで息のあったパフォーマンスを見せるなど、初めてとは思えない、オーディエンスと一体となった素晴らしいライブを見せた。なお、柴咲は9月よりスタートさせた全国ツアー「Kou Shibasaki Live Tour 2011 "CIRCLE & CYCLE"」の最終公演を11月28日（月）に、自身初の日本武道館で迎える。
・galaxias! - 公式サイト
【プレゼント】戦乱に埋もれた驚きの大逆転の実話を描く！映画『のぼうの城』ジャパンプレミアにご招待 累計130万部を突破した大ベストセラーを映画化した『のぼうの城』が11月2日より公開される。原作は、本作で脚本を務める和田竜が手掛けたオリジナルの脚本をもとに自身が書き下ろした小説。2008年に第139回直木賞にノミネートされ、翌年、本屋大賞2位を受賞し、歴史小説ファンはもちろんのこと、若年層から女性層といった幅広い支持を集めている。また本作は、8月下旬から9月初頭にかけてカナダにて開かれる「第36回モントリオール世界映画祭」ワールド・グレイツ部門に特別招待されることが決定している。
また本作は、8月下旬から9月初頭にかけてカナダにて開かれる「第36回モントリオール世界映画祭」ワールド・グレイツ部門に特別招待されることが決定している。本作は、『ゼロの焦点』の犬童一心監督と『日本沈没』の樋口真嗣監督が異例の“ダブル監督”で手掛ける超大作。圧倒的軍勢で攻めようとしている豊臣秀吉と、周囲を湖で囲まれた“浮き城”の異名を持つ“忍城”の圧倒的不利な戦が始まった。豊臣軍2万人に対し、忍城軍は500人。忍城軍の総大将は、将に求められる智も仁も勇もないが、民衆から「のぼう様」と呼ばれ、誰も及ばないほどの「人気」を誇る成田長親。石田三成率いる大軍に包囲され、絶体絶命の時、民を守るため、この男が打ち出したとんでもない秘策とは……。
石田三成率いる大軍に包囲され、絶体絶命の時、民を守るため、この男が打ち出したとんでもない秘策とは……。主演を務めるのは、映画『陰陽師』以来8年ぶりの映画主演となる野村萬斎。その他、榮倉奈々、佐藤浩市、成宮寛貴、山口智充、上地雄輔、山田孝之、平岳大、市村正親、鈴木保奈美、西村雅彦、平泉成、夏八木勲、中原丈雄、前田吟、中尾明慶、尾野真千子、芦田愛菜といった実力派のキャストが勢揃いする。
その他、榮倉奈々、佐藤浩市、成宮寛貴、山口智充、上地雄輔、山田孝之、平岳大、市村正親、鈴木保奈美、西村雅彦、平泉成、夏八木勲、中原丈雄、前田吟、中尾明慶、尾野真千子、芦田愛菜といった実力派のキャストが勢揃いする。今回、本作のジャパンプレミアに5組10名様をご招待。豪華キャストが登壇するイベントと本作を鑑賞できるこの貴重な機会をお見逃しなく！
豪華キャストが登壇するイベントと本作を鑑賞できるこの貴重な機会をお見逃しなく！映画『のぼうの城』は、11月2日（金）より全国ロードショー。
映画『のぼうの城』は、11月2日（金）より全国ロードショー。プレゼント概要 映画『のぼうの城』ジャパンプレミア 日時 9月20日（木）受付開始15:50／イベント開演16:15頃 (45分間)／試写開演18:00 場所 六本木ヒルズ アリーナ 募集人数 5組10名様 ※当日は、野村萬斎、榮倉奈々、成宮寛貴、山口智充、上地雄輔、山田孝之、佐藤浩市、犬童一心監督、樋口真嗣監督の登壇を予定しています。
プレゼント概要 映画『のぼうの城』ジャパンプレミア 日時 9月20日（木）受付開始15:50／イベント開演16:15頃 (45分間)／試写開演18:00 場所 六本木ヒルズ アリーナ 募集人数 5組10名様 ※当日は、野村萬斎、榮倉奈々、成宮寛貴、山口智充、上地雄輔、山田孝之、佐藤浩市、犬童一心監督、樋口真嗣監督の登壇を予定しています。※遅刻された場合は、イベントに参加できない可能性がございます。※当日は、屋外・スタンディングでのご参加となります。体調不良等で参加が不安な方は、ご遠慮ください。※雨天の際は、傘以外の雨具を各自でご用意くださいますようお願いいたします。※場内での写真・ビデオ撮影、録音は禁止されています。※諸般の事情により、舞台挨拶登壇予定者は変更する場合がございます。予めご了承ください。※本イベントは、報道などにより映り込む可能性がございますので、予めご了承ください。
【応募方法】 MOVIE ENTER公式Twitterアカウント「@movie_enter」をフォローのうえ、 本記事のURL（http://news.livedoor.com/article/detail/6900874/）をツイートしてください。
【応募方法】 MOVIE ENTER公式Twitterアカウント「@movie_enter」をフォローのうえ、 本記事のURL（http://news.livedoor.com/article/detail/6900874/）をツイートしてください。【応募期間】 2012年8月29日（水）〜 9月10日（月）13時まで※当選者には、ツイッターのDM（ダイレクトメッセージ）でご連絡いたします。
【応募期間】 2012年8月29日（水）〜 9月10日（月）13時まで※当選者には、ツイッターのDM（ダイレクトメッセージ）でご連絡いたします。【応募条件】 ・日本に居住されている方（賞品配送先が日本国内の方）。・応募に関する注意事項に同意いただける方。
・応募に関する注意事項に同意いただける方。【注意事項】 ※本キャンペーンに関して、弊社が不適切な行為がされていると判断いたしましたアカウントは、キャンペーン対象外とさせていただきます。※弊社は、応募いただいた方のツイート内容には一切の責任を負いません。※当選発表は、当選者様への当選のご連絡をもってかえさせていただきますので、ご了承ください。※当選通知後、4日間ご連絡がない場合は、当選を無効とさせていただきます。※当選結果に関するお問い合せは受け付けておりませんので、ご了承ください。※当キャンペーンの掲載内容や条件は、予告なく変更する場合がございます。あらかじめご了承ください。※当選の権利の譲渡はできません。※キャンペーン参加にあたっては、必ず弊社個人情報保護方針「プライバシーポリシー」をお読みください。※当選時にご連絡いただく住所、氏名、電話番号は、その確認などの関連情報のご案内のみに使用し、キャンペーン終了後は弊社の定める方法に基づき消去いたします。※インターネット通信料・接続料およびツイートに関しての全ての費用はお客様のご負担になります。※次の場合はいずれのご応募も無効となりますのでご注意ください。・応募時の内容に記載不備がある場合。・お客さまのご住所が不明、または連絡不能などの場合。
作品情報 ・映画『のぼうの城』 -
公式サイト その他のプレゼント・キーファー・サザーランドが話題の海外ドラマを引っ提げ日本上陸！『TOUCH／タッチ』特別試写会にご招待・1番悪いヤツは誰なのか、北野武監督最新作『アウトレイジ ビヨンド』試写会にご招待・人種問題のタブーに挑んだ映画『ヘルプ 〜心がつなぐストーリー〜』のブルーレイ+DVDセット
『TOUCH／タッチ』特別試写会にご招待・1番悪いヤツは誰なのか、北野武監督最新作『アウトレイジ ビヨンド』試写会にご招待・人種問題のタブーに挑んだ映画『ヘルプ 〜心がつなぐストーリー〜』のブルーレイ+DVDセットインタビュ—：ティファニー・ティーセン（エリザベス・バーク役） ティファニー・ティーセン：みなさんお元気ですか？——はい。ティファニー・ティーセン：それは良かったわ」——今回の役は、エリザベス・バークというのは、作品の中で、ニール（・キャフリー）と、ピーター（・バーク）というふたりの男の人をつなぎ合わせるような役割を果たしていると思うんですけれども、役作りにあたり、どのようにアプローチしたのか教えてもらえますか？ティファニー・ティーセン：うんと、どうやってアプローチしたのか？えっと、まず彼女は、確かにニールとピーターの橋渡しのような役割だと思うの。だけど、自分ではエリザベスを番組の良識者（良心）だと位置付けていて、彼女がこの番組を地に足の付いたものにしていると思うの。それでそれを演じるに当たり私がどのように役作りするのかということになると、それはすごく難しい質問ね。良い妻を演じるにためにはどんな準備をすればいいのかしら？でも私は、自分自身の人生において、良い妻であろうと毎日奮闘しているの。だからエリザベスを演じるに当たり、そういう自分自身の経験を活かしているとは言えるかもしれないわね。——この役とあなたの共通点はありますか？ティファニー・ティーセン：そうね。実は番組の製作総指揮のジェフ・イースティンとエリザベスにぴったりの職業は何だろうという話し合いをしたの。それで、彼女の職業をイベント・プランナーにすることを思い付いたのは私だったの。それは、私がもし俳優をやっていなかったら、絶対にやってみたかった仕事だっただからなのよね。——ピーターとの相性がすごく良くて、本物の夫婦のような感じがするのですが、ふたりで事前に打ち合わせなどは入念にしたのでしょうか？それと、ピーターは、仕事ではバリバリなのに奥さんには弱くて何でも従うというところがーー。ティファニー・ティーセン：そうあるべきだからね（笑）。——本当に家族的なので、すごく癒されて見てて楽しかったです。ティファニー・ティーセン：ピーターを演じたティム・ディケイと私は、“ケミストリー・リード”と言って、一緒に番組のシーンをいくつか演じてみたんだけど、面白いことに、ティムと私は初日からどういうわけかすごく相性が良かったのよね。それで相性というのは、普通、あるか、ないか、でしかないものでしょ。私達は間違いなく相性が良かったの。しかも、もっと面白いのが、ティムの性格が、私の本当の夫ブレイディに似たところがすごくたくさんあることなの。実は見た目も少し似ているから、ちょっと笑ってしまうんだけど（笑）、それにふたりとも素晴らしい男性なのよね。だから私は実生活の夫も素晴らしくて、偽の夫も素晴らしい人だから、自分のことを本当にラッキーだと思っているわ。——劇中で演じられている奥さんは、旦那さんの仕事に対しても理解があって、素晴らしい理想の奥さんだと思うのですが、実際にああいう人が旦那さんだったらいかがですか？ティファニー・ティーセン：（笑）。それはいい質問ね。本当にいい質問だわ。恐らく少し違ったことになると思うわ。もしあれが現実の夫婦だったら、彼女は、今彼といる時のように辛抱強くはないと思うの。とは言え、FBIエージェント、Gメンと呼ばれる人と結婚するということは、本当に辛抱強い人でないと務まらないと思う。仕事のスケジュールも日によってすごく違うし、夜遅くまで仕事があるしね。それで、エルザベスとピーターの結婚生活が上手くいっているのは、ふたりが理解し合っているからだと思うし、素晴らしいパートナーとしての関係性を持っているのは、夫婦であるという以外に、親友でもあるからだと思うの。本当に理解し合っているのよね。——ティファニーさんと言えば、『ビバリーヒルズ青春白書』のバレリーの印象がすごく強くて、今回のエリザベスはすごく物腰が柔らかくて、これがティファニーさんなの？とすごくびっくりしたのですが、その頃と今では演技の仕方や考え方が変わったりしましたか？そもそもあなた自身の性格はよりバレリーに近いのか、エリザベスなのか、どちらでしょうか？ティファニー・ティーセン：（笑）。これはいつも言ってることなんだけど、私は、どんな役を演じる時でも、それが信じられるものにするために、本当の自分を少し投影しなくてはいけないと思っているの。それは、私が『Saved by the Bell』で、アニメみたいにかわいらしい清純なティーンエージャーを演じていた昔から、一転して、『ビバリーヒルズ青春白書』で、バレリー・マローンのような役を演じている時でもね。でも、実は私は彼女はすごく誤解されていると思っていたの（笑）。彼女がああだったのは、彼女にはすごく辛い過去があったからで、すごく辛い家族環境が
彼女がああだったのは、彼女にはすごく辛い過去があったからで、すごく辛い家族環境があったからだと思うからね。とにかく、その後にまた色々な役を演じて、現在エリザベスを演じるところに辿り着いたわけだけど、これは他のインタビューでも言ったことなんだけど、エリザベスは私がこれまでのキャリアで演じたすべての役の中で自分自身に一番近い役なの。私は、毎日自分自身エリザベスのような人間になれるようにと努力しているし、彼女は本当に素晴らしい女性だし、本当に頭が良いし、機知に富んでいるし、情熱があるし、仕事を全力でやっていくタイプでありながらも、自分にとっては、家族や夫やそれから犬のサッチモですらが、優先順位の第一であるということを決して忘れていない女性なの。
私は、毎日自分自身エリザベスのような人間になれるようにと努力しているし、彼女は本当に素晴らしい女性だし、本当に頭が良いし、機知に富んでいるし、情熱があるし、仕事を全力でやっていくタイプでありながらも、自分にとっては、家族や夫やそれから犬のサッチモですらが、優先順位の第一であるということを決して忘れていない女性なの。——日本では衛星放送でシーズン３がこの秋から始まるのですが、シーズン２でエリザベスはピーターの実際の捜査にも深く関わったり、ピーターとニールの橋渡し以上に、みんなの母親的な役割に大きくなりつつあるような気がするのですがーー。ティファニー・ティーセン：そうね、本当に（笑）。
ティファニー・ティーセン：そうね、本当に（笑）。——シーズン3では彼女の役割はどのように変わっていくのか、教えてもらえますか？ティファニー・ティーセン：シーズンごとに少しずつ変化があるのは間違いないと思うわ。それはエリザベスに限らず、すべてのキャラクターに言えることだと思うけど、例えばキャラクターの過去がより明らかになっていって視聴者がその人物が一体どんな人間なのかがより分かっていっていると思うの。それで悲しいことに、いや、悲しいことではないんだけど、シーズン2では私の役はそれほど物語に深く関わってはいなかったと思うの。それは、私が、実生活において妊娠して赤ちゃんが生まれたからだったんだけどね。だから少し不在だった時期があったと思うの。だけど、それでも、その少ない期間で私がより深く物語に関わった部分はあったわけで、例えばピーターとニールにより深く関わるようになったし、モジーのキャラクターとすら関わり合いが増えたと思うの。今シーズンでも同じようなことが言えて、今回は、私とアートの世界と関わりより見るようになるわ。アート・ギャラリーの世界など、私が夫のピーターと知り合った場所などをね。そういう部分をシーズン3で見ることになるの。
そういう部分をシーズン3で見ることになるの。仕事に戻らなければ。でも後でまた戻ってくるようにするわ。
でも後でまた戻ってくるようにするわ。——あなたは、カリフォルニア出身でカリフォルニアを拠点にしていたと思うのですが、今はニューヨークに住んでいるんですか？ティファニー・ティーセン：私がTVをやっている時はニューヨークに住んでいるんだけど、でも私達の本当の家はロサンゼルスなの。全員ね。
全員ね。——それでは撮影が終わったら基本的にはロサンゼルスに帰るんですね。ティファニー・ティーセン：そうね。家に帰るの。
家に帰るの。——旦那さんとお母様があなたの仕事に対して非常に協力的であるという記事を読んだのですが、素晴らしい女優業と素晴らしい母親業を両立させている今の状態について教えてもらえますか？ティファニー・ティーセン：どうもありがとう。それは本当に母と夫のおかげなの。母と夫がいなかったら、この仕事を続けていることはできなかったと思う。セットにまで来てくれて、私が撮影している時は赤ちゃんの面倒を見てくれるの。だから彼らがいてくれることは私にとっては本当に大事なことなの。彼らがいなかったら途方に暮れていたと思うわ。だから、私の成功は本当に彼らのおかげだし、それにそのおかげで私が、良い母親であり、仕事している時も子供と一緒に過ごせて、さらに、仕事に集中力を持って打ち込める環境を作り安くしてくれているから。
だから、私の成功は本当に彼らのおかげだし、それにそのおかげで私が、良い母親であり、仕事している時も子供と一緒に過ごせて、さらに、仕事に集中力を持って打ち込める環境を作り安くしてくれているから。——この作品の人気の秘密はもちろんニールにあるのですが、でもそれと同じくらい、もちろんあなたとピーターの夫婦の関係も人気の秘密だと思います。ピーターと一緒のシーンであなたがとりわけ好きなエピソードがあったら教えてください。ティファニー・ティーセン：一番好きなシーンを選ぶのはすごく難しいんだけど、私達はどのシーンもすごく良いものになることが多いからね。私は、ティムやマット（・ボマー）やウィリーと共演するシーンが好きなの。彼らと共演シーンが一番いいシーンになるから。自分だけのシーンの時は少し退屈だし、楽しくはないの。実は、たった今自分だけのシーンをやってきたところなんだけどね。だから、私は常に他の俳優達と共演できるシーンが一番好きだし、楽しいの。それから、私達が住んでいる家のセット以外の屋外で撮るシーンも好きなの。セントラルパークでの撮影とかね。そういう風に実際スタジオの外で撮影できる時は、すごく楽しいの。
そういう風に実際スタジオの外で撮影できる時は、すごく楽しいの。——すごいDVDで見ている時にすごく肌がきれいだなあと思ったのですがーー。ティファニー・ティーセン：わあ、ありがとう。
ティファニー・ティーセン：わあ、ありがとう。——今も実際に見てすごく肌がきれないんですが、どのようなお手入れとかエクササイズみたいなことはしている
——今も実際に見てすごく肌がきれないんですが、どのようなお手入れとかエクササイズみたいなことはしているのでしょうか？ティファニー・ティーセン：一番気を付けていることはとにかく水を一杯飲むこと。本当に本当にたくさんの水を飲むの。それから水分補給を怠らないようにして、モイスチャライザーをしっかりと使うこと。それから、仕事柄メイクはどうしても濃くなるから、仕事が終わったらすぐにメイクは落とすようにしているし、仕事をしていなかったり、メイクをしなくていい時は、ほとんどノー・メイクでいるの。それから直射日光は避けるようにしているし、もう年を取り始めたでしょ。だから、もう太陽には当れないの。それから、３週間か４週間に一度はしっかりと肌の洗浄をするために、フェイシャルをしに行くの。でも水が一番大事だわ。水が一番大事よ。
水が一番大事よ。——ピーターのように仕事を家庭に持ち込む夫をどう思いますか？ティファニー・ティーセン：彼が仕事を持ち込めるのは、ふたりが信頼し合っているからこそで、ふたりともが家に仕事を持ち込めて、お互いの仕事について話し合える関係性というのは、私はむしろ素晴らしいことだと思うの。それからピーターはエリザベスのアドバイスを本当に尊重しているし、彼も彼女の仕事に対して同じだと思うの。彼女は彼の仕事に対する、知性や視点、その他色んなことに本当に尊敬しているし、彼自身も同じように感じているの。だから私はふたりが仕事を家に持ち込んで、お互いの考えをやり取りできるというのは、素晴らしい結婚関係だと思うの。
だから私はふたりが仕事を家に持ち込んで、お互いの考えをやり取りできるというのは、素晴らしい結婚関係だと思うの。——あなたはもちろん『ビバリーヒルズ青春白書』があるので、カリフォルニア・ガールというイメージが強く、カリフォルニアの太陽をイメージさせる魅力があるのですが、今はクールなニューヨーカーを演じているわけでーー。
——あなたはもちろん『ビバリーヒルズ青春白書』があるので、カリフォルニア・ガールというイメージが強く、カリフォルニアの太陽をイメージさせる魅力があるのですが、今はクールなニューヨーカーを演じているわけでーー。ティファニー・ティーセン：そうね。もっと洗練されたものよね。
もっと洗練されたものよね。——自分ではどのように思って、役作りなどをしているのですか？ティファニー・ティーセン：それは間違いなくこの番組に関わっている色々な人達とのコラボレーションによって出来上がっていくものだと思っているの。まずすごく才能のある衣装デザイナーがいるの。実は今シーズンでは新しい人が起用されたんだけど、最初の１、２シーズンの人もすごく才能のある人だったの。だから、すごく多くの人の想像力とコラボレーションによってこのキャラクターが実現しているんだと思う。つまり、私だけの力ではなくて、その他の多くの人達の努力によってひとりのキャラクターがこうして誕生しているというわけ。
——ずっとニューヨークに住みたいですか？それともロサンゼルスが好きですか？ティファニー・ティーセン：私は両方の街が好きなの。ニューヨークも大好きだけど、ロサンゼルスも大好きなの。だから私の仕事は完璧だと思うわ。半分ニューヨークに住めて、半分LAに住めるからね。最高でしょ（笑）。
最高でしょ（笑）。・『ホワイトカラー “知的”犯罪ファイル』特集ページ - MOVIE ENTER
【2012年先取り映画vol.6】劇場版のベルセルクは面白いのか ムービーエンター編集員が、今年のおすすめ新作映画をご紹介する「2012年先取り映画」。今回は、ヒーロー妄想のカンタが、日本はもちろん、ヨーロッパやアジア、ロシア、南米など世界中にファンを持ち、国内外合わせて、35巻までで累計3000万部を売り上げている、あの人気漫画の映画化作品をご紹介。『ベルセルク 黄金時代篇Ｉ 覇王の卵』巨大な長剣を意のままに操る孤独な剣士・ガッツは、傭兵として各地を渡り歩いていた。そんなガッツに目をつけた傭兵集団“鷹の団“のグリフィスは、決闘でガッツを制し、鷹の団に引き入れる。共に激戦をくぐり抜けるうちに、2人の絆は深まっていくのだが——。（公開予定日：2月4日）
（公開予定日：2月4日）男同士の“絆”が生まれた原点 連載20年以上に及ぶ長大な物語全てを映像化する“ベルセルクサーガプロジェクト”。その第1弾として「黄金時代篇」が3部作で映画化することになった。2月に公開される第1部は、単行本で言うと3巻から5巻にあたり、ガッツとグリフィスの出会いについて語られる。孤独な剣士ガッツが、鷹の団に入団することで“絆”の大切さに気付いていく。戦場で単独行動に出たことに関して、同じ鷹の団のキャスカに「お前は戦場でただ剣を振りまして入れば満足なんだ」と言われて、本気で怒るガッツ。自分の心に秘めている“絆”を否定された時の彼の表情は印象的である。ガッツとグリフィスの間に生まれた“絆”が強ければ強いほど、原作ファンがご存じの“宿命”の悲しさが大きくなる。
ガッツとグリフィスの間に生まれた“絆”が強ければ強いほど、原作ファンがご存じの“宿命”の悲しさが大きくなる。熱烈なファンから観ると面白いのか？人気原作の映画化は難しい。熱烈なファンは、原作を神格化してしまうので、どうしても不満が出てしまう。ましてや、ベルセルクは一度TVアニメになっている。今回、3つのポイントに関して、個人的な感想を述べよう。
今回、3つのポイントに関して、個人的な感想を述べよう。■声優について TVアニメ版をおまり深く観ていないので対比できないが、岩永洋昭のガッツと櫻井孝宏のグリフィスは、あまり違和感がなかったように思える。岩永は、初の声優挑戦ということだが、よく考えてみると、仮面ライダーバースの声をあてた経験もあるので、完全素人声優ということではない。声の質も個人的には悪くないと思う。オーディションでも、たった一言で、採用が決まったそうだ。
オーディションでも、たった一言で、採用が決まったそうだ。■映像について 色彩の鮮やかさ、奥行きがある場面構成と動き、芸術の領域である。さすが『鉄コン筋クリート』のSTUDIO 4℃の仕事である。ガッツとグリフィスの前で舞う木の葉の表現などは美しかった。そのものが現実にあるようなリアルさというようりは、幻想的な「アニメ的リアルさ」が映像にあった。
そのものが現実にあるようなリアルさというようりは、幻想的な「アニメ的リアルさ」が映像にあった。■世界観について 絶望・孤独・憎悪の表現について、なかなか原作を超えられない。オープニングの何か禍々しいことが起こりそうな雰囲気は良かった。ストーリーがあまりにダークになり過ぎると一般受けがしなくなるので、どうかという部分もあるので、バランスは必要。まだ第1部は導入。2部、3部でどんな展開になるか期待。
2部、3部でどんな展開になるか期待。アニメーションのクオリティが高いので「ベルセルクを聞いたことがあるけど、内容に詳しいわけではない」というライト層にも観てもらいたい。
アニメーションのクオリティが高いので「ベルセルクを聞いたことがあるけど、内容に詳しいわけではない」というライト層にも観てもらいたい。ベルセルク人気投票 最後に、人気投票。皆さんがもし「鷹の団」に入団したら、どの隊長の下で戦いたいか、投票してみよう。
ヒーロー妄想のカンタの全体まとめ 【見どころ】映像の美しさ 【こんな人に観て欲しい】ベルセルクファン＆ライト層（3部作全部観て答えを出そう） 【おすすめ度】★★★ 一覧を見る ・編集部が新作を紹介『2012年先取り映画』 ・2011下半期アワード ・2011上半期アワード ・編集部的映画批評 【MOVIE ENTERおすすめ記事】 ・仮面ライダーヒロイン・高田里穂のコスプレ願望＜2011年インタビューまとめ vol.6＞ ・「海底基地が古代文明の正体」 未知の文明に対する専門家の答え ・ジャッキーやグレムリンなど懐かし映画にツッコミを入れる ・謎のモザイク美女を当てろ！その正体は、日本で最も輝く25歳のタレント
新しい映画の楽しみ方、続きはセカンド・スクリーンでテレビCMの最後で見かける「続きはwebで」という言葉。限られた15秒間で情報を伝えるのには当然ながら限界があり、ネット上にはテレビでは伝え切れないほどの膨大な量の情報が溢れ、もはや現代人の生活に欠かすことのできないメディアだと言える。
限られた15秒間で情報を伝えるのには当然ながら限界があり、ネット上にはテレビでは伝え切れないほどの膨大な量の情報が溢れ、もはや現代人の生活に欠かすことのできないメディアだと言える。ライフスタイルに合わせて多様化したデバイスでは、2008年にノートPCがデスクトップを上回る出荷台数を記録したが、昨年発売されたiPad 2等の影響もあり、遂にはタブレット端末がノートPCを上回る出荷台数を記録。Appleは2012年1-3月期で1,180万台のiPadを出荷し、世界シェアの実に7割を独占している。iPadの楽しみ方はネットサーフィンに留まらず、App Storeには20万以上のアプリが用意される他、iTunes StoreでHD画質の映画をダウンロードしてハイビジョンテレビで視聴することもできる。
iPadの楽しみ方はネットサーフィンに留まらず、App Storeには20万以上のアプリが用意される他、iTunes StoreでHD画質の映画をダウンロードしてハイビジョンテレビで視聴することもできる。昨年6月に発売された『トロン：レガシー』ブルーレイではボーナス・コンテンツとして、iPadを使用した革新的な「セカンド・スクリーン」が新登場。その後も『ライオン・キング』や『パイレーツ・オブ・カリビアン／生命の泉』の他、5月16日に発売されTSUTAYA（レンタル）やAmazon（セル）ランキングで1位を獲得した『リアル・スティール』にも収録されている。
その後も『ライオン・キング』や『パイレーツ・オブ・カリビアン／生命の泉』の他、5月16日に発売されTSUTAYA（レンタル）やAmazon（セル）ランキングで1位を獲得した『リアル・スティール』にも収録されている。「セカンド・スクリーン」では、ブルーレイを再生し、テレビ（メイン・スクリーン）で映画の本編を見ながら、手元のiPad（セカンド・スクリーン）で自分が今見ているシーンのメイキングやコンセプト・アートを同時に楽しむことができる。iPad上で膨大な枚数の関連画像見て、拡大＆回転させたり、関連情報を得ることができる新しい映画の楽しみ方だ。
iPad上で膨大な枚数の関連画像見て、拡大＆回転させたり、関連情報を得ることができる新しい映画の楽しみ方だ。準備は、至って簡単。1. iPadを使い、アプリケーションをApp Storeからダウンロード。2. ブルーレイ再生機器で映像を再生。3. 映像と同期させれば準備完了。
『リアル・スティール』では、近未来のロボット格闘技の世界を舞台に、ヒュー・ジャックマン演じる父チャーリーが、かつて自分の夢のために捨てた息子マックスとの絆を取り戻していく感動の物語。チャーリーとマックスは、ゴミ置き場に捨てられていた時代遅れの旧式ロボット“ATOM”と共に、最新鋭で高性能の強敵ロボット達を相手に、荒廃したアンダーグラウンドから栄光のリングへと勝ち上がっていく。元ボクサーであるチャーリーの闘い方を学習する“ATOM”を始め、個性豊かなロボット達が登場するが、中でも日本人が親近感を抱くのはボディに“超悪男子”の文字が刻まれたノイジー・ボーイだろう。試合中は激しいアクションのため、その姿を細部まで観察することは出来ないが、セカンド・スクリーンでは、正面、背面、全身、アップなどの画像だけでなく、ロボットが造られていく製作過程の画像も見ることができる。ATOMの前に立ちはだかる最強の敵は、身長2.6mの超巨大ボディに冷酷な目を光らせる“無敗の王者”ゼウスだ。劇中でマックスとゼウスがすれ違いざまに視線が交錯するシーンでは、VFX技術によってデータ取り込み用のスーツを着用した俳優をモーション・キャプチャーで撮影した後に、ロボット・アバターに同期させており、完成版とライブアクション・プレートを見比べると、最先端のテクノロジーに驚かされる。息もつかせぬ白熱したバトルの中で、ラウンドの合間にほんの一瞬だがセクシーなロボガールが映し出されるのも見逃せない。本編ではリング上の青白いライトに照らされてその姿はよく見えないが、セカンド・スクリーンでは、明るい屋外で撮影されたロボガールの正面から背面まで、製作風景までも存分に堪能することができる。
本編ではリング上の青白いライトに照らされてその姿はよく見えないが、セカンド・スクリーンでは、明るい屋外で撮影されたロボガールの正面から背面まで、製作風景までも存分に堪能することができる。今までの映画では伝え切れなかった、新しい映画の楽しみ方。この続きは、セカンド・スクリーンで。
この続きは、セカンド・スクリーンで。MOVIE ENTERの特集ページでは、抽選で『リアル・スティール』のブルーレイが当たるTwitter投稿キャンペーンを実施中。ATOMをはじめ、ボディに「超悪男子」との漢字が刻まれたノイジーボーイ、脅威の破壊力を備えた無敗の王者ゼウスなど5体のロボットの中から、あなたが“最強”だと思うロボットに投票（ツイート）しよう！
ATOMをはじめ、ボディに「超悪男子」との漢字が刻まれたノイジーボーイ、脅威の破壊力を備えた無敗の王者ゼウスなど5体のロボットの中から、あなたが“最強”だと思うロボットに投票（ツイート）しよう！・『リアル・スティール』ブルーレイ／DVD／オンデマンド特集ページ・セカンド・スクリーン公式サイト - ディズニー映画／ブルーレイ＆DVD
“ダマされ女性タレントNo.1”小森純が好感度狙い「笑顔が一番！」 10月28日より公開となる、観る者の予想を完璧に裏切る鮮やかなプロットで観客を騒然とさせた衝撃のサスペンス・アクション大作『ミッション：８ミニッツ』。公開に先駆けて、10月20日にはTOHOシネマズ六本木ヒルズにて公開記念イベントが行われ、サプライズゲストとしてカリスマファッションモデル＆タレントの小森純と鈴木奈々がトークイベントに登壇した。
公開に先駆けて、10月20日にはTOHOシネマズ六本木ヒルズにて公開記念イベントが行われ、サプライズゲストとしてカリスマファッションモデル＆タレントの小森純と鈴木奈々がトークイベントに登壇した。タイトルにちなんで、8時8分8秒に小森純と鈴木奈々がステージに登場。まずは映画の感想について、鈴木は「ハラハラして、でも最後は感動して泣いちゃいました。すっごい本当に涙がボロボロ出て感動して、最高の終わり方でした。」と述べると、小森は「えっ？最高だった、私的には最高と言うよりかは『あっ、こんな終わり方なんだ』という。逆にずっとドロドロした8分間のやり取りが続いて、最後はダメなのかな？と思ってたんですけど、まさかの…みたいな。」と述べた。
」と述べた。今年9月に挙式した小森と、自身のブログから“彼氏大好きキャラ”としても共感を集める鈴木。イベントでは、映画のキャッチコッピー「警告：このラスト、映画通ほどダマされる。」から、“ダマされ女性タレントNo.1決定戦”として、幸せいっぱいの二人がパートナーに唯一疑うこと、過去に二人がダマされた苦い経験や嬉しい経験を元にプレゼン対決を行った。
」から、“ダマされ女性タレントNo.1決定戦”として、幸せいっぱいの二人がパートナーに唯一疑うこと、過去に二人がダマされた苦い経験や嬉しい経験を元にプレゼン対決を行った。鈴木奈々「結婚はポイント制!?」 私はすっごく大好きな彼氏がいるんですけど、本当に結婚したくて、プロポーズ待ちなんですよ。この間、彼の誕生日に手縫いでまくらを一生懸命、夜な夜な作って渡したら「3ポイントあげる。5ポイント溜まったらプロもーズするから。」って言われたんですよ。私「あと2ポイントだ」と思ってウキウキで、仕事の彼氏にお弁当を作って渡したんですよ。それで「お弁当作ったから、もう2ポイント上がったよね？」って聞いたら、「自分から聞いたからダメ、2ポイント下げ」って言われて、下がっちゃったんですよ…。ヒドくないですか？
小森純「エイプリルフールの告白」 知っている方もいるとは思うんですけど、エイプリルフールに今の旦那さんに「ごはん行こうよ」って言われて、一緒に行ったんです。それでレストランでディナーしてたんですけど、一番最後に出てくるお肉が食べられなくて、彼に「これ食べられないから、食べてよ」と言ったら、「その代わりに純にこれあげるよ」と言われて、出された物が結婚指輪だったんですよ！すいません本当に。のろけではなく、良い意味のダマされ方もあるよねという。私もうハンコ押したんで、スミマセンが勝ち組です！
私もうハンコ押したんで、スミマセンが勝ち組です！鈴木奈々「“パラパラ”の悲劇」 私が高校生の時に付き合ってた彼氏の話なんですけど、私ギャルじゃないですか。だからイケイケの、パラパラ大好きなパラ男と付き合ってたんですよ。それでデートしてて、幸せだなと思ってたら、その人パラパラでいきなり「生きてる価値が、見出せない♪」って、やってきたんですよ！「えー！なんで？私もうこんな人と付き合えない」と思って、その場で振りました。本当に私のこと好きじゃないんだって、改めて感じましたね。嫌じゃないですか？
小森純「引越し3日前!?」 当時の元彼と1年半ぐらい、同棲してたんですよ。1Kですごく狭い6畳間とかに住んでたんで、二人じゃやっぱり狭いと。その間に「二人で新しいおうち借りようね」って毎月コツコツお金を貯めて、お金が貯まって「引っ越せるね！」って物件を見に行って。1LDKでクローゼットも2つあって、お風呂も一緒に入ろうね、気持ちよく過ごせるよねって、楽しい夢が広がってたんですよ。
1LDKでクローゼットも2つあって、お風呂も一緒に入ろうね、気持ちよく過ごせるよねって、楽しい夢が広がってたんですよ。そしたら、引越しの3日前ですよ！ 電話に出たら「純ちゃんゴメン、別れよう」って、訳分からないですよ！詐欺？「どういうこと、おかしいでしょ？」って言ったら、「ずっと言い出せずに溜めてた。でも引越し3日前に、やっぱりこれからは純ちゃんと一緒に生活できない」って…コテンパンに振られました。私そこにポツンと残されて、一人寂しく住みましたよ。たまに違う男連れ込んでね、オイタもしつつ（笑）。そんな過去もありました。辛かったですよー。
辛かったですよー。それぞれのプレゼンが終了し、観客の拍手により審査が行われた結果、小森純が見事“ダマされ女性タレントNo.1”に決定。勝者の小森にはマントとタスキの他・“8”を形取ったティアラが進呈され、敗者の鈴木には“だまされ家来”のタスキが進呈された。「この喜びを一番誰に伝えたいですか？」との質問に対し、小森が「じゃ旦那さんで」と即答すると、鈴木は「早く離婚しろ〜」と笑顔で述べた。
」との質問に対し、小森が「じゃ旦那さんで」と即答すると、鈴木は「早く離婚しろ〜」と笑顔で述べた。また、「人生残り8分だとしたら、何をしますか？」との質問に対して、鈴木は「大好きな家族と彼氏と一緒に家でWiiで遊んだりしたい。美味しいご飯食べて、普通
美味しいご飯食べて、普通な生活をして幸せに暮らしたいです。」とコメント。小森は「その時に誰といるか、状況によりますけどね。誰といてもいいから、とにかく笑ってたいですね。せっかくだから、死ぬ時はもう。最後の8分なんて、笑顔が一番いいでしょ。どうですか、好感度上がりましたか？」と答え、笑顔の絶えない中、イベントは終了した。
『ミッション：8ミニッツ』特集ページ
『ミッション：8ミニッツ』特集ページ■関連記事・『ミッション：8ミニッツ』繰り返される“8分間”の悪夢に隠された真実とは・全米を騒然とさせた“8分間”のミッション、『ミッション：8ミニッツ』の特報＆ポスター公開
【週末映画まとめ読み】 『モテキ』初登場2位でトップ3を邦画が独占＜10月1日号＞ 今週1週間に起こった出来事を振り返る「週末映画まとめ読み」。9月最後となる週の映画ランキングは、森山未來が4人の美女と共演した『モテキ』が初登場で2位に輝きました！第1位『アンフェア the answer』、第3位『探偵はBARにいる』は前週と変わらず、トップ3を邦画が占める結果となりました。また、第7位に危険な不倫愛を描いた『セカンドバージン』、第9位に向井理初主演『僕たちは世界を変えることができない。But, we wanna build a school in Cambodia.』がどちらも初登場でランクイン。詳しくはランキングをチェック！
詳しくはランキングをチェック！それでは、映画ニュースを振り返っていきましょう。
それでは、映画ニュースを振り返っていきましょう。11月19日より公開される、山田孝之と小西真奈美が共演する映画『指輪をはめたい』の映画館CMには、とんでもないものが映り込んでいたそうです。一体、どんなCMだったのか記事をチェックしてみましょう。
そして『天国からのエール』（10月1日より公開）に出演する桜庭ななみのインタビューを掲載。撮影時のことや、主演を務める阿部寛について語ってくれました。
続いては、邦画繋がりで『婚前特急』のDVDを紹介しましょう。吉高由里子が主演を務める恋愛映画です。5人の彼氏の中から、結婚相手に選ばれるのは一体誰なのか。
5人の彼氏の中から、結婚相手に選ばれるのは一体誰なのか。また、9月28日には、藤原竜也主演の映画『カイジ〜人生逆転ゲーム〜』のDVDが発売されました。映画館に行くのもいいけど、たまには、家でまったりとDVD鑑賞もいいですね。
・山田孝之と小西真奈美の映画に撮影していない“あるモノ”が映り込んでいた
・【DVDエンター！】“5マタ”の吉高由里子が最後に選んだ結婚相手
・【DVDエンター！】“勝ち組”と“負け組”の人生逆転を賭けた究極のゲーム
・食べて、呑んで、映画を観れる『東京ごはん映画祭』が今年も開催
・インタビュー：桜庭ななみ「叩かれ、それでも向かっていきました」
ピープル誌“Sexiest Rising Star of 2009”に選ばれた全米注目の完璧なイケメン、マット・ボマー主演の海外ドラマ『ホワイトカラー“知的”犯罪ファイル』DVDが10月5日より発売します。これに合わせ、出演者のインタビューを掲載。出演者が、本作やそれぞれが演じる役についてコメントしています。NYを舞台に知的犯罪をスマートに解決していく内容が人気のひとつ。「オタメシFOX」では、本作の第1話がまるごと無料で視聴可能となっているので、チェックしてみてはいかがですか？
さらに、10月8日からは、海外ドラマ『弁護士イーライのふしぎな日常』がDVDのレンタルを開始します。マツコ・デラックスが出演する本作のCMにも注目です。
マツコ・デラックスが出演する本作のCMにも注目です。・FBI 最後の望みは“天才犯罪者”・インタビュ—：マット・ボマー（ニール・キャフリー役）・インタビュ—：ウィリー・ガーソン（モジー役）・インタビュ—：ティファニー・ティーセン（エリザベス・バーク役）・インタビュ—：ティム・ディケイ（ピーター・バーク役）・マツコ・デラックス、世界のセレブに対しても容赦なし
ランキングでは、邦画の勢いがありますが、洋画だって負けてません。まずは、アカデミー賞最有力候補といわれている『J・エドガー（原題）』の日本公開（2011年1月28日より）が決定しました。クリント・イーストウッド監督とレオナルド・ディカプリオがタッグを組み、アメリカを支配した男であるジョン・エドガー・フーバーの半生を実写化します。日本公開が待ち遠しいですね。
そして、人気ホラーシリーズ『ファイナル・デスティネーション』の最新作『ファイナル・デッドブリッジ』が公開されました。9月27日に行われた公開記念イベントでは、モデルの菜々緒が登場。MOVIE ENTERではインタビューを行いました。
MOVIE ENTERではインタビューを行いました。・アカデミー賞有力候補か、映画『J・エドガー（原題）』の日本公開が決定・歴代アメコミ・ヒーローを徹底比較！原点ヒーロー“キャプテン・アメリカ”の実力を測る・「恋の吊り橋理論」を試すなら、史上最叫の3Dアトラクション・ホラー『ファイナル・デッドブリッジ』をチェック・菜々緒が若槻千夏、木下優樹菜に伝授された“芸能界で生き残る方法”・インタビュー：菜々緒「好きな人がいたら、しがみつきたくなる」
原点ヒーロー“キャプテン・アメリカ”の実力を測る・「恋の吊り橋理論」を試すなら、史上最叫の3Dアトラクション・ホラー『ファイナル・デッドブリッジ』をチェック・菜々緒が若槻千夏、木下優樹菜に伝授された“芸能界で生き残る方法”・インタビュー：菜々緒「好きな人がいたら、しがみつきたくなる」1日からは、犬村小六の人気ライトノベルを長編アニメーション化した映画『とある飛空士への追憶』、4社競作となる、宇宙探査機“はやぶさ“の偉業に迫る『はやぶさ／ＨＡＹＡＢＵＳＡ』など、話題となっている映画が続々登場。さらに、『ソーシャル・ネットワーク』のジャスティン・ティンバーレイクと『ブラック・スワン』のミラ・クニスといった、今勢いのある
さらに、『ソーシャル・ネットワーク』のジャスティン・ティンバーレイクと『ブラック・スワン』のミラ・クニスといった、今勢いのある2人が共演するラブ・コメディ『ステイ・フレンズ』も気になります。来週のランキングは、動きがありそうですね。それでは、また！
特集レコメンド ・『スカイライン -征服-』DVD特集 - 10月7日TSUTAYAでレンタル開始・東京ごはん映画祭特集 - スクリーンで“食欲の秋”・『ファイナル・デッドブリッジ』特集 - おまえは、渡りきれるか。・海外ドラマ『ホワイトカラー』特集 - 自由の代償は、彼の“頭脳”だった…。・『スリーデイズ』特集 - 逃げ切れるのか。・『プリースト』特集 - 人類史上最強、究極のヴァンパイア・ハンター解禁！・秋の夜長を楽しむ - オトナの恋愛映画特集
日別映画ニュースまとめ 24日（土） 25日（日） 26日（月） 27日（火） 28日（水） 29日（木） 30日（金）
日別映画ニュースまとめ 24日（土） 25日（日） 26日（月） 27日（火） 28日（水） 29日（木） 30日（金）【週末映画まとめ読み】2012年公開映画を先取り、人生を豊かにする名作の数々 今週1週間に起こった出来事を振り返る「週末映画まとめ読み」。先週末の動員ランキングは、『ミッション：インポッシブル／ゴースト・プロトコル』が2週連続で1位を獲得。
先週末の動員ランキングは、『ミッション：インポッシブル／ゴースト・プロトコル』が2週連続で1位を獲得。初登場作品では、『聯合艦隊司令長官 山本五十六 -太平洋戦争70年目の真実-』が2位、『劇場版イナズマイレブンGO 究極の絆 グリフォン』が3位、『ニューイヤーズ・イブ』が8位、『ワイルド7』が10位となっています。
初登場作品では、『聯合艦隊司令長官 山本五十六 -太平洋戦争70年目の真実-』が2位、『劇場版イナズマイレブンGO 究極の絆 グリフォン』が3位、『ニューイヤーズ・イブ』が8位、『ワイルド7』が10位となっています。・今週の映画動員ランキング 2012年最初の週末に公開された作品では、嗅覚・味覚・聴覚・視覚・触覚の五感が失われていく原因不明の感染症が大流行する世界で、運命的な恋に落ちた男女の姿を切なく『パーフェクト・センス』、1985年に公開された知る人ぞ知る秀作を3D仕様のアクション・ホラーとしてリメイクした『フライトナイト／恐怖の夜』、韓国で500万人超を動員した『チェイサー』（2008年）をも遥かに凌駕する衝撃を放つ、究極のクライム・サスペンス『哀しき獣 THE YELLOW SEA』などがオススメです。
・今週の映画動員ランキング 2012年最初の週末に公開された作品では、嗅覚・味覚・聴覚・視覚・触覚の五感が失われていく原因不明の感染症が大流行する世界で、運命的な恋に落ちた男女の姿を切なく『パーフェクト・センス』、1985年に公開された知る人ぞ知る秀作を3D仕様のアクション・ホラーとしてリメイクした『フライトナイト／恐怖の夜』、韓国で500万人超を動員した『チェイサー』（2008年）をも遥かに凌駕する衝撃を放つ、究極のクライム・サスペンス『哀しき獣 THE YELLOW SEA』などがオススメです。・【編集部的映画批評】五感を失う感染症に冒された男女が、最後に感じたもの
・01月02日(月)〜01月08日(日)公開作品一覧 さらにMOVIE ENTERでは、2012年に公開を控える作品の中から、特に注目の8作品をスタッフの独断と偏見でピックアップ。洋画作品から、ミュージシャンでもあるジャスティン・ティンバーレイクと人気女優アマンド・セイフライドによる『TIME／タイム』（2月17日公開）は、貨幣の代わりに“時間”が唯一の“通過”となった近未来を舞台に描かれる“進化系”アクション・サスペンス。『チェイサー』と同じく韓国映画から、韓国を代表する演技派俳優ソン・ガンホと若手人気女優シン・セギョンによる『青い塩』（3月17日公開）は、年齢や境遇の異なる二人の男女が“料理”を通じて惹かれ合う、新たな愛の物語となっています。
『チェイサー』と同じく韓国映画から、韓国を代表する演技派俳優ソン・ガンホと若手人気女優シン・セギョンによる『青い塩』（3月17日公開）は、年齢や境遇の異なる二人の男女が“料理”を通じて惹かれ合う、新たな愛の物語となっています。・【2012年先取り映画vol.1】“時は金なり”という言葉が現実になった世界
・【2012年先取り映画vol.1】“時は金なり”という言葉が現実になった世界・【2012年先取り映画vol.2】こんな料理を作る子に、俺が殺せるか？
・【2012年先取り映画vol.2】こんな料理を作る子に、俺が殺せるか？・【2012年先取り映画vol.3】日本で聞いた話を元に生まれた“大きな愛”の物語
・【2012年先取り映画vol.3】日本で聞いた話を元に生まれた“大きな愛”の物語・【2012年先取り映画vol.4】天才ドライバーの不器用すぎる恋 邦画作品から、役所広司ほか、樹木希林、宮崎あおいの豪華キャストによる『わが母の記』（4月28日公開）は、昭和の文豪・井上靖の自伝的小説を原作にした、親子の絆の物語。アニメ作品から、2012年に3作品の公開を控える第一弾『ベルセルク 黄金時代篇 I 覇王の卵』（2月4日公開）は、既刊35巻で3,000万部を売り上げている人気漫画の映画化となっています。この他にも『ヘルプ 〜心がつなぐストーリー〜』（3月31日公開）、『ドライヴ』（3月31日公開）、『少年と自転車』（今春公開）など大作ではないかもしれませんが、人生を豊かにする作品はたくさんあります。洋画、邦画、韓流、アニメなど、今回紹介した8作品以外にも、2012年はまだまだオススメ作品が公開を控えていますので、今後も随時紹介していきます。
洋画、邦画、韓流、アニメなど、今回紹介した8作品以外にも、2012年はまだまだオススメ作品が公開を控えていますので、今後も随時紹介していきます。・【2012年先取り映画vol.5】名もなきメイドたちの声を集め、時代を変えた一冊の「ストーリー」
・【2012年先取り映画vol.5】名もなきメイドたちの声を集め、時代を変えた一冊の「ストーリー」・【2012年先取り映画vol.6】劇場版のベルセルクは面白いのか
・【2012年先取り映画vol.6】劇場版のベルセルクは面白いのか・【2012年先取り映画vol.7】樹木希林が可愛いすぎる感動作
・【2012年先取り映画vol.7】樹木希林が可愛いすぎる感動作・【2012年先取り映画vol.8】渡辺謙、リーダーシップはあるが嫌な奴に
そして、お正月スペシャルで大増6ページとなった「いちおう妖ヶ劇場」第4話では、1995年にアメリカで公開された『ジュマンジ』をご紹介。本作は観たことがある人はもちろん、まだ観ていない人も楽しめるマンガになっています。昨年11月から連載開始となった第1話から第3話までもお見逃し無く。
昨年11月から連載開始となった第1話から第3話までもお見逃し無く。・【いちおう妖ヶ劇場】第4話：謹賀新年、サイコロの目でサイが飛び出すの巻
・ジャッキーやグレムリンなど懐かし映画にツッコミを入れる 日別映画ニュースまとめ：2日（月）｜3日（火）｜4日（水）｜5日（木）｜6日（金） プリースト 教会が世を支配し荒廃した近未来のパラレルワールドでは、長きに渡り人類とヴァンパイアが存亡を懸けて攻防中だった。姪を誘拐された聖職者が彼女の捜索を決意し、彼は元・戦闘仲間の修道女と姪の恋人の保安官とともにヴァンパイア軍団に立ち向かう！
姪を誘拐された聖職者が彼女の捜索を決意し、彼は元・戦闘仲間の修道女と姪の恋人の保安官とともにヴァンパイア軍団に立ち向かう！【いちおう妖ヶ劇場】第7話：ダメな奴には真剣に神拳をくらわせるぞの巻 元・お嬢様の勅使河原 栄華（てしがわら えいか）は、映画のウンチクを語るネコ仙人を筆頭にした奇妙な住人たちが住む妖怪アパートで一人暮らしをしている。貧乏で本を買えない栄華は、ある時、図書館で爽やかな好青年と出会い一目惚れ。勇気を振り絞り声を掛けてデートに誘うがお金がない。デート費用を稼ぐためにネコ仙人から家政婦のバイトを紹介されるが、「世紀末覇者」という何のこっちゃな採用条件があり——。
デート費用を稼ぐためにネコ仙人から家政婦のバイトを紹介されるが、「世紀末覇者」という何のこっちゃな採用条件があり——。・初めてなので第1話から読む■次のページへ
・初めてなので第1話から読む■次のページへ『ミセス・ダウト』（アメリカ：1993年） 派手好きで気分屋の俳優ダニエルは、3人の子供が大好き。しかし、周囲を顧みることない行動に妻ミランダの怒りが爆発し、離婚の意思を告げられる。裁判の結果、定職を持たないダニエルは子供たちと引き離されてしまう。どうしても子供たちと会いたいダニエルは、メイクアップアーティストの兄の助けを借りてダウト・ファイアという女性に変身。家政婦として家に潜り込むことに成功する。ダニエルと知らずにダウトと仲を深めていくミランダと子供たち。しかし、家族たちはミランダの元・恋人であるスチュワート（愛称：スチュー）との仲も深めていく。ダニエルは家族を取り戻すことができるのか？1 2 3 4
「イナズマイレブンGO」が『ハッピーフィート2』をPR、CMで奇跡のコラボが実現 11月26日より公開となる映画『ハッピー フィート2 踊るペンギン レスキュー隊』がアニメ「イナズマイレブンGOとコラボしたCMを公開した。本作は、ジョージ・ミラー監督が手掛ける、アカデミー賞長編アニメ映画賞受賞を誇る『ハッピーフィート』の続編。白銀の世界が広がる南極を舞台に、前作を超える歌とステップを今までにない3D映像で表現する。南極大陸に暮らすペンギンたちにとって、何より大切なのはハートを伝える歌とダンスだった。しかし、皇帝ペンギンの国、皇帝ランドでNO.1の美声をもつグローリアと最高のダンサー・マンブルの間に生まれたエリックは、恥ずかしがり屋でうまく自分を表現できない。ダンスの失敗をみんなに笑われたエリックは、家出してしまう。ところがその頃、皇帝ランドが流れついた巨大氷山に閉じ込められてしまう。捜しに来た父親や仲間と力を合わせ、ペンギン最大の危機に立ち向かうエリックの大冒険が始まる。
捜しに来た父親や仲間と力を合わせ、ペンギン最大の危機に立ち向かうエリックの大冒険が始まる。今回のコラボレーションは、洋画アニメーションと日本のアニメーションの双方のファンに観て欲しいという思いから実現。このCMのためだけに「イナズマイレブンGO」の製作スタッフがアニメーションを製作し、奇跡のコラボCMを完成させた。「イナズマイレブンGO」のキャラクターである鬼道、不動、佐久間が自分たちの必殺技“皇帝ペンギン3号”よりもすごい“ペンギン”がやってくると知り、「ペンギンと聞いたら黙ってはいられないな」と劇場へ向かう。その劇場には、『ハッピーフィート2』のポスターが掲示されているというもの。「イナズマイレブンGO」の3人も衝撃を受けたペンギンたちの歌やダンスを劇場でチェックしよう。11月26日（土）より、全国ロードショー。
11月26日（土）より、全国ロードショー。・映画『ハッピー フィート2 踊るペンギン レスキュー隊』 - 公式サイト・映画『ハッピー フィート2 踊るペンギン レスキュー隊』 - 作品情報 【関連ニュース】 ・クリスタル ケイがハリウッド大作アニメの吹き替え担当に！世界進出の足がかりとなるか ・劇団ひとりが“マル・モリ・ダンス”子役の人気に便乗 ・今度の主役は“空を飛びたい”ペンギン、『ハッピーフィート2』最新映像＆ポスターが公開
【週末映画まとめ読み】最新映像で明らかになる、“ダークナイト”驚異の全貌 今週1週間に起こった出来事を振り返る「週末映画まとめ読み」。先週末の動員ランキングは、鬼才ティム・バートン監督とジョニー・デップのゴールデンコンビで贈る普通じゃないヴァンパイアムービー『ダーク・シャドウ』が初登場で首位を獲得。『テルマエ・ロマエ』は4連覇はならなかったものの、2位と好調をキープしています。3位から5位までは、『貞子3D』『宇宙兄弟』『名探偵コナン 11人目のストライカー』が先週から1ランクづつダウン。ジョージ・クルーニー主演の『ファミリー・ツリー』は初登場で6位。こちらは『ダーク・シャドウ』の約半分のスクリーン数での興行ですが、興行収は6分の1と大苦戦。アカデミー賞脚色賞などの数々の受賞が、必ずしも動員に結びつくわけではないようです。詳しいランキングはこちらをチェック。
詳しいランキングはこちらをチェック。今週も多くのヒーロー映画情報が話題になりました。『タイタニック』に次ぐ全米興収記録第2位を記録し、社会現象にまでなった『ダークナイト』の続編『ダークナイト ライジング』（7月28日公開）。これまでに悪役ベインやアン・ハサウェイ演じるキャットウーマンのビジュアルなど、徐々にその情報が明らかになってきていましたが、ついに本格的な予告編が公開されました。この予告ではスケールの大きな爆破シーンやアクションはもちろんのこと、マスクを被っているはずのダークナイトが傷つき、素顔でベインと対峙する場面が公開され、ファンの間では様々な憶測が飛び交っています。ゲイリー・オールドマンや未だ詳しい役どころの判っていないジョセフ・ゴードン・レヴィットなど、主要キャラも総登場し、いやでも本編への期待が高ります。
ゲイリー・オールドマンや未だ詳しい役どころの判っていないジョセフ・ゴードン・レヴィットなど、主要キャラも総登場し、いやでも本編への期待が高ります。・海外で話題騒然！『ダークナイト』最新作の予告映像がスゴイさらにもうひとつの話題のヒーロー映画といえば『アベンジャーズ』（8月23日公開）。全米公開はすでに大ヒットで始まっており、次々と世界の興行記録を塗り替えています。2012年5月21日の時点での全世界の興行収入は11億8000万ドル(Box Office MOJO調べ)。これは『パイレーツ・オブ・カリビアン/デッドマンズ・チェスト』を超え、ディズニー配給映画史上、最高の記録となりました。5月25日からはUS版オリジナルポスターがもれなく貰える第一弾前売り券が発売になります。また日本でも、公開に向けプロモーションが本格化。すでに米倉涼子がセクシーな女スパイ、ブラック・ウィドウ役で吹き替えキャストに決定していましたが、それに加え竹中直人の参加も決定。ヒーロー連盟“シールド”の長官、ニック・フューリー役を演じることになりました。24日には“勝ち運”を招くとされている増上寺で、ヒット祈願が行われ、竹中、米倉がそろって出席。米倉はアフレコ時の竹中のドスの効いた声を絶賛するなど、和やかな会見となりました。個性派俳優の竹中直人が、本編でどのような台詞回しで話すのか、非常に気になるところです。
個性派俳優の竹中直人が、本編でどのような台詞回しで話すのか、非常に気になるところです。・『アベンジャーズ』が3週連続1位、ディズニー史上最高記録を達成・竹中直人が絶賛「スカーレット・ヨハンソンの美しさを見ながら、米倉涼子の声を楽しめる」
・『アベンジャーズ』が3週連続1位、ディズニー史上最高記録を達成・竹中直人が絶賛「スカーレット・ヨハンソンの美しさを見ながら、米倉涼子の声を楽しめる」ホラー映画のイベントも盛りだくさんでした。『貞子3D』(公開中)の奇抜な宣伝ですっかりおなじみとなった“リアル貞子”がまた登場。主題歌を担当したシドが登壇する大ヒット追加舞台挨拶のラストに突如乱入し、客席に“呪い”を振りまきました。公開終了まで、その神出鬼没ぶりに歯止めはかかりそうにありません。
公開終了まで、その神出鬼没ぶりに歯止めはかかりそうにありません。また『グレイヴ・エンカウンターズ』(6月1日公開)のチラシなどに掲載されていた、“怖すぎる顔”の持ち主が公開記念イベントで明らかになりました。同作品に登場する“グレイヴ顔”を生成するスマホアプリを使い変装していたのは、モデルの小森純。当日は映画の恐怖を語るだけでなく、なぜか夫の“浮気宣言”まで暴露するなど、かなり奇抜なイベントに。
当日は映画の恐怖を語るだけでなく、なぜか夫の“浮気宣言”まで暴露するなど、かなり奇抜なイベントに。・貞子から花束を。大ヒット追加舞台挨拶でも呪いを振りまく・小森純、恐怖メイクで夫の“浮気宣言”を暴露・『グレイヴ・エンカウンターズ』特集どちらかといえば“男の子”向けの話題が多かった今週ですが、華やかな出来事も。『ガール』（5月26日公開）の女子高生限定試写会には、主演の香里奈が登場。100人の女子高生からは「かわいい！」と悲鳴にも似た歓声があがりました。香里奈も現役女子高生の勢いに負けず、自身の“アムラー”だった過去を暴露。香里奈の人気の秘密は、華やかな外見だけでなく、こういったつつみ隠さず物事を話すところにもありそうです。
香里奈の人気の秘密は、華やかな外見だけでなく、こういったつつみ隠さず物事を話すところにもありそうです。海外からは『スノーホワイト』（6月15日公開）のシャーリーズ・セロンが来日。日本語吹き替えを担当した小雪や椎名桔平とともにレッドカーペットを歩き、まさに“日米美の
日本語吹き替えを担当した小雪や椎名桔平とともにレッドカーペットを歩き、まさに“日米美の競演”となりました。
・香里奈、女子高生100人のガチンコ質問に回答「ラーメンも食べる」
・映画『ガール』特集
・映画『ガール』特集・小雪＆シャーリーズ・セロン、日米の“魔女”が美の競演
・小雪＆シャーリーズ・セロン、日米の“魔女”が美の競演また少し残念なニュースもひとつ。『G.I.ジョー バック2リベンジ』（2013年公開予定）が米公開の1ヶ月前に急遽延期に。理由は作品のグレードとクオリティーを上げるための3D化ということです。これに伴い日本公開も来年となり、イ・ビョンホンらキャストの来日も一旦キャンセルとなりました。3D化には賛否があるようですが、よりクオリティーの高い本編の完成を待つよりありません。
3D化には賛否があるようですが、よりクオリティーの高い本編の完成を待つよりありません。・『G.I.ジョー』が3D化のために公開延期が決定・イ・ビョンホンら『G.I.ジョー』キャストに会えるチャンス！豪華W特典付き前売り券が発売・金環日食に反応したか、ベルセルクのベヘリットが期間限定で血の涙を流す・依存症俳優や、破産俳優、死んだはずのあの人まで…いろいろリターンしちゃう『ピラニア リターンズ』クリップ集・新しい映画の楽しみ方、続きはセカンド・スクリーンで
豪華W特典付き前売り券が発売・金環日食に反応したか、ベルセルクのベヘリットが期間限定で血の涙を流す・依存症俳優や、破産俳優、死んだはずのあの人まで…いろいろリターンしちゃう『ピラニア リターンズ』クリップ集・新しい映画の楽しみ方、続きはセカンド・スクリーンで25日からは、10年ぶりに帰ってきたウィル・スミス、トミー・リー・ジョーンズ主演の人気SFシリーズ最新作『メン・イン・ブラック3』が公開しています。
25日からは、10年ぶりに帰ってきたウィル・スミス、トミー・リー・ジョーンズ主演の人気SFシリーズ最新作『メン・イン・ブラック3』が公開しています。さらに26日からは、公開前からその設定とタイトルが物議を醸した問題作『先生を流産させる会』が遂に公開。批判されるべき内容の映画かどうかは、ぜひ作品を観て確かめてください。
批判されるべき内容の映画かどうかは、ぜひ作品を観て確かめてください。そのほか、漫画で映画を解説する「いちおう妖ヶ劇場」や「オトナ女子映画部」「編集部的映画批評」「DVDエンター！」の連載もチェックしてみてください。
」の連載もチェックしてみてください。・【編集部的映画批評】ラジオから流れる懐かしの名曲と共に蘇る、青春時代の輝かしい記憶
・【いちおう妖ヶ劇場】第12話：ミニサイズになって体内を“見に”行くぞの巻
・【DVDエンター！】“韓国のアンジェリーナ・ジョリー”がタンクトップ姿で触手と格闘
・【オトナ女子映画部】“愛される”より“愛す”喜びに生きる「エディット・ピアフ〜愛の讃歌〜」
・【オトナ女子映画部】“愛される”より“愛す”喜びに生きる「エディット・ピアフ〜愛の讃歌〜」・映画情報
・映画情報・「MOVIE ENTER」提供記事一覧
・「MOVIE ENTER」提供記事一覧日別映画ニュースまとめ：19日（土）｜20日（日）｜21日（月）｜22日（火）｜23日（水）｜24日（木）｜25日（金）
日別映画ニュースまとめ：19日（土）｜20日（日）｜21日（月）｜22日（火）｜23日（水）｜24日（木）｜25日（金）フランス国民の3人に1人が泣いた、各国で話題の映画が日本へ上陸 フランスで年間興行収入1位を記録した大注目の映画がついに公開！第24回東京国際映画祭で最高賞サクラグランプリと、主演男優賞（フランソワ・クリュゼ、オマール・シー）を受賞したフランス映画『最強のふたり』（9月1日公開）の予告映像とポスター画像が公開された。本作は、出会うはずのない2人が起こした“最高の奇跡”の実話を映画化したもの。事故で全身麻痺となり車いす生活を送る富豪フィリップは、新しい介護者を雇う。その面接にやってきたのは、場違いな黒人青年ドリスだった。彼は、不採用通知3つで出る生活保護手当を目当てに面接を受けるも採用されてしまう。高級住宅地とスラム、ショパンとクール＆ザ・ギャング、洗練された会話と下ネタという異文化で育ってきた2人の生活は、衝突し続ける。しかし、次第に互いを受け入れていくようになり、最強の友情が生まれる。
しかし、次第に互いを受け入れていくようになり、最強の友情が生まれる。東京国際映画祭で上映されると、その感動が口コミで広がり、日本での公開を希望する声が多数寄せられたという。笑って、泣ける話題作の予告映像がこちら。
笑って、泣ける話題作の予告映像がこちら。昨年、製作国であるフランスで公開されると、『ハリー・ポッターと死の秘宝Part2』『パイレーツオブカリビアン／生命の泉』『猿の惑星：創世記』といったハリウッド大作を押さえ、年間興収1位を記録。フランス国内で公開された全映画の歴代興行収入でも現在4位と、さらに記録を伸ばし続けている。また、公開17週目には、国内の累計動員が1910万人を突破し、フランス国民の約3人に1人が観た計算。第37回フランスアカデミー賞（セザール賞）で、9部門ノミネート、主演男優賞を受賞し、その勢いは止まらない。
第37回フランスアカデミー賞（セザール賞）で、9部門ノミネート、主演男優賞を受賞し、その勢いは止まらない。また、ドイツでは、9週連続1位を記録し、過去ドイツで公開されたフランス映画の興行収入1位となった。オーストリアでも6週連続1位を記録するヒットを打ち立てるなど、各国でも快進撃を続けている。
オーストリアでも6週連続1位を記録するヒットを打ち立てるなど、各国でも快進撃を続けている。さらに、ハリウッドでは『英国王のスピーチ』の製作や『アーティスト』の北米配給などで知られるワインスタイン・カンパニーが配給権とリメイク権を獲得。
さらに、ハリウッドでは『英国王のスピーチ』の製作や『アーティスト』の北米配給などで知られるワインスタイン・カンパニーが配給権とリメイク権を獲得。全米では、5月25日より公開される。
全米では、5月25日より公開される。今秋、最強の友情で結ばれた2人が観る者に笑いと元気を与える。映画『最強のふたり』は、9月1日（土）よりTOHOシネマズ シャンテ、TOHOシネマズ 六本木ヒルズ、新宿武蔵野館ほか全国順次公開。
映画『最強のふたり』は、9月1日（土）よりTOHOシネマズ シャンテ、TOHOシネマズ 六本木ヒルズ、新宿武蔵野館ほか全国順次公開。【関連記事】・東京国際映画祭、『最強のふたり』がグランプリを受賞！小栗旬の『キツツキと雨』は審査員特別賞・MOVIE ENTERのTOPへ
【DVDエンター！】童貞とビキニ美女のセイシをかけた戦い 『SUPER 8／スーパーエイト』『トランスフォーマー／ダークサイド・ムーン』『世界侵略：ロサンゼルス決戦』『スカイライン-征服-』『カウボーイ＆エイリアン』などなど、エイリアンが地球を侵略する映画が続々と公開された2010年。同年10月には、ビキニ姿の美女エイリアンが童貞クンの精子を求めて襲いかかる韓国映画『エイリアン・ビキニの侵略』が公開。『SR サイタマノラッパー』に続き、2011年ゆうばり国際ファンタスティック映画祭でグランプリを受賞した同作が、4月11日にブルーレイ＆DVDとなって発売されました。
『SR サイタマノラッパー』に続き、2011年ゆうばり国際ファンタスティック映画祭でグランプリを受賞した同作が、4月11日にブルーレイ＆DVDとなって発売されました。エイリアン・ビキニの侵略 テコンドーの腕前を活かし、街の治安を守っているヨンゴン。彼はある日、男たちに暴行を受けていた女性、ハ・モニカを助け、自宅へと連れ帰る。
彼はある日、男たちに暴行を受けていた女性、ハ・モニカを助け、自宅へと連れ帰る。だが彼女は、なんと純潔の精子を求めるエイリアンだった。30を過ぎても童貞を守っていたヨンゴンは縛り上げられ…。
30を過ぎても童貞を守っていたヨンゴンは縛り上げられ…。街の治安を守る、30過ぎの童貞 主人公のヨンゴン（ホン・ヨングン）は、テコンドーの腕前を生かして街の治安を守るべく、夜な夜なパトロールする青年です。ここだけ読むと、超人に変身して圧倒的な力で悪を成敗するアメコミのスーパーヒーローを想像するかもしれませんが、等身大のヨンゴンは中の上程度の強さで、見た目も微妙な30過ぎの童貞クン。そんな彼が傷だらけになりながら必死に戦う姿は、同情すら覚えてしまいます。
そんな彼が傷だらけになりながら必死に戦う姿は、同情すら覚えてしまいます。ある夜、4人の男から取り囲まれ、暴行を受けていた美女をなんとか助け出し、自宅へとお持ち帰りに成功したかと思えば、「睡眠薬入り？」と疑いたくなるような自家製ドリンクを飲ませようとするなど、非モテぶりをいかんなく発揮します。
」と疑いたくなるような自家製ドリンクを飲ませようとするなど、非モテぶりをいかんなく発揮します。ビキニを着た、美女エイリアン 会話を通じてヨンゴンの純粋な人柄に触れ、懐かしのバランスゲーム「ジェンガ」で遊ぶ内に、心を近づけていく美女ハ・モニカ（ハ・ウジョン）。遂には自ら服を脱ぎ捨て、ビキニ姿で誘惑するモニカに対し、結婚まで童貞を貫く覚悟のヨンゴンは、欲情を抑えようと必死です。
遂には自ら服を脱ぎ捨て、ビキニ姿で誘惑するモニカに対し、結婚まで童貞を貫く覚悟のヨンゴンは、欲情を抑えようと必死です。童貞を誘惑する美女という妄想的展開ですが、実はモニカの正体は童貞の精子を求めるエイリアンで、一生で一日だけ受精可能なこの日を逃すまいと、あらゆる技を駆使してヨンゴンを誘惑するのでした。
童貞を誘惑する美女という妄想的展開ですが、実はモニカの正体は童貞の精子を求めるエイリアンで、一生で一日だけ受精可能なこの日を逃すまいと、あらゆる技を駆使してヨンゴンを誘惑するのでした。セイシをかけた戦いの結末や、如何に!?モニカが受精して出産した場合、その先に待ち受けるのは、地球滅亡という衝撃的結末。受精まで残された時間は刻々と迫り、美女と童貞による地球の運命を決める攻防はヒートアップ。韓国の童貞宅で人知れず繰り広げられる、精子をかけたバトルの結末は…。
韓国の童貞宅で人知れず繰り広げられる、精子をかけたバトルの結末は…。2011年ゆうばり国際ファンタスティック映画祭では、「映画のクオリティは予算に関係ないことをこの映画が証明してくれた。予算は低くても愛情と情熱は高い作品！」と林海象監督（私立探偵 濱マイク）やナ・ホンジン監督（『チェイサー』）から大絶賛を受け、見事グランプリを獲得。やがて明らかになるヨンゴンの過去など、単なるセクシー系SF作品に留まらない魅力が本作には詰まっている。
・エイリアン・ビキニの侵略 - 作品情報 エイリアン・ビキニの侵略 [DVD]posted with amazlet at 12.04.09キングレコード (2012-04-11) 売り上げランキング: 13382 Amazon.co.jp で詳細を見る
【元気東北・宮城編】仙台から東北そして日本全国へ、ヒーローと凡人との強い絆 『アヒルと鴨のコインロッカー』（2007年）や『ゴールデンスランバー』（2010年）など、これまでに宮城・仙台市を舞台にした作品を次々と発表してきた伊坂幸太郎（原作）と中村義洋（監督）。昨年3月11日に発生した東日本大震災を経て、5月に映画化の企画を立ち上げると、これまで共に映画を作ってきた仲間や仙台サポーターが再集結し、被災地となった仙台にてオールロケを敢行しました。4月7日より仙台先行、5月12日より全国ロードショーとなる映画『ポテチ』は、宮城・仙台市から東北へ、そして日本全国へ、本編68分間に想いを込めて贈る、強くあたたかい家族の物語です。
4月7日より仙台先行、5月12日より全国ロードショーとなる映画『ポテチ』は、宮城・仙台市から東北へ、そして日本全国へ、本編68分間に想いを込めて贈る、強くあたたかい家族の物語です。『ポテチ』 プロ野球のスター選手・尾崎と、空き巣を生業とする凡人・今村、別々の人生を歩んでいるかのように思えた2人は、目に見えない強い力で引き寄せられていった…
【元気のポイント】目には見えないけれど、確かに存在する強い絆 平穏を取り戻すにつれ忘れてしまいがちですが、震災からの一年、日本国内のみならず世界各国から差し伸べられる支援の手や祈りの声に、話す言葉は違えども、世界中の人が繋がっていることを誰もが感じたのではないでしょうか。
【元気のポイント】目には見えないけれど、確かに存在する強い絆 平穏を取り戻すにつれ忘れてしまいがちですが、震災からの一年、日本国内のみならず世界各国から差し伸べられる支援の手や祈りの声に、話す言葉は違えども、世界中の人が繋がっていることを誰もが感じたのではないでしょうか。濱田岳が演じる主人公の今村は、空き巣を生業とする凡人です。その彼が特別な感情を寄せるのは、プロ野球のスター選手・尾崎。別々の人生を歩んでいるかのように思えた2人の青年は、実は26年前の同じ日に生まれ、運命に導かれて再び出会うことに。そんな彼らの奇妙な繋がりを通じて、家族や恋人、友人、大切な人を想うあたたかな気持ち、そして目には見えないけれど確かに存在する強い絆が描かれています。凡人の息子が母を想う、深く清々しい愛にも心打たれ、ラストに訪れる爽やかな感動は、観客一人一人の明日への一歩に繋がるハズ。
凡人の息子が母を想う、深く清々しい愛にも心打たれ、ラストに訪れる爽やかな感動は、観客一人一人の明日への一歩に繋がるハズ。音楽を担当するのは、伊坂幸太郎×中村義行作品の『フィッシュストーリー』や『ゴールデンスランバー』でもコラボレーションを果たしてきた、シンガーソングライターの斉藤和義。昨年4月にセルフカバーの反原発ソング「ずっとウソだった」をYouTubeにアップし、被災者へのチャリティーライブをUSTREAMで配信するなどメッセージを発してきた彼が、エンドロールで流れる主題歌「今夜、リンゴの木の下で」を書き下ろしています。
昨年4月にセルフカバーの反原発ソング「ずっとウソだった」をYouTubeにアップし、被災者へのチャリティーライブをUSTREAMで配信するなどメッセージを発してきた彼が、エンドロールで流れる主題歌「今夜、リンゴの木の下で」を書き下ろしています。【東北文化】オール仙台ロケ、500名以上の仙台市民がエキストラ出演 「仙台城跡」の天守台から撮影されたタイトルバックに始まり、冒頭で今村が尊敬する空き巣のプロ・黒澤（大森南朋）とベンチに座り会話を交わす「勾当台公園」は、『ゴールデンスランバー』で堺雅人が演じる主人公が逃亡の果てに投降した場所でもあります。その他にも、仙台を代表する創業193年の老舗百貨店の「藤崎」や、人気カジュアルダイニングレストランの「MEALS」、東北一の歓楽街・国分町にある居酒屋の「網元 上の家」、市内中心部にある「仙台国際ホテル」、そして500名を超える仙台市民がエキストラとして登場しているクライマックスの「仙台市民球場」まで、8月末からわずか8日間のタイトスケジュールで、オール仙台ロケが敢行されました。
その他にも、仙台を代表する創業193年の老舗百貨店の「藤崎」や、人気カジュアルダイニングレストランの「MEALS」、東北一の歓楽街・国分町にある居酒屋の「網元 上の家」、市内中心部にある「仙台国際ホテル」、そして500名を超える仙台市民がエキストラとして登場しているクライマックスの「仙台市民球場」まで、8月末からわずか8日間のタイトスケジュールで、オール仙台ロケが敢行されました。「宮城・仙台で、できるだけ早く、また皆で映画をつくる。それが私たちにできることだと思いました。」という製作スタッフの想いから完成した渾身の68分。
」という製作スタッフの想いから完成した渾身の68分。公式サイトでは仙台ロケMAPも公開されているので、仙台駅を起点に市内中心部のオススメ観光スポットを循環する「るーぷる仙台」でロケ地めぐりも楽しめます。
【まとめ】あなたが好きな『ポテチ』は何味？自分が生まれ育ったり、住み慣れた土地は、きっと誰にとってもかけがえのない特別な場所となることでしょう。たとえ自分とは無関係だったとしても同郷の有名人に親近感を覚えるように、スクリーンの中に映る自分の故郷を目にした時、人はその土地だけでなく、そこに関わりをもった自分自身をも誇りに思えるのではないでしょうか。球場でヒーローの尾崎と背中合わせに立つ今村が手にしているのは、塩味の『ポテチ』。あなたは何味が好きですか？
あなたは何味が好きですか？・映画『ポテチ』オフィシャルサイト ・「東北・映画で元気に復興」特集ページ ゴールデンスランバー [DVD]posted with amazlet at 12.03.08アミューズソフトエンタテインメント (2010-08-06) 売り上げランキング: 5447 Amazon.co.jp で詳細を見る
【終了しました】堺雅人が“伝説の殺し屋”になって大ピンチに！『鍵泥棒のメソッド』一般試写会にご招待第58回カンヌ国際映画祭で4賞を獲得した映画『運命じゃない人』を手掛けた内田けんじ監督の最新作『鍵泥棒のメソッド』が9月15日より公開される。
『鍵泥棒のメソッド』一般試写会にご招待第58回カンヌ国際映画祭で4賞を獲得した映画『運命じゃない人』を手掛けた内田けんじ監督の最新作『鍵泥棒のメソッド』が9月15日より公開される。本作は、内田監督の3年ぶりとなる作品。35才で売れない役者・桜井は、自殺しようとするも失敗してしまう。その後、とりあえず向かった銭湯で、いかにも羽振りのよさそうな男・コンドウが目の前で転倒。桜井は出来心から、頭を打って記憶喪失になったコンドウの荷物を盗み出し、彼になりすます。しかし、コンドウは“伝説の殺し屋”だった。桜井は、コンドウへの危険な依頼を受けざるを得なくなり、大ピンチに。
桜井は、コンドウへの危険な依頼を受けざるを得なくなり、大ピンチに。一方、自分を“売れない貧乏役者”だと思い込んでいるコンドウは、役者として成功するため、真面目に働き、演技を勉強し始めていた。知り合った婚活中の雑誌編集長・香苗から逆プロポーズを受け、幸せな日々を送る。しかし、そんな時にコンドウの記憶が戻る。殺しの依頼、大金の行方、そして結婚が絡み合い、事態は予測のつかない方向へと転がり始める。
殺しの依頼、大金の行方、そして結婚が絡み合い、事態は予測のつかない方向へと転がり始める。主人公・桜井を演じるのは、堺雅人。コンドウ役を香川照之が演じる。その他、広末涼子、荒川良々、森口瑤子らが共演する。
その他、広末涼子、荒川良々、森口瑤子らが共演する。監督を務めるのは、内田けんじ。大泉洋、佐々木蔵之介、堺雅人が出演した前作『アフタースクール』では、観客を驚かせるような展開で大ヒットを記録した。本作では、内田監督ならではの先の読めない展開で誰もが楽しめる喜劇に仕上げる。
本作では、内田監督ならではの先の読めない展開で誰もが楽しめる喜劇に仕上げる。今回、本作の一般試写会に5組10名様をご招待。第15回上海国際映画祭で日本映画史上初となる最優秀脚本賞を受賞し、国内外で大きな話題となっている本作を鑑賞できるこの機会をお見逃しなく！
第15回上海国際映画祭で日本映画史上初となる最優秀脚本賞を受賞し、国内外で大きな話題となっている本作を鑑賞できるこの機会をお見逃しなく！映画『鍵泥棒のメソッド』は、9月15日（土）より全国ロードショー。
映画『鍵泥棒のメソッド』は、9月15日（土）より全国ロードショー。プレゼント概要映画『鍵泥棒のメソッド』一般試写会日時 9月5日（水）開場18:30／開映19:00場所 なかのZERO 大ホール（中野区中野2-9-7 なかのZERO本館）募集人数 5組10名様
プレゼント概要映画『鍵泥棒のメソッド』一般試写会日時 9月5日（水）開場18:30／開映19:00場所 なかのZERO 大ホール（中野区中野2-9-7 なかのZERO本館）募集人数 5組10名様【応募期間】2012年8月8日（水）〜 8月26日（日）午後9時まで※当選者には、ツイッターのDM（ダイレクトメッセージ）でご連絡いたします。
【応募期間】2012年8月8日（水）〜 8月26日（日）午後9時まで※当選者には、ツイッターのDM（ダイレクトメッセージ）でご連絡いたします。【応募条件】・日本に居住されている方（賞品配送先が日本国内の方）。・応募に関する注意事項に同意いただける方。
・応募に関する注意事項に同意いただける方。【注意事項】※本キャンペーンに関して、弊社が不適切な行為がされていると判断いたしましたアカウントは、キャンペーン対象外とさせていただきます。※弊社は、応募いただいた方のツイート内容には一切の責任を負いません。※当選発表は、当選者様への当選のご連絡をもってかえさせていただきますので、ご了承ください。※当選通知後、4日間ご連絡がない場合は、当選を無効とさせていただきます。※当選結果に関するお問い合せは受け付けておりませんので、ご了承ください。※当キャンペーンの掲載内容や条件は、予告なく変更する場合がございます。あらかじめご了承ください。※当選の権利の譲渡はできません。※キャンペーン参加にあたっては、必ず弊社個人情報保護方針「プライバシーポリシー」をお読みください。※当選時にご連絡いただく住所、氏名、電話番号は、その確認などの関連情報のご案内のみに使用し、キャンペーン終了後は弊社の定める方法に基づき消去いたします。※インターネット通信料・接続料およびツイートに関しての全ての費用はお客様のご負担になります。※次の場合はいずれのご応募も無効となりますのでご注意ください。・応募時の内容に記載不備がある場合。・お客さまのご住所が不明、または連絡不能などの場合。
・お客さまのご住所が不明、または連絡不能などの場合。※本プレゼントは、終了しました※
作品情報・映画『鍵泥棒メソッド』 - 作品情報
その他のプレゼント・チュート徳井が徹底した役作りで挑む！『莫逆家族 バクギャクファミーリア』完成披露試写会にご招待
・サッカー強豪国ドイツの知られざる真実とは？ 『コッホ先生と僕らの革命』試写会にご招待
・ジュリア・ロバーツが悪役に初挑戦！『白雪姫と鏡の女王』特別試写会にご招待
・ハリウッドも注目する“笑って泣ける”話題作『最強のふたり』ジャパンプレミアにご招待
・新たなヒロインは“美しい”暗殺者、映画『コロンビアーナ』試写会にご招待
かわいいのは綾瀬はるかだけじゃない！ 『映画 ひみつのアッコちゃん』の“こだわり” 日本中に大ブームを巻き起こした国民的人気コミックが初の実写映画化に挑む！ 9月1日より、赤塚不二夫のコミックを実写映画化した『映画 ひみつのアッコちゃん』が公開される。実写化決定が発表された当時、ネットでは、多くの人気コミックが続々と実写化されることにうんざりしている様子だったが、本作の情報が公開されていくと、次第にマイナスの意見は変化していった。その理由とは何なのか。
その理由とは何なのか。本作は、オリジナルストーリーで描くキュートなラブ・エンターテインメント。主人公の加賀美あつ子は、10歳の小学生。パパが買ってくれた宝物の鏡が壊れ、落ち込んでしまう。その夜、サングラスに黒スーツを来た鏡の精が現れ“魔法のコンパクト”をプレゼントされる。22歳の大学生に変身すると、すっかり鏡に夢中になり、次々となりたい姿に変身していく。ある日、遊園地へ出掛けたアッコは、化粧品会社に勤めるエリート社員の早瀬尚人に一目惚れをする。翌日、22歳の姿に変身したアッコは、デパートの化粧品売り場で尚人に再会する。買収問題に揺れ、乗っ取られそうになっている会社を新商品開発で立て直そうと奮闘する彼のために、アッコは奇想天外なアイディアでこの危機に立ち向かう。
買収問題に揺れ、乗っ取られそうになっている会社を新商品開発で立て直そうと奮闘する彼のために、アッコは奇想天外なアイディアでこの危機に立ち向かう。果たして大好きな彼を救うことはできるのか。気になる恋の行方は如何に——。
気になる恋の行方は如何に——。主演を務めるのは、幅広い層に支持されている綾瀬はるか。尚人役を岡田将生が演じる。その他、谷原章介、吹石一恵、塚地武雅、大杉漣、もたいまさこ、鹿賀丈史、香川照之ら、豪華キャストが勢揃い。
その他、谷原章介、吹石一恵、塚地武雅、大杉漣、もたいまさこ、鹿賀丈史、香川照之ら、豪華キャストが勢揃い。実写映画化にあたり、ネットでは「実写版ってイメージできない」「いくらなんでもムチャすぎる」といった意見が多く見られた。しかし、いざ特報映像が公開されると、NAVERまとめの大ヒットコミック【ひみつのアッコちゃん】実写化！公開日決定には、以下のような意見があった。・かわいいんだけど！ ・コンパクトも可愛いし、面白そうなので見に行くぞー
・コンパクトも可愛いし、面白そうなので見に行くぞー綾瀬はるかのキュートな演技はもちろんのこと、小道具やセット、衣装のキュートさも注目されているようだ。本作で美術を手掛けた岩城南海子氏は「本作のコンセプトは“可愛らしさ”」と語る。尚人の職場である化粧品会社の企画開発室やアッコの部屋にもこだわりがあるという。魔法のコンパクトで変身するアッコにとって、部屋に“ときめき”が必要だと思い、カラフルでポップな色をテーマに、バービー人形の部屋をイメージしている。衣装は、原作の連載開始当時の1962年に合わせ、60年代のファッションを意識。当時の分かりやすい色と形を、現代でも通用するスタイルに仕上げ、典型的なOLの型にハマらないファッションを見せている。そのファッションに身を包んだ綾瀬はるかの姿に注目したい。
そのファッションに身を包んだ綾瀬はるかの姿に注目したい。本作の山口雅俊プロデューサーは、今回の実写化について「ひとりの女の子が、岐路に立ち迷っている大人たちの社会に対して、小学生ならではの問いかけをする。それが現代の日本にアッコちゃんを蘇らせる意味なんじゃないかと、10年以上前にこの企画が頭に浮かんだ時からずっと考えていました」と、コメントしている。
それが現代の日本にアッコちゃんを蘇らせる意味なんじゃないかと、10年以上前にこの企画が頭に浮かんだ時からずっと考えていました」と、コメントしている。また、川村泰祐監督は「大人が子供に気づかされ、子供が大人に気づかされる相互作用こそ、映画の背骨。仕事って大変だけど、一生懸命に頑張った先には何かがあるんだ、ということを伝えられる映画にしたかった」と、本作への思いを語った。
仕事って大変だけど、一生懸命に頑張った先には何かがあるんだ、ということを伝えられる映画にしたかった」と、本作への思いを語った。「ひみつのアッコちゃん」誕生50周年を迎える今年、これまで3度に渡り、テレビアニメーション化されてきた名作がついに実写映画化される。小道具やセット、衣装など細部にまでこだわった本作は、観る者にどんな“ときめき”を与えるのだろうか。『映画 ひみつのアッコちゃん』は、9月1日（土）より全国ロードショー。
『映画 ひみつのアッコちゃん』は、9月1日（土）より全国ロードショー。【関連記事】 ・『ひみつのアッコちゃん』、綾瀬はるかに魔法をかけるのは香川照之・綾瀬はるか、オトナのアッコちゃんに大変身！
【関連記事】 ・『ひみつのアッコちゃん』、綾瀬はるかに魔法をかけるのは香川照之・綾瀬はるか、オトナのアッコちゃんに大変身！【週末映画まとめ読み】男女問わず“萌え死”させる、綾瀬はるかの魅力 今週1週間に起こった出来事を振り返る「週末映画まとめ読み」。先週末の動員ランキングは、人気シリーズ10年ぶりの最新作『メン・イン・ブラック3』が初登場で首位を獲得しました。2位は、前週初登場首位だった『ダーク・シャドウ』がワンランクダウン。3位の『テルマエ・ロマエ』は5週目を迎え、動員300万人、興収40億円を突破する大ヒットを記録しています。奥田英朗の同名小説を映画化した『ガール』は、4位に初登場。MOVIE ENTERでは、『ガール』特集を展開中ですので、ぜひチェックしてみてくださいね。そのほか、詳しいランキングはこちら。
そのほか、詳しいランキングはこちら。9月1日より、赤塚不二夫のコミックを実写映画化した『映画 ひみつのアッコちゃん』が公開されます。冒頭の写真は、そのひとコマ。実写化決定が発表された当時、ネットでは、多くの人気コミックが続々と実写化されることにうんざりしている様子でしたが、本作の情報が公開されていくと、次第にマイナスの意見は変化していったようです。その理由とは何なのでしょうか。主演を務めるのは、幅広い層に支持されている綾瀬はるか。尚人役を岡田将生が演じます。その他、谷原章介、吹石一恵、塚地武雅、大杉漣、もたいまさこ、鹿賀丈史、香川照之ら、豪華キャストが勢揃いしています。特報映像が公開されると、綾瀬はるかのキュートな演技はもちろんのこと、小道具やセット、衣装のキュートさも注目されているようです。本作で美術を手掛けた岩城南海子氏は「本作のコンセプトは“可愛らしさ”」と語っています。アッコの部屋はカラフルでポップな色をテーマに、バービー人形の部屋をイメージしているそう。
アッコの部屋はカラフルでポップな色をテーマに、バービー人形の部屋をイメージしているそう。『ホタルノヒカリ』も、綾瀬はるかの魅力が満載です。あまりのかわいらしさに、オトナ女子映画部のライターが、心の中で「萌え死にするわ！」と叫んだほど。
」と叫んだほど。・かわいいのは綾瀬はるかだけじゃない！『映画 ひみつのアッコちゃん』の“こだわり” ・【オトナ女子映画部】綾瀬はるかに萌え死！オトナのおとぎ話『ホタルノヒカリ』
オトナのおとぎ話『ホタルノヒカリ』かわいらしいと言えば、小さなバズがウッディたちを翻弄する短編『ニセものバズがやって来た』の特別映像が2カ月限定で公開されています。この作品は、ディズニー／ピクサーの最新作『メリダとおそろしの森』で同時上映される短編2作品のうちの一つ。『トイ・ストーリー』ファンにはたまらない作品になっています。
さらに、AKB48の公式ライバル、乃木坂46が、映画『アメイジング・スパイダーマン』とコラボレーション。無料映像配信サイト「GyaO!」で配信される24時間生中継特番のメインナビゲーターに就任しました。
無料映像配信サイト「GyaO!」で配信される24時間生中継特番のメインナビゲーターに就任しました。・小さくなったバズが走り回る！『トイ・ストーリー3』続編の特別映像が公開 ・“AKB48の公式ライバル”乃木坂46が“アメイジング”な24時間生中継特番 ・アメイジング・スパイダーマンが「LINE」とコラボ、期間限定スタンプも登場 ・映画『メリダとおそろしの森』で坂本美雨が“神秘の歌声”を披露
『トイ・ストーリー3』続編の特別映像が公開 ・“AKB48の公式ライバル”乃木坂46が“アメイジング”な24時間生中継特番 ・アメイジング・スパイダーマンが「LINE」とコラボ、期間限定スタンプも登場 ・映画『メリダとおそろしの森』で坂本美雨が“神秘の歌声”を披露『リング』シリーズ最新作で、現在日本で上映中の映画『貞子3D』が、6月14日からついに海外での上映が始まります。その皮切りとなる韓国では、200スクリーン規模で公開予定。そこで“貞子”も韓国まで足を運び、プロモーション活動に精を出しているようです。日本では、大ヒットを記録していますが、貞子は、それでも満足できずに“4D”へと進化をとげようとしています。6月7日に角川シネマ新宿で行われる『貞子4D』イベントでは、「鑑賞中、何者かに突然足をつかまれる！」「場内前方から、白い煙をものすごい勢いで大量噴射される！」などの演出が行われるようです。あなたも、ぜひチャレンジしてみては？
あなたも、ぜひチャレンジしてみては？・貞子、韓国に「アニョハセヨ！」電車にも乗って呪いの交流・貞子が“3D”でも満足できずに“4D”へと呪いを増幅・恐怖顔であなたをみつめる戦慄の“人面つけ麺”・世界の“心霊動画”を霊能力者が解説
」電車にも乗って呪いの交流・貞子が“3D”でも満足できずに“4D”へと呪いを増幅・恐怖顔であなたをみつめる戦慄の“人面つけ麺”・世界の“心霊動画”を霊能力者が解説【特集】・映画『グレイヴ・エンカウンターズ』特集 - 霊能力者ヒューストンが怪現象に遭遇・海外ドラマ「スパルタカス」特集 - 紗綾がセクシー甲冑に挑戦する特別企画も！・『リアル・スティール』ブルーレイ/DVD/オンデマンド特集 - 興奮VS感動 どちらが勝つか！
・『リアル・スティール』ブルーレイ/DVD/オンデマンド特集 - 興奮VS感動 どちらが勝つか！【連載コラム】 ・【DVDエンター！】名作「ロッキー」のロボット版、ボクシングの“興奮”と“感動”を誘う人間ドラマ ・【いちおう妖ヶ劇場】第13話：アダムス一家が変でも、まっ、いっかの巻
】名作「ロッキー」のロボット版、ボクシングの“興奮”と“感動”を誘う人間ドラマ ・【いちおう妖ヶ劇場】第13話：アダムス一家が変でも、まっ、いっかの巻【その他のニュース】 ・『レオン』『ニキータ』に次ぐ新たな最強ヒロインが誕生 ・“衝撃の実話”ジェイソン・ステイサムが病院内でガチンコバトル ・志村けん、全米で大ヒット中の映画で声優に初挑戦 ・36カ国で
【その他のニュース】 ・『レオン』『ニキータ』に次ぐ新たな最強ヒロインが誕生 ・“衝撃の実話”ジェイソン・ステイサムが病院内でガチンコバトル ・志村けん、全米で大ヒット中の映画で声優に初挑戦 ・36カ国で指名手配を受けた“世界で最も危険な男”が日本上陸・平野綾と“ファイナルファンタジー”の魅力がタッグを組む・『メン・イン・ブラック3』興行収入10億円突破、101ヶ国首位で地球規模でもヒット
指名手配を受けた“世界で最も危険な男”が日本上陸・平野綾と“ファイナルファンタジー”の魅力がタッグを組む・『メン・イン・ブラック3』興行収入10億円突破、101ヶ国首位で地球規模でもヒット2日からは、渡部篤郎主演の『外事警察 その男に騙されるな』や、サラ・ジェシカパーカーが主演の『ケイト・レディが完璧（パーフェクト）な理由（ワケ）』などが公開されます。
2日からは、渡部篤郎主演の『外事警察 その男に騙されるな』や、サラ・ジェシカパーカーが主演の『ケイト・レディが完璧（パーフェクト）な理由（ワケ）』などが公開されます。また、人気の落語会“浜松町かもめ亭“の模様を収録した『映画館落語 かもめ亭』も気になります。桂歌丸ら当代きっての噺家たちの巧みな話芸を大スクリーンで堪能してみては？
日別映画ニュースまとめ：5月26日（土）｜5月27日（日）｜5月28日（月）｜5月29日（火）｜5月30日（水）｜5月31日（木）｜6月1日（金）
日別映画ニュースまとめ：5月26日（土）｜5月27日（日）｜5月28日（月）｜5月29日（火）｜5月30日（水）｜5月31日（木）｜6月1日（金）“女優”大島優子が北米最大の日本映画祭で受賞の快挙！『闇金ウシジマくん』海外展開も？ 真鍋昌平原作、累計500万部超の大人気コミックをTVシリーズに続き、山田孝之主演で映画化した『闇金ウシジマくん』。違法な金利で金を貸し付ける闇金業者・丑嶋馨が債務者を非情に追い込み、裏社会で暗躍する姿を描き、生々しい暴力・性描写にも挑戦して話題となっている。
違法な金利で金を貸し付ける闇金業者・丑嶋馨が債務者を非情に追い込み、裏社会で暗躍する姿を描き、生々しい暴力・性描写にも挑戦して話題となっている。今回、その本ポスタービジュアルが解禁となった。これまでのティザービジュアルとは違い、メインのキャラクターたちが遂に集合。POPなデザインにも関わらず、何を考えているかわからない丑嶋の表情や、原作にも登場した新井浩文演じる最狂キャラ「肉蝮」が原作同様の不気味さを醸し出している。
POPなデザインにも関わらず、何を考えているかわからない丑嶋の表情や、原作にも登場した新井浩文演じる最狂キャラ「肉蝮」が原作同様の不気味さを醸し出している。本作の注目すべき点は、そのダークな世界観や過激さだけではない。TVシリーズからのおなじみのキャストに加え、AKB48の大島優子が、小遣い欲しさから“出会いカフェ”にハマり、破滅に向かうヒロインを熱演していることも大きな話題となっている。
TVシリーズからのおなじみのキャストに加え、AKB48の大島優子が、小遣い欲しさから“出会いカフェ”にハマり、破滅に向かうヒロインを熱演していることも大きな話題となっている。その大島優子が、なんと北米最大の日本映画祭 第6回「JAPAN CUTS〜ジャパン・カッツ！」にて「Cut Above Award for Outstanding Debut」を受賞する事が決定。
」にて「Cut Above Award for Outstanding Debut」を受賞する事が決定。ジャパン・カッツは北米で、最新の日本映画が披露される主要な機会。ニューヨークタイムズ紙はそのラインナップを「豪華で多彩な最新日本のセレクション」と評するなど、アメリカ国内はもちろん、海外からも注目されている映画祭である。過去には「告白」「かもめ食堂」「愛のむきだし」など、国際的な称賛を得た日本作品をいち早く上映した。
過去には「告白」「かもめ食堂」「愛のむきだし」など、国際的な称賛を得た日本作品をいち早く上映した。また、主催・運営を行う非営利団体「ジャパン・ソサエティ」は日米文化交流を主な目的とする創立100余年の団体。その映画部は、黒沢明監督・小津安二郎監督ら巨匠の紹介や、まだ米国で知名度のなかった頃の北野武監督らの全米上映の道を切り拓いてきた、最もよく知られる専門団体でもある。
その映画部は、黒沢明監督・小津安二郎監督ら巨匠の紹介や、まだ米国で知名度のなかった頃の北野武監督らの全米上映の道を切り拓いてきた、最もよく知られる専門団体でもある。今回、大島が受賞するのは、映画人としての能力をより深く見出すため、俳優・女優だけではなく監督・プロデューサーの中から、一際輝く若い才能に与えられる賞。
今回、大島が受賞するのは、映画人としての能力をより深く見出すため、俳優・女優だけではなく監督・プロデューサーの中から、一際輝く若い才能に与えられる賞。同時に、日本を代表する俳優である役所広司が、長年映画界にもたらした功績を称えて設立された賞「Cut Above Award for Excellent in Film」を受賞することが決まっているが、今回贈呈されるのはこの2賞のみ。つまり大島優子が“日本を代表する若い才能”として紹介されるのである。
つまり大島優子が“日本を代表する若い才能”として紹介されるのである。JAPAN CUTSTHE NEW YORK FESTIVAL OF JAPANESE FILM
JAPAN CUTSTHE NEW YORK FESTIVAL OF JAPANESE FILMJULY 26 – AUGUST 4, 2023Presented by Japan Society
JULY 26 – AUGUST 4, 2023Presented by Japan SocietyNYC’s premier showcase for contemporary Japanese cinema.
この受賞を受け、大島優子本人からコメントも届いている。
この受賞を受け、大島優子本人からコメントも届いている。大島優子コメント今回の役柄は光と闇を彷徨う難しいキャラクターで、演じる上で悩んだことも多かったですが、女優として賞を頂いたこともなかったですし、遠く離れたニューヨークの映画祭で評価を頂いたと聞いて、とても光栄に思っています。
大島優子コメント今回の役柄は光と闇を彷徨う難しいキャラクターで、演じる上で悩んだことも多かったですが、女優として賞を頂いたこともなかったですし、遠く離れたニューヨークの映画祭で評価を頂いたと聞いて、とても光栄に思っています。今後も女優・大島優子として、より多くの作品に参加させて頂き、一人の人間として磨きをかけていきたいと思っています。
今後も女優・大島優子として、より多くの作品に参加させて頂き、一人の人間として磨きをかけていきたいと思っています。さらに、その演技力の片鱗を見て取れる大島優子出演シーンも解禁に。
さらに、その演技力の片鱗を見て取れる大島優子出演シーンも解禁に。映画祭への参加と大島優子の受賞で、海外展開の可能性も出てきた本作。一気に顕わになったその世界観が日本だけでなく、世界でどのように評価を受けるのか気になるところだ。
一気に顕わになったその世界観が日本だけでなく、世界でどのように評価を受けるのか気になるところだ。映画『闇金ウシジマくん』は8月25日（土）新宿バルト9ほかにて全国ロードショー・『闇金ウシジマくん』 - 作品情報
映画『闇金ウシジマくん』は8月25日（土）新宿バルト9ほかにて全国ロードショー・『闇金ウシジマくん』 - 作品情報【関連記事】・『闇金ウシジマくん』の“過激すぎる”予告映像が公開・Superfly、今年初シングルは“漫画史上最大の問題作”主題歌・大島優子がここからどう破滅していくのか？ 『闇金ウシジマくん』特報解禁・大島優子、闇金に追われ転落『闇金ウシジマくん』
『スパイダーマン』新ヒロインのエマ・ストーン「素敵なキスシーンはあります！」2002年に公開された『スパイダーマン』に始まり、2004年公開の『スパイダーマン2』、2007年公開の『スパイダーマン3』まで、過去3作品の全世界興行収入が25億ドルを超える大ヒットを記録した『スパイダーマン』シリーズ。1962年にマーベル・コミックで初めてスパイダーマンが登場してから50周年となる2012年、スタッフ・キャストを一新した新シリーズとして、新章となる3D映画『アメイジング・スパイダーマン』（マーク・ウェブ監督『（500）日のサマー』）が6月30日、ここ日本で世界最速公開される。
1962年にマーベル・コミックで初めてスパイダーマンが登場してから50周年となる2012年、スタッフ・キャストを一新した新シリーズとして、新章となる3D映画『アメイジング・スパイダーマン』（マーク・ウェブ監督『（500）日のサマー』）が6月30日、ここ日本で世界最速公開される。公開に先駆けて、18日には新たな主人公ピーター・パーカー役としてハリウッドで最も期待される若手俳優アンドリュー・ガーフィールドと、新ヒロインを演じるエマ・ストーンがプロデューサーのアヴィ・アラド、マット・トルマックと共に海外のどこよりも先に来日し、8分半の特別フッテージ映像の上映と、記者会見を行った。
公開に先駆けて、18日には新たな主人公ピーター・パーカー役としてハリウッドで最も期待される若手俳優アンドリュー・ガーフィールドと、新ヒロインを演じるエマ・ストーンがプロデューサーのアヴィ・アラド、マット・トルマックと共に海外のどこよりも先に来日し、8分半の特別フッテージ映像の上映と、記者会見を行った。日本では3月31日より公開となる最新主演作『ヘルプ 〜心がつなぐストーリ〜』が世界中で2億ドル以上のヒットとなった、今ハリウッドで注目の新進若手女優エマ・ストーンは、日本語で「こんにちは」と述べると、「初めての東京ですが、世界で最もクールな街だと感じています。高層ビルからの景色を見ても、その想いがまた強くなります。この『アメイジング・スパイダーマン』を楽しんで頂けると本当に嬉しいです。」と挨拶。
」と挨拶。作品への期待の高さを象徴するように、会場に詰めかけた大勢のマスコミからの質問で、過去3作のヒットを受けて、新たな『アメイジング・スパイダーマン』で役を演じる上でプレッシャーについて聞かれると、エマは「私が演じるグウェン・ステイシーというキャラクターは、過去3作ではブライス・ダラス・ハワードさんが演じた役ですが、初恋の相手ではなかったし、すでにMJの存在があって、ピーターとの仲の間にちょっと割って入るようなキャラクターだったので、今作で自分が演じるバージョンとは全く違います。今作では、まだMJは登場しないこともあり、キャラクターに対するプレッシャーはそんなに感じませんでした。自分はプロデューサーでもないし、スパイダーマンを演じる訳でもないので。
自分はプロデューサーでもないし、スパイダーマンを演じる訳でもないので。実は、プレッシャーを感じているのは今まさに、この瞬間です。撮影現場で、ブルーバックだったり、ワイヤーを使ったアクションシーンだったり、ベッドルームの床で恋愛の心理を演じたりするのは、他の映画でもやっていることですから、プレッシャーは感じませんでしたけど、こんなに国際的に注目されている作品は初めてですし、初来日して皆さんの質問を受け、間違ったことを言ってはいけないと、今この場で大変なプレッシャーを感じております。」と笑顔で述べた。
」と笑顔で述べた。また、過去の『スパイダーマン』で見られた、宙吊りでのキスシーンは今作でもあったかと聞かれると「先に知らない方が映画を楽しめるのではないでしょうか。その上で『これは素晴らしいシーンだ』と観てから決めて頂ければと思っていますが、一つだけお教えすると、素敵なファーストキスのシーンは今作でもありますので期待して下さい。逆さ吊りではありませんが…。」と答え、隣にいたマット・トルマックから「今、アンドリューと二人でやってみる？」と聞かれると、「いや、ちょっと道具とか色々と準備がないので無理です。」とかわした。
」とかわした。最後に、来日して行ってみた場所や、好きな食べ物について聞かれると「『アメイジング・スパイダーマン』のような作品に関わっていて、本当にエキサイティングなのですが、フラストレーションを感じるのは、世界中の素敵な場所に行かせてもらえるけど、1日か2日しか滞在できないことです。見るものは大体、ホテルの中ばかりが多いですね。今回も東京の通りを色々と歩いて回りたいと思うのですが、おそらく時間がありません。ですが、私はまた日本に戻って来ると約束します。その時は映画とは関係無く、ただ日本という国を楽しむために戻って来て、歩き回り、色々な物を食べ尽くしたいと思っています。日本の歴史や文化など、本当に奇跡的な素晴らしい国だと思うので、それを経験するためにも、私はまた日本に戻って来ます。その時もよろしくお願いします。」と答え、会場を後にした。
・アメイジング・スパイダーマン - 公式サイト ■関連記事・『ヘルプ 〜心がつなぐストーリー〜』、オクタヴィア・スペンサーが初のGG受賞・【2012年先取り映画vol.5】名もなきメイドたちの声を集め、時代を変えた一冊の「ストーリー」・時代を変えた一冊、『ヘルプ 〜心がつなぐストーリー〜』予告編が解禁
ノオミ・ラパスかシャーリーズ・セロンか、『プロメテウス』のワールドプレミアでドレス対決 リドリー・スコット監督最新作『プロメテウス』のワールド・プレミアが、現地時間5月31日に、ロンドンのレスター・スクウェアにて開催された。
ノオミ・ラパスかシャーリーズ・セロンか、『プロメテウス』のワールドプレミアでドレス対決 リドリー・スコット監督最新作『プロメテウス』のワールド・プレミアが、現地時間5月31日に、ロンドンのレスター・スクウェアにて開催された。エリザベス女王陛下即位60周年記念に沸き、至る所に国旗が飾られているロンドン。中心街レスター・スクウェアに、鮮やかなブルーカーペットが敷き詰められて、ワールド・プレミアは行われた。今まで一切ストーリーが明かされず、その全貌が謎に包まれたままだった本作の初披露とあって、会場には約1,500名のファンが集結した。
今まで一切ストーリーが明かされず、その全貌が謎に包まれたままだった本作の初披露とあって、会場には約1,500名のファンが集結した。『プロメテウス』は、人類史上最大の謎“人類の起源”を解き明かす重大なヒントを地球上の古代遺跡で発見し、宇宙船プロメテウス号に乗って未知の惑星を訪れた科学者チームの、想像を絶する運命を映し出す。めくるめく神秘と衝撃に彩られた探査航海の果てに、決して触れてはならない“パンドラの箱”が開いたとき、まだ何も知らない人類はすべてを目撃する。前人未踏の宇宙の彼方に、地球上のあらゆる歴史や文明の概念さえも覆す、驚愕の真実が眠っていたことを——。
前人未踏の宇宙の彼方に、地球上のあらゆる歴史や文明の概念さえも覆す、驚愕の真実が眠っていたことを——。出演は、『ミレニアム ドラゴン・タトゥーの女』で強烈な演技を見せたノオミ・ラパス、日本でも多くの女性たちから圧倒的な支持を受けるハリウッドを代表するオスカー女優シャーリーズ・セロン、『SHAME-シェイム-』でヴェネチア国際映画祭主演男優賞を獲得し、マグニート役で『X-MEN:ファースト・ジェネレーション』を崇高なドラマにまで昇華させた俳優マイケル・ファスベンダーらが集う。圧倒的なオリジナリティに満ちた先見性と、アーティスティックな映像感覚で名高いスコット監督は、いま最も多くの注目を集めている彼ら豪華布陣を配し、観る者の好奇心や空想をはるかに超越した“人類の起源”をビジュアル化した。
圧倒的なオリジナリティに満ちた先見性と、アーティスティックな映像感覚で名高いスコット監督は、いま最も多くの注目を集めている彼ら豪華布陣を配し、観る者の好奇心や空想をはるかに超越した“人類の起源”をビジュアル化した。主要キャストのノオミ・ラパス、シャーリーズ・セロン、マイケル・ファスベンダー、そして巨匠リドリー・スコット監督が会場に登場するとファンの熱気に包まれた。ノオミ・ラパスは胸元の空いた黒いドレス、シャーリーズ・セロンは金色の髪によく似合う青のドレスで集まった人々を魅了。写真撮影と数台のカメラの取材に応えた後、ファンサービスに終始していた。
写真撮影と数台のカメラの取材に応えた後、ファンサービスに終始していた。映画『プロメテウス』は、8月24日（金）全国ロードショー＜3D/2D同時上映＞・映画『プロメテウス』オフィシャルサイト■関連記事・人類誕生の謎が明かされる！宇宙に飛び出した科学者が見たものとは・映画界の“生きる伝説”が人類の起源に迫る
コンセプトは“Laugh & Peace”、「第4回沖縄国際映画祭」プログラム発表 2009年3月に“Laugh & Peace”をコンセプトにスタートした「沖縄国際映画祭」。前回は、直前に発生した東日本大震災を受け、被災地に全国に「エール」と「心のつながり」を届けるべく“Yell, Laugh & Peace”を掲げ、復興支援のチャリティーを柱に開催した。4回目となる今回は、映画・映像やエンターテインメント満載のイベントを通して「心のつながり」を沖縄から日本全国へ、さらには国境を越えてアジア、世界へと発信すべく、21日に吉本興業東京本部にてプログラム発表会見が行われた。司会進行は、藤井隆と木佐彩子によって行われ、まずは実行委員長の大崎氏より挨拶。
司会進行は、藤井隆と木佐彩子によって行われ、まずは実行委員長の大崎氏より挨拶。その後「長編プログラム（Laugh部門、Peace部門、各13作品）」「特別上映作品」「地域発信型プロジェクト」「Pachinko Movie Award」「お笑い LIFE ショートフィルム上映会」「“ちゅらイイ”GIRLS UP ! ステージ」「沖縄コンテンツランド」「沖縄コンテンツバザール」「ビーチステージイベント」の各プログラムの内容が発表され、出演するゲストが登壇した。
その後「長編プログラム（Laugh部門、Peace部門、各13作品）」「特別上映作品」「地域発信型プロジェクト」「Pachinko Movie Award」「お笑い LIFE ショートフィルム上映会」「“ちゅらイイ”GIRLS UP ! ステージ」「沖縄コンテンツランド」「沖縄コンテンツバザール」「ビーチステージイベント」の各プログラムの内容が発表され、出演するゲストが登壇した。第4回沖縄国際映画祭」は3月24日から31日まで、沖縄コンベンションセンター及び周辺地区（宜野湾市）の第1会場と、桜坂劇場および国際通り周辺（那覇市）、北谷町はじめ県内各所の第2会場にて開催される。
第4回沖縄国際映画祭」は3月24日から31日まで、沖縄コンベンションセンター及び周辺地区（宜野湾市）の第1会場と、桜坂劇場および国際通り周辺（那覇市）、北谷町はじめ県内各所の第2会場にて開催される。長編プログラム ジャルジャル…「営業100万回」主演 チュートリアル 徳井義実…「莫逆家族 バクギャクファミーリア」主演 EXILE AKIRA…「ワーキング・ホリデー」主演 ピース 又吉直樹…「タバコイ〜タバコで始まる恋物語〜」出演 桜 稲垣早希…「ロケみつ THE MOVIE このさきのむこうに」主演 地域発信型プロジェクト 滝裕可里…「益子日和」（栃木県益子町） 森カンナ…「ユキモノガタリ」（北海道沼田町） 内田流果…「ガマゴリ・ネバーアイランド」（愛知県蒲郡市） 小松悠太…「またいつか夏に。」（茨城県筑西市）
」（茨城県筑西市）お笑い LIFE ショートフィルム上映会 平成ノブシコブシ、木村祐一 “ちゅらイイ”GIRLS UP ! ステージ 鈴木奈々 ビーチステージイベント 前川真悟（かりゆし58）、スリムクラブ ・沖縄国際映画祭 - 公式サイト
【DVDエンター！】シャアの声を持つFBI捜査官が、天才犯罪者とコンビ結成 米国では依然として、犯罪捜査ドラマのジャンルが強いですが、近年は専門分野に特化したスペシャリストが主人公のドラマが主流に。2009年10月からは、ドラマ『ホワイトカラー “知的”犯罪ファイル』がUSAネットワークでオンエアされ、「バーン・ノーティス」を越える平均視聴者数600万人を記録。天才的な頭脳を持つ元犯罪者が、FBI捜査官と異色のコンビを組み、NYに蔓延する知的犯罪を一話完結でスマートに解決する内容が人気を集めています。本国では今年6月から第3シーズンに突入する中、遂に10月5日より『ホワイトカラー “知的”犯罪ファイル』がDVD（セル、レンタル）で日本上陸を果たしました。
本国では今年6月から第3シーズンに突入する中、遂に10月5日より『ホワイトカラー “知的”犯罪ファイル』がDVD（セル、レンタル）で日本上陸を果たしました。『ホワイトカラー “知的”犯罪ファイル』 天才犯罪者ニール・キャフリーは、FBI捜査官ピーター・バーグにより収監されていた刑務所を脱獄する。ピーター捜査官は再び、ニールを追い詰めるが、ニールはある提案をする。自由と引き換えに捜査協力を申し出たのだ。脱獄の理由でもある、姿を消した恋人を探す本当の目的は告げずに…。ニールの頭脳と詐欺テクニックは捜査に役立つ。悩んだ末にピーターは監視装置を着ける事を条件にニールと手を組むことを決める。ニューヨークに蔓延する知的犯罪を絶妙なコンビネーションでスマートに解決していく二人。同時に失踪した恋人を追うニールだったが、そこには謎が…。
同時に失踪した恋人を追うニールだったが、そこには謎が…。ホワイトカラーとは？ 「ホワイトカラー」とは、おもに現場作業者＝ブルーカラーに対して“知的労働者”を意味します。一見、職場における労働者問題をテーマにしたドラマを想像されるかもしれませんが、本作で描かれるのは、FBIに実在し、詐欺・偽造・横領といった昨今増え続けている“知的犯罪”を専門に取り扱う“ホワイトカラー・クライム・ユニット”の物語。監修は、実際に“ホワイトカラー・クライム・ユニット”に20年間勤続した人物が手掛けています。
監修は、実際に“ホワイトカラー・クライム・ユニット”に20年間勤続した人物が手掛けています。天才犯罪者×敏腕捜査官の異色コンビが、クール＆スタイリッシュに事件解決 今まで追う側と追われる側の敵対関係にあった二人が、危険な捜査現場で互いの命を信頼して預けるパートナーへと。刑事としての経験を基に堅実に行動する“理論派”のピーターに対して、元犯罪者らしく予測不能で型破りな行動を見せる“感覚派”のニールですが、二人のコンビネーションは抜群です。絶妙な“緊張感”と“ユーモア”のある駆け引きで、クール＆スタイリッシュに知的犯罪者たちを一網打尽に。
絶妙な“緊張感”と“ユーモア”のある駆け引きで、クール＆スタイリッシュに知的犯罪者たちを一網打尽に。知的でセクシーな“聡明男子”は、一途なオトコ 「自分になびかない女性はいない」と自負し、美女を見ると口説かずにはいられないニールですが、一見チャラ男そうに見えて、実は失踪した恋人を想い続ける一途なオトコ。巧みな話術で女性を魅了するイケメンの彼も、恋人が自分の元を去った理由は未だ分からぬまま。
巧みな話術で女性を魅了するイケメンの彼も、恋人が自分の元を去った理由は未だ分からぬまま。一方、上司と部下から絶大な信頼を集める敏腕捜査官のピーターも、家に帰れば奥様の尻に敷かれっ放し…。所詮、世の男たちは女の手の上で転がされるだけの、可愛い生き物なのですね。
所詮、世の男たちは女の手の上で転がされるだけの、可愛い生き物なのですね。“赤い彗星”シャア・アズナブルが、FBI捜査官に変身 FBI捜査官ピーターの声優を「機動戦士ガンダム」シャア役で有名な池田秀一氏が担当。クールな落ち着きのある声で、あんなことやこんなことも言っちゃいます。
クールな落ち着きのある声で、あんなことやこんなことも言っちゃいます。認めたくないものだな。自分自身の若さゆえの過ちというものを。
・海外ドラマ『ホワイトカラー』特集ページ ホワイトカラー "知的"犯罪ファイル vol.1 [DVD]posted with amazlet at 11.10.1020世紀フォックス・ホーム・エンターテイメント・ジャパン (2011-10-05) 売り上げランキング: 97 Amazon.co.jp で詳細を見る
2012年に映像革命が起こる、『ロード・オブ・ザ・リング』の前章『ホビット』の公開が決定『ハリー・ポッター』シリーズのワーナー・ブラザーズ映画と『ロード・オブ・ザ・リング』3部作のピーター・ジャクソン監督がタッグを組み、映画『ホビット』2部作の公開を決定した。また、公開日と邦題も決定し、新たなる傑作への期待が高まる。
また、公開日と邦題も決定し、新たなる傑作への期待が高まる。本作は、ホビット族のビルボ・バギンズの旅が描かれている。ビルボは、ドラゴンに支配され失われてしまったエレボールのドワーフ王国の再建をかけ、壮大な冒険の旅へ出る。ある時、伝説的な戦士トーリン・オーケンシールド率いる13人のドワーフから成る一団に参加することになった。目的地へ向かう途中、ビルボは、自身の人生を永遠に変えてしまうクリーチャーのゴクリ（※『ロード・オブ・ザ・リング』3部作では、ゴラム）と出会う。そこで、有用な性質を持つゴクリ（ゴラム）の“いとしいしと”と呼ばれるリングをも手に入れる。そのリングは、ビルボが知り得ない中つ国（ミドル・アース）全ての運命と深く結びついていた。
そのリングは、ビルボが知り得ない中つ国（ミドル・アース）全ての運命と深く結びついていた。本作の原作となるJ.R.R.トルーキンの「ホビットの冒険」は、『ロード・オブ・ザ・リング』で登場した中つ国（ミドル・アース）の60年前が舞台になっており、『ロード・オブ・ザ・リング』の原作「指輪物語」の前章。これを2部作に分けて映像化し、それぞれ『ホビット 思いがけない冒険』、『ホビット ゆきて帰りし物語』という邦題で2012年12月14日、2013年12月に公開する。
これを2部作に分けて映像化し、それぞれ『ホビット 思いがけない冒険』、『ホビット ゆきて帰りし物語』という邦題で2012年12月14日、2013年12月に公開する。監督を務めるのは、ピーター・ジャクソン。壮大さゆえに映像化は不可能といわれていたファンタジー小説の金字塔「指輪物語」を『ロード・オブ・ザ・リング』3部作として完全映画化を成功させている。3部作は、全て世界的な大ヒットを記録し、『ロード・オブ・ザ・リング/王の帰還』は、アカデミー賞で11部門全てを受賞するという快挙を成し遂げた。
3部作は、全て世界的な大ヒットを記録し、『ロード・オブ・ザ・リング/王の帰還』は、アカデミー賞で11部門全てを受賞するという快挙を成し遂げた。それから7年、今年3月より、ウェリントンのストーン・ストリート・スタジオを中心にニュージーランド周辺で製作、撮影が開始した。製作陣は、『ロード・オブ・ザ・リング』のメインスタッフが再集結。脚本はもちろんのこと、美術や衣装など、再び監督と手を組むこととなった。
脚本はもちろんのこと、美術や衣装など、再び監督と手を組むこととなった。最先端のカメラと音響技術を駆使して、通常の倍である毎秒48コマで撮影し、デジタル3Dという新たなる3D映画を誕生させる。監督のfacebookでは、「3D映画が48コマであればより鮮明に、スピーディーな動きとなり、映像革命が起こりそうだ」とコメントしている。
監督のfacebookでは、「3D映画が48コマであればより鮮明に、スピーディーな動きとなり、映像革命が起こりそうだ」とコメントしている。主演を務めるのは、イギリスの名優、マーティン・フリーマン。監督から「ビルボを演じるために生まれてきたと思える俳優。知的で愉快、勇敢なマーティンは、まさにビルボ」と大賞賛されている。
知的で愉快、勇敢なマーティンは、まさにビルボ」と大賞賛されている。また、13人のドワーフは、リチャード・アーミテージ、ケン・スコット、グラハム・マクタビッシュ、ウィリアム・キルシャーらが演じる。
また、13人のドワーフは、リチャード・アーミテージ、ケン・スコット、グラハム・マクタビッシュ、ウィリアム・キルシャーらが演じる。その他、イアン・マッケランがガンダルフ役を再び好演。さらに、『ロード・オブ・ザ・リング』3部作に登場するガラドリエルをケイト・ブランシェット、ゴクリ（ゴラム）をアンディ・サーキス、フロドをイライジャ・ウッドが再び演じる。
さらに、『ロード・オブ・ザ・リング』3部作に登場するガラドリエルをケイト・ブランシェット、ゴクリ（ゴラム）をアンディ・サーキス、フロドをイライジャ・ウッドが再び演じる。原作のファンから映画化を熱望する声があっただけに、世界中から注目されている。果たして、『ロード・オブ・ザ・リング』、『ハリー・ポッター』シリーズに続く、大ヒットとなるのだろうか。
果たして、『ロード・オブ・ザ・リング』、『ハリー・ポッター』シリーズに続く、大ヒットとなるのだろうか。『ホビット 思いがけない冒険』は、2012年12月14日(金）より、3D全国ロードショー。
『ホビット 思いがけない冒険』は、2012年12月14日(金）より、3D全国ロードショー。『ホビット ゆきて帰りし物語』は、2013年12月より、3D全国ロードショーを予定している。
【MOVIE ENTERおすすめ特集】・秋の夜長を楽しむ—オトナの恋愛映画特集・『アジャストメント』ブルーレイ＆DVD特集・『探偵はBARにいる』特集 - 大泉洋と松田龍平の最強コンビ・猛暑を乗り切る“恐怖体験” ホラー映画特集・『ハリー・ポッターと死の秘宝 PART2』特集 - 史上最強のファンタジーが遂に完結
【MOVIE ENTERおすすめ特集】・秋の夜長を楽しむ—オトナの恋愛映画特集・『アジャストメント』ブルーレイ＆DVD特集・『探偵はBARにいる』特集 - 大泉洋と松田龍平の最強コンビ・猛暑を乗り切る“恐怖体験” ホラー映画特集・『ハリー・ポッターと死の秘宝 PART2』特集 - 史上最強のファンタジーが遂に完結【編集部的映画批評】一瞬でサラリーマンの“高級ランチ”が消える 皆さんが「この映画はハリウッドっぽい」と感じるのはどんな作品を観た時だろうか。有名スターがたくさん出ている時、スケールが大きい時、はたまた大雑把なつくりの時など様々あるだろうが、いわゆる“ケチくさくない”映画を観た時に、そういう感情が生まれないだろうか。21日公開となるこの映画は、邦画ではあるが“ケチくささ”を感じない作品である。
『ワイルド7』 元犯罪者によって警視庁内に構成された、超法規的機関“ワイルド7”。罪を免除する代わりに彼らに与えられたのは、凶悪犯の退治だった。ある日、任務遂行中に何者かが犯人を射殺し、飛葉はすぐさま追いかけるも見失ってしまう。そんな中、ユキという女性に出会い——。（作品情報へ）
（作品情報へ）使用弾丸1500発！過激に撃ちまくり マシンガンを乱射し、爆弾で爆破し、バズーカ砲が火を噴く。とにかく撃って、撃って、撃ちまくる映画だ。日本の映画でこれほどまで銃を乱射する映画は近年なかったのではないだろうか。撃ち放った銃弾の数はなんと1500発。安い銃弾だと1発100円ぐらいのものもあるらしいが、この作品で使われたものは「弁当代以上」と語られている。おそらく1発1,000円から2,000円なのではないだろうか。それが1500発だ。「1発1,000円だから計算すると、何だ150万円か」と思うかも知れない。だが、想像してみよう。「バン！」と一回引き金を引くだけで、高級ランチのお膳が目の前から消える感覚を。それを惜しげもなく1500発も撃ちまくっているのだ。洋画並みの爽快感がある邦画である。
洋画並みの爽快感がある邦画である。シリアスな深田恭子も魅力的 深田恭子というと「お嬢様」「天然」「ロリータ」というような何となく“かわいい系”のキャライメージがある。しかし、今回の深キョンは、銃をぶっ放すわ、バイクを乗り回すわで、そんなイメージが微塵もない。まさに“ワイルド”な女性になっている。しかも、笑いの要素が全くなく、シリアス。心に闇を抱えた女性を演じている。だが、それが別に悪い気がしない。むしろ「頑張っているな、すごい！」と感心してしまう。
」と感心してしまう。以前、実写映画『ヤッターマン』でドロンジョを演じたが、最初、彼女が役に決まった時に、ネットでは「イメージが違う」と大騒ぎ。だが、実際にフタを開けてみれば、それ程、違和感がない。というか、役に良くはまっている。与えられた役に対して、観客の期待以上のパフォーマンスを出す深田恭子の女優力は本当に素晴らしい。この映画でも新たな魅力を発見できる。
この映画でも新たな魅力を発見できる。思想を入れるところが、やはり日本映画 この作品は、ハリウッドを意識してつくられたのではないかと思う。空撮を使った場面転換や先に述べた派手な銃撃戦など、ダイナミズムを意識的に取り入れている。ただ、“心”の部分については、日本的な要素でまとまっている。例えば、飛葉大陸の“孤独”や“悲しみ”“葛藤”のような心の傷を表現する手段として、一匹じゃないと生きられない魚を登場させるところなどは、いかにも日本的ではないだろうか。
例えば、飛葉大陸の“孤独”や“悲しみ”“葛藤”のような心の傷を表現する手段として、一匹じゃないと生きられない魚を登場させるところなどは、いかにも日本的ではないだろうか。ハリウッドアクション映画というと「とにかく派手に！」という部分が強調されて、心の葛藤の部分があまりクローズアップされないことがある。ある意味、何も考えずに爽快感を楽しむという場合はハリウッド方式が良いかも知れない。ただ噛みしめて映画を観る日本人には、多少、この作品のように思想要素を入れる方がウケが良いのかも知れない。
ただ噛みしめて映画を観る日本人には、多少、この作品のように思想要素を入れる方がウケが良いのかも知れない。イケメン俳優が多数出演しているが、個人的な感想としては「デートムービー」ではないと感じている。原作漫画も1970年と昔のものなので若い層にはなじみがないし、ロマンスシーンが多いわけでもない。それよりもアクションの迫力や爽快感の方が強い。男同士で劇場に行って、観た後に「あのシーンが格好良い」「このシーンが渋い」と酒を酌み交わしながら熱く語れる作品なのではと。「西部警察」が好きな人ならば、この映画を結構楽しむことができると思う。
「西部警察」が好きな人ならば、この映画を結構楽しむことができると思う。ヒーロー妄想のカンタの所見評価 撃ちまくりで爽快度：★★★★ ラブな恋愛度：★ 男らしさ度：★★★ 一覧を見る ・『ワイルド7』 - 作品情報 ・編集部的映画批評 西部警察スペシャル 豪華版 (写真集付) [DVD]posted with amazlet at 11.12.16アミューズソフトエンタテインメント (2004-12-24) 売り上げランキング: 27502 Amazon.co.jp で詳細を見る【 MOVIE ENTER おすすめ記事 】 ・アメリカ大統領選の裏側を暴く作品がゴールデン・グローブ賞にノミネート ・「本人そっくり」と世界中で話題の“鉄の女”、ポスター画像と予告編が解禁 ・制服姿の大政絢やナルニアの王子などにも直撃＜2011年インタビューまとめ vol.1＞ ・【
いちおう妖ヶ劇場】第3話：「悪魔（グレムリン）＝日本人」は、あくまで噂ですからの巻
【GOGW映画 友人編】全長500メートルの敵が現れたらどうするのが正解？ 『タイタンの逆襲』 ゴールデンウィーク（GW）に公開される映画の中からオススメの作品を、編集部員が鑑賞シーン別にプレゼン合戦する企画「GOGW映画」。第4弾の「友人編」は、“友人と観たい”GW映画を紹介します。私、ドラマのサイトーがオススメするのは、『タイタンの逆襲』です。映画は芸術ハラの『ブライズメイズ 史上最悪のウェディングプラン』も面白そうですが、友達みんなでワイワイするなら、“究極”の3Dアトラクションムービー『タイタンの逆襲』ですよ！
映画は芸術ハラの『ブライズメイズ 史上最悪のウェディングプラン』も面白そうですが、友達みんなでワイワイするなら、“究極”の3Dアトラクションムービー『タイタンの逆襲』ですよ！『タイタンの逆襲』（4月21日公開） 人間の信仰心が薄れ神の力が弱まる中、巨神（タイタン）が復活し、世界を支配しようとします。人間と神の間に生まれた半神ペルセウスは、その危機を救うことができるのでしょうか……。
人間と神の間に生まれた半神ペルセウスは、その危機を救うことができるのでしょうか……。ポイント1：腕の一振りで山が吹っ飛ぶ“怒迫力”キャラ 作品には、主に4種類の魅力的な敵キャラが登場します。
ポイント1：腕の一振りで山が吹っ飛ぶ“怒迫力”キャラ 作品には、主に4種類の魅力的な敵キャラが登場します。まず、双頭獣のキメラ。頭はライオン、尻尾がヘビというトンデモキャラで、ある日、空から人間の住む村に降ってきて、家屋をぶち壊して人間を襲います。それから、ミノタウロス。人間の体に牛の頭を持っていて、岩を打ち砕くほどの怪力でペルセウスに襲い掛かってきます。マカイは、胴体を2つ持つ戦闘鬼で、計4本の腕で刀を振り回し、高速回転で人間たちを切りつけます。最後に、全長500メートルの巨神クロノスが炎を巻き散らし、山を吹き飛ばしながら襲い掛かってくるのです。
最後に、全長500メートルの巨神クロノスが炎を巻き散らし、山を吹き飛ばしながら襲い掛かってくるのです。ポイント2：浮世離れしたシチュエーション そんな“化け物”に対抗するのは、半神のペルセウスら数人の勇者たち。巨大な敵たちに槍や刀で対抗します。時代背景的にミサイルなどの近代兵器が無いので仕方無いのかも知れませんが、無謀とも言える方法で、巨神に戦いを挑むのです。「逃げる」という選択肢もあるはずなのですが、「俺がやらなきゃならない」という使命感を持ち、周囲の期待を背負って、身長差498メートル以上の相手に立ち向かって行くのです。鑑賞後に友人同士で「自分ならどうする？」という話をしてみると楽しいかも知れません。
」という話をしてみると楽しいかも知れません。ポイント3：並ばずに楽しめる絶叫アトラクション 前作を上回る洗練された3D映像で、アトラクションのように映画の世界を楽しむことが出来ます。戦闘シーンでクロノスが放つ炎はもちろん、「タルタロスの迷宮」に迷い込むペルセウスたちと共に、洞窟の岩に身をのけぞらせている自分を発見することになるでしょう。元ボクシング世界チャンピオンの具志堅用高さんは、その映像について「ヤバいですよ！ こっちに来る」と表現していました。ゴールデンウィークで混雑するテーマパークに並ぶことなく、手軽に極上のアトラクションが楽しめる作品になっています。
ゴールデンウィークで混雑するテーマパークに並ぶことなく、手軽に極上のアトラクションが楽しめる作品になっています。これ以外にも、書きたいところがまだまだたくさんあるのですが、ネタばれになるのでやめときます。
これ以外にも、書きたいところがまだまだたくさんあるのですが、ネタばれになるのでやめときます。まとめると、「怒迫力キャラが登場する、浮世離れしたアトラクションを、行列に並ばずに、ワイワイ楽しんでください」というところです。
まとめると、「怒迫力キャラが登場する、浮世離れしたアトラクションを、行列に並ばずに、ワイワイ楽しんでください」というところです。『タイタンの逆襲』は、友人を誘って楽しんでみてください！
『タイタンの逆襲』は、友人を誘って楽しんでみてください！・タイタンの逆襲 - 作品情報 ドラマのサイトーの評価 【でっかい度】★★★★★ 【泣ける度】★★★ 【こっちに来る度】★★★★★ このキャラの記事一覧を見る 編集部員がオススメのGW映画をプレゼン合戦「GOGW映画」
・タイタンの逆襲 - 作品情報 ドラマのサイトーの評価 【でっかい度】★★★★★ 【泣ける度】★★★ 【こっちに来る度】★★★★★ このキャラの記事一覧を見る 編集部員がオススメのGW映画をプレゼン合戦「GOGW映画」・【GOGW映画 友人編】崖っぷち女が、親友の座を掛けて完璧美女と友情バトル
インタビュー：鼠先輩「こう見えて脱獄経験なし」 ラッセル・クロウ主演の映画『スリーデイズ』が9月23日（祝・金）から全国で公開される。クロウ演じる主人公が、殺人罪に問われて投獄された妻を救うため、脱獄を計画——。ごく普通の男が、善悪を超える問題に直面し、窮地に追い込まれるサスペンス大作だ。
ごく普通の男が、善悪を超える問題に直面し、窮地に追い込まれるサスペンス大作だ。2008年、ムード歌謡曲「六本木〜GIROPPON〜」でブレイクし、芸能界に強烈なインパクトを残した鼠先輩。自らを“一発屋”と称し、現在は「プー太郎みたいなもの」だという。本作の主人公と同様、15歳から付き合っている妻と子供を持つ、夫であり、父親でもある鼠先輩が、本作の中に何を見たのか。「窮鼠猫を噛む」を体現するようなヒントはあったのか、話を聞いた。
「窮鼠猫を噛む」を体現するようなヒントはあったのか、話を聞いた。口をついて出たのは「ポッポ」ではなく、「俺だったら出来ない」という意外な言葉だった。
口をついて出たのは「ポッポ」ではなく、「俺だったら出来ない」という意外な言葉だった。——映画『スリーデイズ』を観た率直な感想を教えてください。
——映画『スリーデイズ』を観た率直な感想を教えてください。鼠先輩：善も悪もなく、法律も関係なく、一人の男がただ愛のために突き進んでいく物語ですよね。やりたくても、俺だったら出来ないと思いました。
やりたくても、俺だったら出来ないと思いました。——鼠先輩のイメージだと勢いでやってしまいそうなのですが。鼠先輩：勢いはあるんですけど、ここまで計算しては出来ないと思いますね。勢いだったら出来るけどね。俺だったら捕まっちゃうでしょ？
俺だったら捕まっちゃうでしょ？——そうですね。この格好では即逮捕ですね。
この格好では即逮捕ですね。鼠先輩：俺には、嫁も、映画に出てくる子供と同じくらいの子供もいますので、俺だったらどうするかなと考えさせられました。物語では、人も殺すし、闇の世界に手を染めるし、だけど、愛のために、嫁を救うために行動しますよね。そこはやっぱり美しいな、と思いますね。法律の善悪じゃないなという。男だったら、分かっていてもやらなきゃいけない時もあるだろうし。
男だったら、分かっていてもやらなきゃいけない時もあるだろうし。——映画をご覧になった中で、特にポッポした（＝興奮した、印象に残った）シーンは？鼠先輩：全部が印象的ではありますね。映画が好きで、中でもサスペンスが好きで、実は今回の作品を観る前に、結構ナメてかかっていたんですよ。でも、飽きずに観られましたね。全部のカットに意味があるのが素晴らしい。地味に金が掛かっていると思いました。
地味に金が掛かっていると思いました。——ラッセル・クロウ演じる主人公に共感できる部分はありましたか？鼠先輩：すべてに共感できますね。家族のために、人を殺すし、闇の世界の人間と繋がりを持って、平気で法を犯していく。大学の先生っていう地位も名誉もある普通の男が、愛のためだけに、悪いとされていることをどんどんしていくじゃないですか。でも、俺はそれを悪いとは思っていないんですよ。これはひとつの正義ですから。自分の思う正義のために突き進んでいくところは大好きですね。己の心に素直なんだな、と。嫁を最後まで信じて、愛を貫き通したところは素晴らしいと思います。今の嫁とは15歳の時から付き合っているんですけど、果たして俺には出来るだろうかと考えた時に、出来ないと思いましたね。
今の嫁とは15歳の時から付き合っているんですけど、果たして俺には出来るだろうかと考えた時に、出来ないと思いましたね。——実際に、奥さんが逮捕されたら、何をすると思いますか？鼠先輩：裁判をしますね。でも、この主人公も上告したけどダメだったんでしょ？上告しても無理だからな。
上告しても無理だからな。好きな女のために自分が犯罪に手を染めることが出来るかな、と思った時に、俺だったら無理だと思った。なかなか一般的に出来ることではないですよね。
なかなか一般的に出来ることではないですよね。——では、とことん裁判で戦う？鼠先輩：それしかないですね。だって、日本の刑務所から脱獄するなんて無理ですもん。
だって、日本の刑務所から脱獄するなんて無理ですもん。——それは経験からですか？
——それは経験からですか？鼠先輩：経験じゃなくて。経験があったら、取材は受けていないですよ。格好だけは経験があるように見えるけど、経験があったらテレビなんて出られませんね。
格好だけは経験があるように見えるけど、経験があったらテレビなんて出られませんね。——そうですよね。鼠先輩：日本の刑務所から脱獄するのは絶対に無理でしょうね。ブラジルの刑務所から時々、脱獄していますけどね。日本は、そんな鳥小屋みたいな刑務所ではないですからね。ただ、やってみたいな、とは思いますけどね。
ただ、やってみたいな、とは思いますけどね。——やってみたい？鼠先輩：『大脱走』とか、脱獄ものの映画でよくあるじゃないですか。スリリングですよね。知らない世界ですから、観ていてすごくドキドキしますよね。
知らない世界ですから、観ていてすごくドキドキしますよね。映画『スリーデイズ』 鼠先輩が“ポッポ”した映画『スリーデイズ』（9月23日公開）。公式サイトでは、予告編動画や作品を楽しむためのポイントが紹介されています。
公式サイトでは、予告編動画や作品を楽しむためのポイントが紹介されています。男は実行する——。冤罪で収監されている妻を、幸せだった家族を取り戻すために。タイムリミットは3日。それは限りなく不可能な脱獄計画。http://threedays.gaga.ne.jp/
『ニューイヤーズ・イブ』のワールドプレミアに豪華キャストが勢揃い 現地時間5日、LAのグローマンズ・チャイニーズ・シアターで映画『ニューイヤーズ・イブ』（12月23日公開）のワールドプレミアが行われ、監督や豪華キャストが勢揃いした。本作は、『プリティ・ウーマン』のゲイリー・マーシャル監督が豪華キャストを集結して贈る、感動のドラマ。舞台となるのは、ニューヨークの大晦日。
舞台となるのは、ニューヨークの大晦日。行き交う人々の頭の中は、年越しカウントダウンを誰とどこで迎えるかでいっぱいだった。楽しい予定が詰まっているのに、去年の大晦日に出会った女性が忘れられない男。偶然の再開を果たす、かつて恋人同士だった男女。娘と迎えた幸せな大晦日を思い出す死期の迫った孤独な老人。職場と自宅を往復するだけの毎日を送ってきた女。心配性の母親と暮らす15歳の少女。大晦日が大嫌いな男。彼らは、1年の最後の日に、失くした絆の大切さに気付き、なんとか絆を取り戻そうと翻弄する。そんな彼らに起こる奇跡の物語だ。
そんな彼らに起こる奇跡の物語だ。レッドカーペットには、世界各国から多くのプレスが集まり、熱気に包まれた。監督や、ザック・エフロンやアシュトン・カッチャー、妻のファーギーを連れたジョシュ・デュアメルら主要キャストが登場すると、さらに熱気は増し、大盛り上げリのワールドプレミアとなった。
監督や、ザック・エフロンやアシュトン・カッチャー、妻のファーギーを連れたジョシュ・デュアメルら主要キャストが登場すると、さらに熱気は増し、大盛り上げリのワールドプレミアとなった。レッドカーペットでの彼らのインタビューがこちら。
レッドカーペットでの彼らのインタビューがこちら。■ザック・エフロン（ポール役） ——来週、日本へ来られますよね？日本のファンへメッセージをお願いします。みんな、もうすぐ会いに行くよ！日本がすごく恋しいし、日本へ行くのが待ちきれないよ。大好きだよ。
大好きだよ。——このような豪華キャストが総出演する作品に出てみていかがでしたか？一緒のシーンはなかったけれど、あのロバート・デニーロが出演する映画に自分も出られるってところや、素晴らしいキャラクターばかりだし、楽しそうな映画だと思ったんだ。僕個人としては、伝説的な存在で、確実に偉大な女優の一人であるミシェル・ファイファーと共演出来たことも、とても嬉しかったんだ。
僕個人としては、伝説的な存在で、確実に偉大な女優の一人であるミシェル・ファイファーと共演出来たことも、とても嬉しかったんだ。■リー・ミシェル（エリース役） ——とても素敵なドレスですね。どうもありがとう。バレンティのドレスよ。タイムズ・スクエアからボールが落ちた時みたいな“ニューイヤー”ぽさが気に入ったの。
タイムズ・スクエアからボールが落ちた時みたいな“ニューイヤー”ぽさが気に入ったの。——監督があなたにとても好感を持ったと言っていましたが、彼との仕事はどうでしたか？彼は、本当に優しくて愛情あふれる人で、私の最初の映画の監督が彼で本当 に光栄だわ。今日は、大きいスクリーンで自分の姿を見るのが初めてで、ちょ っと緊張するけど、gleeのメンバーが来てるから、すごくワクワクしているわ。
今日は、大きいスクリーンで自分の姿を見るのが初めてで、ちょ っと緊張するけど、gleeのメンバーが来てるから、すごくワクワクしているわ。——アシュトン・カッチャーと仕事をしてみて驚いたことはありますか？彼は、信じられないくらい頭が良いの。みんな、彼が面白くてカリスマ的な人だと思っているけど、本当に博学で、仕事熱心なのよ。
■アビゲイル・ブレスリン（ヘイリー役） ——今年の大晦日は何をする予定ですか？お家で家族とカウチに座りながら、ボール・ドロップを見るわ。
お家で家族とカウチに座りながら、ボール・ドロップを見るわ。——日本へ行ったことがあると聞きましたが、もし、また日本へ行く機会があったら、何かやりたいことはありますか？日本が大好きなの。東京の原宿が大好きだし、人も最高で、すごく楽しいわ。最高の街だと思う！
最高の街だと思う！——日本のファンへメッセージをお願いします。ハーイ、日本の皆さん、明けましておめでとう！良い年を過ごしてね。
良い年を過ごしてね。■ゲイリー・マシャル監督 ——日本へは行ったことがありますか？東京へは何度も行ったことがあるよ。あと横浜と京都にも行ったことがある。大スターのジュリー・アンドリュースと一緒だったから、とても良くしてくれたよ。
大スターのジュリー・アンドリュースと一緒だったから、とても良くしてくれたよ。——日本のファンへメッセージをお願いします。日本の皆さんは今年、大変なことが起きました。来年は、もっともっと良い年になって、皆さんが健やかに過ごせることを祈っています。幸運をお祈りしています。私の友達であるザック・エフロンが日本へ行くので、皆さん楽しみにしていてください。
私の友達であるザック・エフロンが日本へ行くので、皆さん楽しみにしていてください。ザックの来日が決定し、14 日に舞台挨拶、15 日には記者会見を予定している。
本作を観れば、あなたにとって2012年が希望の1年になるかも。映画『ニューイヤーズ・イブ』は、12月23日（祝・金）より、丸の内ピカデリーほか全国ロードショー。
映画『ニューイヤーズ・イブ』は、12月23日（祝・金）より、丸の内ピカデリーほか全国ロードショー。・映画『ニューイヤーズ・イブ』 - 作品情報・映画『ニューイヤーズ・イブ』特報映像 - MOVIE ENTER公式チャンネル・『ニューイヤーズ・イブ』特別映像 - MOVIE ENTER公式チャンネル
・映画『ニューイヤーズ・イブ』 - 作品情報・映画『ニューイヤーズ・イブ』特報映像 - MOVIE ENTER公式チャンネル・『ニューイヤーズ・イブ』特別映像 - MOVIE ENTER公式チャンネル【関連記事】・ザック・エフロン、映画『ニューイヤーズ・イブ』PRのため来日決定・『ニューイヤーズ・イブ』出演のボン・ジョヴィ、サラ・ジェシカ・パーカーらの特別映像が解禁
【終了しました】ジュリア・ロバーツが悪役に初挑戦！『白雪姫と鏡の女王』特別試写会にご招待 『ザ・セル』『インモータルズ ‐神々の戦い‐』のターセム・シン監督の最新作『白雪姫と鏡の女王』が9月14日より公開される。白雪姫を演じるのは、ミュージシャンのフィル・コリンズの娘リリー・コリンズ。白雪姫の継母でわがままな女王役をジュリア・ロバーツが演じる。本作は、今までの“白雪姫”とは何かが違う、色鮮やかでロマンチックなファンタジー・エンターテインメント。白雪姫は、宝石やドレスが大好きな継母である女王と2人暮らしをしている。女王は、隣国のリッチでハンサムな王子と結婚することで、富も愛も手に入れようと企むが、王子は白雪姫と恋に落ちる。彼らの邪魔をしようとする女王から逃れた白雪姫は、森で出会った7人の小人のギャング団に仲間入り。そこで戦術や知恵を教えられ“ヒーロー”へと成長した白雪姫は、王国と王子を取り戻し、運命を切り開くことができるのか。“白雪姫”といえば毒リンゴ。しかし、本作の白雪姫は毒リンゴには騙されない！魔法と童話とVFXを見事に融合させた、世界にひとつしかない映像美は圧巻。さらに、日本が世界に誇る芸術家、故石岡瑛子が衣装を担当している。メインキャラクターの衣装はもちろんのこと、エキストラ300着以上の衣装までデザインし、そのほとんどを手作業で作り上げたという。本作で4度目となるターセム監督とのコラボレーションは、故石岡にとって遺作となる。生前、「本作で完璧なものになった」と語る本作の衣装にも注目したい。
生前、「本作で完璧なものになった」と語る本作の衣装にも注目したい。今回、本作の特別試写会に20組40名様をご招待。本作で初の悪役に挑戦するジュリア・ロバーツの演技は必見！この機会をお見逃しなく！
映画『白雪姫と鏡の女王』は、9月14日（金）より丸の内ルーブルほか全国ロードショー。
映画『白雪姫と鏡の女王』は、9月14日（金）より丸の内ルーブルほか全国ロードショー。プレゼント概要 映画『白雪姫と鏡の女王』特別試写会 日時 9月4日（火）開場18:00／開演18:30（上映時間：106分） 場所 よみうりホール（東京都千代田区有楽町1-11-1 読売会館7階） 募集人数 20組40名様
プレゼント概要 映画『白雪姫と鏡の女王』特別試写会 日時 9月4日（火）開場18:00／開演18:30（上映時間：106分） 場所 よみうりホール（東京都千代田区有楽町1-11-1 読売会館7階） 募集人数 20組40名様【応募期間】 2012年7月25日（水）〜 8月24日（金）午後1時まで
【応募期間】 2012年7月25日（水）〜 8月24日（金）午後1時まで※当選者には、ツイッターのDM（ダイレクトメッセージ）でご連絡いたします。
※当選者には、ツイッターのDM（ダイレクトメッセージ）でご連絡いたします。【応募条件】 ・日本に居住されている方（賞品配送先が日本国内の方）。
【応募条件】 ・日本に居住されている方（賞品配送先が日本国内の方）。・応募に関する注意事項に同意いただける方。
・応募に関する注意事項に同意いただける方。【注意事項】 ※本キャンペーンに関して、弊社が不適切な行為がされていると判断いたしましたアカウントは、キャンペーン対象外とさせていただきます。※弊社は、応募いただいた方のツイート内容には一切の責任を負いません。※当選発表は、当選者様への当選のご連絡をもってかえさせていただきますので、ご了承ください。※当選通知後、4日間ご連絡がない場合は、当選を無効とさせていただきます。※当選結果に関するお問い合せは受け付けておりませんので、ご了承ください。※当キャンペーンの掲載内容や条件は、予告なく変更する場合がございます。あらかじめご了承ください。※当選の権利の譲渡はできません。※キャンペーン参加にあたっては、必ず弊社個人情報保護方針「プライバシーポリシー」をお読みください。※当選時にご連絡いただく住所、氏名、電話番号は、その確認などの関連情報のご案内のみに使用し、キャンペーン終了後は弊社の定める方法に基づき消去いたします。※インターネット通信料・接続料およびツイートに関しての全ての費用はお客様のご負担になります。※次の場合はいずれのご応募も無効となりますのでご注意ください。・応募時の内容に記載不備がある場合。・お客さまのご住所が不明、または連絡不能などの場合。
※本プレゼントは、終了しました※ 作品情報 ・映画『白雪姫と鏡の女王』 - 公式サイト その他のプレゼント ・藤原竜也、松田龍平、水原希子がぶつかり合う！『I′M FLASH！』完成披露試写会にご招待 ・原作者をも唸らせる仕上がりに期待！『るろうに剣心』舞台挨拶付きプレミア試写会にご招待 ・剛力彩芽が日本語吹き替えを務める映画『プロメテウス』のスペシャルイベントにご招待 ・ハリウッドも注目する“笑って泣ける”話題作『最強のふたり』ジャパンプレミアにご招待 ・“最強”のヒーローが日本上陸！『アベンジャーズ』ジャパンプレミアにご招待 ・新たなヒロインは“美しい”暗殺者、映画『コロンビアーナ』試写会にご招待
『アベンジャーズ』ジャパンプレミアにご招待 ・新たなヒロインは“美しい”暗殺者、映画『コロンビアーナ』試写会にご招待お笑いコンビNON STYLEが過激な爆破対決！ 西山茉希へ“無駄な”アプローチ 「うぉ！」 ステージ場で起こった大爆発に思わずカメラを構えていた記者も声を出しそうになった。爆発の強烈な音が腹に響き、炎の熱気が顔に覆いかぶさる。9日、東京・江東区のディファ有明にて、映画『Black&White/ブラック&ホワイト』のジャパン・プレミアイベントが行われた。ゲストには、モデルの西山茉希とお笑いタレントのNON STYLEが招かれた。
ゲストには、モデルの西山茉希とお笑いタレントのNON STYLEが招かれた。『Black&White/ブラック&ホワイト』は、親友でもある凄腕CIAエージェント二人が、同じ女性に恋をしてしまう物語。スパイの諜報テクニックや小国ならば滅ぼせるほどの兵器まで総動員した歯止めのきかない奪い合いは、やがて史上最大の「職権乱用」バトルへ発展する。圧倒的なスピード感と迫力の映像で贈る、究極の二者択一。エスカレートする危険な恋の行方は——。
エスカレートする危険な恋の行方は——。抜群のルックスでモデルやバラエティに大活躍の西山茉希は映画のヒロインのローレンをイメージしたセクシーな衣装を身にまとって登場。「モテキが来て2人の男性を選べない。この場を借りて決めようと思う」と宣言。すると、その「選べない一人」である黒のスーツを着たCIAエージェント風のNON STYLE井上が登場。「よしもとブサイクランキング2012」で1位を獲得したにも関わらず、相変わらずのナルシストぶりで西山に迫った。
「よしもとブサイクランキング2012」で1位を獲得したにも関わらず、相変わらずのナルシストぶりで西山に迫った。「CIAは、ちょっといけてるアシンメトリー」という寒いギャグを放ち会場を静まりかえらせる井上。さらに「台本通りです」という言い訳をする。そんな井上に天罰を与えるかのように突如赤いレーザーポインターが井上を襲う。大爆発が起こり、会場の上方から、今度は白いスーツを身にまとったNON STYLE石田がマシンガンを片手に登場。ロープスライダーを使って西山と井上の前に降り立った。
ロープスライダーを使って西山と井上の前に降り立った。NON STYLEの二人はすかさず武器を手に取り映画の設定そのままに「ド派手な奪い合い」を開始。屋内にも関わらずステージ場は炎を巻きあげる大攻防となった。
屋内にも関わらずステージ場は炎を巻きあげる大攻防となった。その二人の対決を見て西山がどちらかを選ぶことになったが、結果は井上が勝利。会場から「えー」という不満の声が巻き起こった。石田も「今、お前の好感度はゴキブリの一個下くらいだ！」と捨てゼリふを吐きつけた。
」と捨てゼリふを吐きつけた。井上は勝ち誇って西山の肩に手を置くなど厚かましいことをしていたが、西山と言えば、大衆演劇の女形・早乙女太一との交際が話題となっている。先日の写真集発売イベントでは、早乙女が交際について「順調」と宣言している。今日の西山は、井上を選んだがあくまでサービスのような余裕の表情だった。
危険なアクションであるため、このイベントでNON STYLEにかけられた保険金は1億円。そんな大金がかかるほどのアクションに挑戦したにも関わらず、二人の想いは届かず。無駄な努力だったのかも知れない。
無駄な努力だったのかも知れない。『Black&White/ブラック&ホワイト』で、ヒロインを奪い合うCIAエージェントのFDRとタックの結末が、このNON STYLEのように悲しい形で終らずにハッピーエンドになって欲しい。
『Black&White/ブラック&ホワイト』で、ヒロインを奪い合うCIAエージェントのFDRとタックの結末が、このNON STYLEのように悲しい形で終らずにハッピーエンドになって欲しい。戦いが終了した後には、トークセッションが行われた。司会から「NON STYLEの二人は、昔から親友だったのですよね」という問いに対して、石田は「中学の時からちょっとだけ嫌いだった」と切り替えす。恋の対決があったかどうかについては、井上が、石田と付き合っている女性に知らずにメールを送っていたという事実が明かされた。石田は彼女のかわりにメールを井上に返していたらしく「ハートマークの多くて気持ち悪かった」と語った。
石田は彼女のかわりにメールを井上に返していたらしく「ハートマークの多くて気持ち悪かった」と語った。途中、西山が映画の結末を言ってしまうというハプニングがあったが、激しいバトルの後は、和やかな雰囲気でイベントを終えることができた。
途中、西山が映画の結末を言ってしまうというハプニングがあったが、激しいバトルの後は、和やかな雰囲気でイベントを終えることができた。映画『Black&White/ブラック&ホワイト』は、4月20日（金） TOHOシネマズ 日劇他全国ロードショー。
映画『Black&White/ブラック&ホワイト』は、4月20日（金） TOHOシネマズ 日劇他全国ロードショー。・『Black ＆ White/ブラック ＆ ホワイト』 - 公式サイト・『Black ＆ White/ブラック ＆ ホワイト』 - MOVIE ENTER 特集・Twitter投稿キャンペーン“白黒”iPadをGETせよ！
『ワイルド・スピード MEGA MAX』の“メガ・マックス”な楽しみ方
今年1月9日から2週間に渡り米デトロイトにて開催された世界最大級の自動車展示会「北米国際自動車ショー」。各国の自動車メーカーがエコカーの新型モデルを発表する中、日本を代表するトヨタとホンダが2台の高級スポーツカー「NSXコンセプト」と「レクサスLF-LC」を初披露し、喝采とともに会場を沸かせた。
各国の自動車メーカーがエコカーの新型モデルを発表する中、日本を代表するトヨタとホンダが2台の高級スポーツカー「NSXコンセプト」と「レクサスLF-LC」を初披露し、喝采とともに会場を沸かせた。若者の車離れが叫ばれて久しいが、こんな時代だからこそ、人々は魅力的な車の登場に胸を躍らせ、日常を忘れさせるスピードの彼方に夢を馳せるのではないだろうか。
若者の車離れが叫ばれて久しいが、こんな時代だからこそ、人々は魅力的な車の登場に胸を躍らせ、日常を忘れさせるスピードの彼方に夢を馳せるのではないだろうか。草食男子が増殖するとともに、出生率の減少により高齢化が加速し、年金改革による消費税増税など問題が山積みの今、求められているのは“ワイルド”な肉食男子。そこでオススメしたいのが、“ワイルド”なヤツらが“MEGAスピード”で疾走する、アクションの常識を覆す最強のエンターテイメント『ワイルド・スピード MEGA MAX』だ。
そこでオススメしたいのが、“ワイルド”なヤツらが“MEGAスピード”で疾走する、アクションの常識を覆す最強のエンターテイメント『ワイルド・スピード MEGA MAX』だ。2001年のシリーズ誕生から10周年を迎えた昨年10月、シリーズ5作目となる『ワイルド・スピード MEGA MAX』が劇場公開され、日本を含む全世界63ヶ国でナンバーワンを獲得、シリーズ史上最高の世界興収を記録した。早くも続編の製作も決定する中、2月3日には同作がブルーレイ＆DVDとなって発売された。5作目にして最大のヒットを記録しているように、過去4作品を観ていなくても楽しめることは保証するが、『ワイルド・スピード MEGA MAX』を“メガ・マックス”に楽しむために、ここでシリーズ4作品を改めて振り返ってみる。
5作目にして最大のヒットを記録しているように、過去4作品を観ていなくても楽しめることは保証するが、『ワイルド・スピード MEGA MAX』を“メガ・マックス”に楽しむために、ここでシリーズ4作品を改めて振り返ってみる。『ワイルド・スピード』（2001年公開） 原点の舞台は、ストリート・カーレースに大金を賭ける若者たちが夜な夜な集まる、カリフォルニア州ロサンゼルス。その中でも一目置かれる凄腕ドライバーのドミニク（ヴィン・ディーゼル）に、脅威のドライビング・テクニックを持つブライアン（ポール・ウォーカー）が勝負を挑む所からすべては始まった。
その中でも一目置かれる凄腕ドライバーのドミニク（ヴィン・ディーゼル）に、脅威のドライビング・テクニックを持つブライアン（ポール・ウォーカー）が勝負を挑む所からすべては始まった。実はブライアンの正体は警察官で、多発する改造スポーツカーによる強盗事件の潜入捜査のため、ストリート・レーサーの仲間としてドミニクに近づいたのだった。ドミニクの妹ミア（ジョーダナ・ブリュースター）とブライアンのロマンスも手伝い、やがて二人の間には友情が芽生えるが、窮地に立たされたブライアンがとった行動とは…。
ドミニクの妹ミア（ジョーダナ・ブリュースター）とブライアンのロマンスも手伝い、やがて二人の間には友情が芽生えるが、窮地に立たされたブライアンがとった行動とは…。『ワイルド・スピード X2』（2003年公開） 今宵も熱狂的なギャラリーたちが詰めかける中、大金を賭けたストリート・レースで勝利を手にしたのは元警察官のブライアンだった。前作『ワイルド・スピード』で、警察官としての職務か、ドミニクたちとの友情か、選択を迫られた彼は、強盗団を逃がしたことから追われる身に。逃亡先のフロリダ州マイアミで、ストリート・レーサーとしてカリスマ的存在になっていた彼に、警察は過去の罪を免除する見返りとして、再び潜入捜査を依頼。仕方無く仕事を引き受けたブライアンは、幼馴染みのローマン（タイリース・ギブソン）とともに貿易商を装う麻薬組織に雇われドライバーとして潜入するのだった。
『ワイルド・スピード X3 TOKYO DRIFT』（2006年公開） 舞台は、日本の首都・東京へと移動。今作の主人公となる高校生のショーンは、無茶な暴走好意で地元にいられなくなり、父親の住む東京へとやってくる。究極のドライビング技術“ドリフト”と出会った彼は、ドリフト・キングの異名をとるD.K.と勝負するが、惨敗。しかし、D.K.の仲間ハン（サン・カン）に気に入られ、北川景子演じるレイコなどの仲間とともにドリフトを猛練習し、再びD.K.と極限のドリフトレースで勝負する。歩行者が行き交う渋谷スクランブル交差点を超絶ドリフトで疾走するなど、走りを追求した最速マシンが東京中を駆け抜け、“ドリキン”土屋圭市、妻夫木聡、真木よう子らのカメオ出演も話題を呼んだ。
歩行者が行き交う渋谷スクランブル交差点を超絶ドリフトで疾走するなど、走りを追求した最速マシンが東京中を駆け抜け、“ドリキン”土屋圭市、妻夫木聡、真木よう子らのカメオ出演も話題を呼んだ。『ワイルド・スピード MAX』（2009年公開） 再び、舞台はアメリカへと戻る。初作『ワイルド・スピード』で強奪犯として指名手配されていたドミニクは、LAから逃亡後も南米で恋人のレティ（ミシェル・ロドリゲス）らとともに改造スポーツカーによる強奪を繰り広げていたが、警察の追手を感じ、黙って仲間たちの元を去る。その後、ある事件をきっかけに麻薬組織への復習を誓った彼は、再びLAに舞い戻ろうと決意。
その後、ある事件をきっかけに麻薬組織への復習を誓った彼は、再びLAに舞い戻ろうと決意。一方その頃、前々作『ワイルド・スピード X2』での活躍によりFBI入りを果たしたブライアンも同じ麻薬組織を追い続けており、計らずもドミニクとの再会を果たす。二人の運命がハイスピードで交錯する時、意外な真実へと突き進む暴走が始まろうとしていた。
二人の運命がハイスピードで交錯する時、意外な真実へと突き進む暴走が始まろうとしていた。『ワイルド・スピード MEGA MAX』（2011年公開） そして最新作『ワイルド・スピード MEG
『ワイルド・スピード MEGA MAX』（2011年公開） そして最新作『ワイルド・スピード MEGA MAX』のオープニングは、前作『ワイルド・スピード MAX』のエンディングから直結しており、お尋ね者となった天才ドライバー・コンビ、指名手配犯ドミニクと元FBI捜査官のブライアンはブラジル・リオに潜伏。裏社会の大物から1億ドルもの大金をせしめるという最後のヤマを企てた彼らは新たなチームを組織し、大胆不敵な作戦を実行に移すのだった…
裏社会の大物から1億ドルもの大金をせしめるという最後のヤマを企てた彼らは新たなチームを組織し、大胆不敵な作戦を実行に移すのだった…本作の見所は、特集ページにて紹介しているので、詳しくはそちらをチェックしてもらいたい。・『ワイルド・スピード MEGA MAX』特集ページ
謎のモザイク美女を当てろ！その正体は、日本で最も輝く25歳のタレント ジャスティン・ティンバーレイク主演で、2012年2月17日より全国公開となる映画『TIME/タイム』。科学技術の進化によって、すべての人間の成長は25歳で止まり、“余命の時間”が通貨の代わりとなるという設定とスリリングな展開が話題を集めている。そんな本作のヒロインであるシルビアの吹替版声優に、ある超人気女性タレントが決定した。そのタレントは、“日本で最も輝く25歳”と言える女性なのだが、まだその全貌は明かされておらず、ヒントとなるポスターが解禁された。左側のモザイクで表現されている女性がその人物だが、一体、誰なのだろうか。公式サイトでは、吹替版声優の発表前に『この美女は誰？《日本で最も輝く25歳》を当てろ！キャンペーン』を実施。見事、吹替え版声優を的中させた応募者の中から抽選で100名様を、2月実施予定の本作のプレミアイベントに招待する。プレミアイベントにはこの吹替版声優も出演する予定だ。応募期間は、2012年1月10日までを予定している。謎解きのヒントはこちら。・現在25歳 ・国民的な人気を誇る女性 ・強く握ったコブシで念願のNo.1を獲得 詳しい参加方法は公式サイトを確認して欲しい。映画『TIME/タイム』は、2012年2月17日（金）TOHOシネマズ 日劇ほか全国ロードショー。
映画『TIME/タイム』は、2012年2月17日（金）TOHOシネマズ 日劇ほか全国ロードショー。・映画『TIME/タイム』キャンペーンサイト 【MOVIE ENTER おすすめ記事】 ・「海底基地が古代文明の正体」 未知の文明に対する専門家の答え ・ミラ・ジョヴォヴィッチが、連続レイプ犯に狙われる ・“日本のトップ総取替え”発言が現実になった ・最強コンビに忍び寄る影の正体とは？ 『シャーロック・ホームズ』最新作ポスター公開
SDN48芹那が激白「彼氏を作って独り身を“脱出”したい」 彼氏を作りたい！SDN48の芹那が18日、東京・六本木の「TSUTAYA TOKYO ROPPONGI」で、映画『スピーク』のDVDレンタル発売を記念し、トークイベントを行った。謎多き廃墟ホテルからの脱出を試みる作品にちなみ、独り身からの“脱出”を宣言した。
謎多き廃墟ホテルからの脱出を試みる作品にちなみ、独り身からの“脱出”を宣言した。『スピーク』は、オレゴン州に実在するいわくつきの廃墟ホテルで撮影されたシチュエーションスリラー。映画監督シェリーは、ドキュメンタリー撮影のため、クルー5人と共に深夜に廃墟ホテルに入るが、ホテルの扉が閉ざされ、暗闇の中に閉じ込められてしまう。そこで聞こえる“ある声”（＝スピーク）……。果たして、シェリーたちは、この廃墟から脱出することができるのか？
果たして、シェリーたちは、この廃墟から脱出することができるのか？芹那は、スリラー作品はあまり得意ではないというものの、もし一緒に見る相手が好きな人ならば、「映画館よりも、家でDVDとかの方がいいな。怖さをいいことに、スキンシップもできる」とまんざらでもない様子。好きな男性のタイプは「容姿にこだわりはなくて、話を聞いてくれる人がいい」と明かし、結婚については「32歳くらいまでにしたい。身の周りのいろいろなことが整っていると思うので」と現実味あふれるコメントで笑いを誘った。
AKB48の姉妹グループとして活動中のSDN48は、3月末のコンサートでメンバー全員の卒業が決まっている。これまでも“お姉さん”グループとして、恋愛は“自由”だったが、「彼氏を作ることができなかった。一人や二人は作りたかった」と振り返り、今後は「アイドルというカテゴリから外れるし、彼氏を作って独り身を“脱出”しようかな、と思います」と作品の内容に掛けながら抱負を語った。
一人や二人は作りたかった」と振り返り、今後は「アイドルというカテゴリから外れるし、彼氏を作って独り身を“脱出”しようかな、と思います」と作品の内容に掛けながら抱負を語った。DVDレンタルは20日から、全国のTSUTAYAのみで開始される。・映画『スピーク』公式サイト
映画『TIME/タイム』、篠田麻里子のコメント入りCMが解禁「作品を邪魔しない声になっている」AKB48の篠田麻里子が、2月17日より全国公開となるアクション・サスペンス大作『TIME/タイム』の日本語吹き替え版に初挑戦している。篠田が選ばれた理由は、今最も輝く25歳であるということ。映画のキーワードである「全ての人間の成長は25歳で止まる」ということにちなんだ選出だ。そんな篠田のコメント入りTV-CMが解禁となった作品は、ただ一つの通貨が“時間”という近未来の世界で巻き起こる物語。科学技術の進化によって、すべての人間の成長は、25歳で止まる社会の中で、格差を作りだしているのは全人類の左腕に埋め込まれた体内時計“ボディ・クロック”。その時計はそれぞれの「余命の時間」をカウントダウンする。貧しき者の寿命は日雇い労働でつなぎとめる“23時間”。一方で富める者の寿命は“永遠”。この世界の謎に一人で挑むスラム地域の青年ウィルと、その男に惹かれていく大富豪の娘シルビア。果たして二人は残りわずかな余命の中で、時間監視局員（タイムキーパー）の執拗な追跡と余命のカウントダウンから逃れ、この世界のシステムの謎を暴き出せるのか——。
果たして二人は残りわずかな余命の中で、時間監視局員（タイムキーパー）の執拗な追跡と余命のカウントダウンから逃れ、この世界のシステムの謎を暴き出せるのか——。今回のTV-CMの収録時に篠田は「全ての人間の成長が25歳で止まるというのは、ちょっと羨ましくもあります。現実になる可能性もあるのかなと思える世界です。でも実際に『TIME/タイム』の世界の設定が実現されてしまうと、時間に追われることになるので、意外に怖い世界になると思いました。吹替え収録はとても緊張して、何度も録り直しましたが、作品を邪魔しない声になっていると思います。ぜひ楽しみにしていてください。」とコメントしている。
」とコメントしている。映画『TIME/タイム』は、2月17日（金）TOHOシネマズ 日劇他、全国ロードショー！
映画『TIME/タイム』は、2月17日（金）TOHOシネマズ 日劇他、全国ロードショー！【MOVIE ENTER おすすめ記事】 ・グラビアアイドル＆レースクイーンが“MEGA MAX”なスピード体験に「エクスタシ〜！」 ・スクリーンから貞子が飛び出す！映画『貞子3D』の特報映像が公開 ・インタビュー：栗山千明「私がそうではないからこそ、強い女性に憧れます」 ・マリリン・モンローを演じてアカデミー候補！ミシェル・ウィリアムズ来日決定
ミシェル・ウィリアムズ来日決定照英、『カウボーイ＆エイリアン』の宣伝ナビゲーターに就任し「涙が出るほど感動した」10月22日より公開となる映画『カウボーイ＆エイリアン』の宣伝ナビゲーターに、タレントの照英が就任した。本作は、豪華なスタッフとキャストによるSFアクション超大作。物語の舞台となるのは、1873年のアリゾナ。西部の町に未知の敵が襲いかかり、人々が次々と連れ去られてしまう。その敵に立ち向かえるのは、自分が誰かさえも分からない記憶を失った1人のカウボーイだった。巨大な敵が夜空を満たす時、彼のはめている腕輪が青い閃光を放ち始めた。一体、このカウボーイは何者なのか。巨大な敵の目的とは何なのか。本作は、アメリカで伝説として語られているビジュアルブック「COWBOY＆ALIENS」に魅了されたスティーヴン・スピルバーグによって、映画化が実現された。彼は、ロン・ハワードや『アイアンマン』のジョン・ファブローらを集結させ、驚愕の映像世界を再現。キャストには、ダニエル・クレイグやハリソン・フォードといった豪華な顔ぶれが勢揃いしている。
キャストには、ダニエル・クレイグやハリソン・フォードといった豪華な顔ぶれが勢揃いしている。照英は、本作の宣伝ナビゲーターに就任したことが決定し、「『インディ・ジョーンズ』や『E.T.』などスピルバーグ映画で育った僕にとって、涙が出るほど興奮しました！熱い男は最高です。本作の魅力を熱く伝えていけるよう、宣伝ナビゲーターとしてがんばります」とコメントを残した。今後、実際にはないものがスマートフォンを通してみると見えるというAR（拡張現実）を活用し、本作の魅力を熱く伝えていく予定となっている。現在、一部インターネット上で「泣きながら○○している照英の画像ください」というフレーズで絶大な人気を誇っている照英。本作のナビゲーターとしても話題になりそうだ。
映画『カウボーイ＆エイリアン』は、10月22日(土)より、丸の内ピカデリーほか全国ロードショー。・『カウボーイ＆エイリアン』 - 公式サイト ・『カウボーイ＆エイリアン』 - 作品情報 【関連ニュース】 ・『カウボーイ＆エイリアン』の新画像を独占入手、青く光る奇妙な金属に群がるカウボーイたち ・初の試み、映画『カウボーイ＆エイリアン』が浮かび上がるチラシ ・『カウボーイ＆エイリアン』の前売り券で“謎の腕環”をゲット ・スピルバーグ絶賛のコミックを実写映画化、注目のSFアクション映画『カウボーイ＆エイリアン』
アン・ハサウェイが完璧なボディ披露！ “美しすぎる”キャットウーマンの新ビジュアル公開 アン・ハサウェイが完璧なボディを披露！ ゴッサム・シティの悪を滅ぼす闇の騎士ダークナイトを描いた前作『ダークナイト』の続編『ダークナイト ライジング』（7月28日公開）に登場するキャットウーマンの“美しすぎる”新ビジュアルが公開された。
ゴッサム・シティの悪を滅ぼす闇の騎士ダークナイトを描いた前作『ダークナイト』の続編『ダークナイト ライジング』（7月28日公開）に登場するキャットウーマンの“美しすぎる”新ビジュアルが公開された。本作は、前作から8年後ゴッサム・シティを舞台に、最強の布陣でバットマンの完結編を描く。
本作は、前作から8年後ゴッサム・シティを舞台に、最強の布陣でバットマンの完結編を描く。撮影現場では、全世界のジャーナリストに対し、ストーリーが一切説明されず、厳重な緘口令のもとアメリカ、インド、イギリス、スコットランドでロケを敢行。編集作業は最終段階を迎えている。
編集作業は最終段階を迎えている。完成間近となった中で公開されたのが、アン・ハサウェイ演じるセリーナ・カイル（キャットウーマン）の新ビジュアル。昨年、現代的なイメージへと一新したコスチュームに身を包んだキャットウーマンが公開された時、ファンの間では賛否両論あったようだ。しかし、今回の新ビジュアルでは、金庫破りの最中と思われるシーンでボディラインがはっきりと分かる全身黒のボディスーツに身を包み、トレードマークの猫耳とマスクを着用しており、従来のキャットウーマンのイメージと近いことが分かる。
しかし、今回の新ビジュアルでは、金庫破りの最中と思われるシーンでボディラインがはっきりと分かる全身黒のボディスーツに身を包み、トレードマークの猫耳とマスクを着用しており、従来のキャットウーマンのイメージと近いことが分かる。これは、監督からのサプライズのようだ。
これは、監督からのサプライズのようだ。キャットウーマンを演じることが子供の頃からの夢だったアン・ハサウェイは、根本的に体型を改造する必要があるとして、仕事の合間を縫ってジムへ通い、ハードなトレーニングを積み重ねたそう。ハサウェイは、「最初に監督から『インセプション』の撮影の際、ジョゼフ・ゴードン＝レヴィットが2カ月トレーニングを積み、戦いのシーンなどを全て自分で演じきったことを告げられました。彼のオフィスを出た後、すぐにジムに向かいました」と語っている。こうして完璧なボディを手に入れた彼女は、ぴったりとしたコスチュームを身にまとい、アクションをこなしている。
こうして完璧なボディを手に入れた彼女は、ぴったりとしたコスチュームを身にまとい、アクションをこなしている。果たして、キャットウーマンはバットマンの敵なのか。それとも味方なのか。
主演を務めるのは、クリスチャン・ベール。マイケル・ケイン、ゲイリー・オールドマン、モーガン・フリーマンといったこれまでのキャストに加え、トム・ハーディ、マリオン・コティアール、ジョセフ・ゴードン＝レヴィットら豪華キャストが勢揃いする。
マイケル・ケイン、ゲイリー・オールドマン、モーガン・フリーマンといったこれまでのキャストに加え、トム・ハーディ、マリオン・コティアール、ジョセフ・ゴードン＝レヴィットら豪華キャストが勢揃いする。監督は、今やハリウッドでは、ジェームズ・キャメロンに次ぐマネーメイキング・ディレクターといわれるクリストファー・ノーランが務める。彼は本作について「この映画で、僕が子供の時に刻み込まれたハリウッド映画の壮大さ、興奮を映画に取り戻したいと思っている。本作は夏に公開されるが、きっと素晴らしい体験になると思う」と、自信を見せている。
本作は夏に公開されるが、きっと素晴らしい体験になると思う」と、自信を見せている。公開を前に異例の記録を続々と叩き出している本作は、本年度最高の興行収入も確実といわれている。2011年12月にiTunesで公開された本作の予告映像第2弾は、24時間で1,250万回ダウンロードを記録。1月には、ニューヨークとロサンゼルスで本作のミッドナイト先行上映前売りチケットが瞬く間に完売するなど、注目度が高いことが分かる。
1月には、ニューヨークとロサンゼルスで本作のミッドナイト先行上映前売りチケットが瞬く間に完売するなど、注目度が高いことが分かる。前作は、全世界興行収入が10億ドルを突破し、世界的な社会現象を巻き起こした伝説的作品。果たして、本作でその記録を超えることはできるのだろうか。
果たして、本作でその記録を超えることはできるのだろうか。映画『ダークナイト ライジング』は、7月28日（土）より丸の内ピカデリーほか全国ロードショー。
映画『ダークナイト ライジング』は、7月28日（土）より丸の内ピカデリーほか全国ロードショー。・映画『ダークナイト ライジング』 - 公式サイト・映画『ダークナイト ライジング』 - 公式ファンページ
・映画『ダークナイト ライジング』 - 公式サイト・映画『ダークナイト ライジング』 - 公式ファンページ【関連記事】・ファン必見！ 『ダークナイト ライジング』の特典グッズ付き前売り券がスゴイ・前作を凌ぐ勢い！ バットマンの最後の敵・ベインの最新ビジュアル公開・iTunes史上最高のダウンロード数を記録した『ダークナイト ライジング』の予告映像を公開・バットマンが遂に引退か、ダークナイトシリーズ最終章の衝撃ポスター・アン・ハサウェイの夢が叶った、映画『ダークナイト』新キャットウーマンのビジュアル解禁・映画の歴史を覆す『ダークナイト』シリーズ最終章、異例のポスターが公開・MOVIE ENTERのTOPへ
【いちおう妖ヶ劇場】第8話：本の中に、ほんの少し行って現実逃避の巻 元お嬢様の勅使河原 栄華（てしがわら えいか）は、映画のウンチクを語るネコ仙人を筆頭にした奇妙な住人たちが住む妖怪アパートで一人暮らしをしている。非モテのネコ仙人と妖怪ぐれむりんは、バレンタインデー妨害作戦を行ったが、栄華からチョコをもらえたことで改心（第6話参照）。ホワイトデーのお返しに「映画の世界への旅」をプレゼント。栄華の希望で『ネバーエンディング・ストーリー』の世界に行くことになったのだが——。
栄華の希望で『ネバーエンディング・ストーリー』の世界に行くことになったのだが——。・初めてなので第1話から読む ■次のページへ 『ネバーエンディング・ストーリー』（西ドイツ：1984年） 母を亡くして、父親とだけの寂しい生活を送る少年バスチアン。ある日、いじめっ子から逃げる途中で駆け込んだ本屋で「ネバーエンディング・ストーリー」という本を見つける。その本は、「無」と呼ばれる驚異により崩壊していくファンタージェンという世界を救うためにアトレーユという少年が旅をする物語だった。夢中で本を読むバスチアン。しかし、本を読み進めていくうちに、不思議なことが起こっていることに気付き始める。
しかし、本を読み進めていくうちに、不思議なことが起こっていることに気付き始める。1 2 3 4
開始5秒でメンバー全滅か！？ 『G.I.ジョー』続編の衝撃映像公開 「CALL ME JOE（“ジョー”と呼べ）」 2009年に公開され、全世界で大ヒットを記録したアクション超大作『G.I.ジョー』の続編『G.I.ジョー バック2リベンジ』（8月10日公開）の日本版超特報映像と前作に引き続き出演するイ・ビョンホンの場面写真が公開された。本作は、人気玩具「G.I.ジョー」のアニメ版である「地上最強のエキスパートチーム G.I.ジョー」を実写化した作品。機密組織G.I.ジョーは、国を裏切ったとして、アメリカ大統領から処刑命令が発令される。パキスタンで極秘任務中の彼らは、大統領の陰謀にはめられ、襲撃を受ける。生き残ったメンバーはわずか数名。このG.I.ジョーの解体によって、テロ組織“コブラ”が再び勢力を広め始める。東京に始まり、上海、ワシントンDCなどの世界各地に脅威は波及し、遂にはロンドンへ核爆弾が落とされ、世界は彼らにひれ伏すしかなくなってしまう。絶体絶命のG.I.ジョーのメンバーは、初代G.I.ジョーであるジョー司令官に助けを求めに行く。新たなボスを迎えた新生“G.I.ジョー”が最大のリベンジに挑む。
新たなボスを迎えた新生“G.I.ジョー”が最大のリベンジに挑む。今回、公開された映像がこちら。映像開始早々、チャニング・テイタム演じるデュークが所属するG.I.ジョーが全滅に追い込まれてしまう。ブルース・ウィリス演じるジョー司令官や、イ・ビョンホン演じる冷酷な暗殺者ストーム・シャドーのアクションシーンも観ることができる。イ・ビョンホンの鍛え抜かれた美しい肉体と激しいアクションに注目だ。ハリウッドの新旧アクションスターが壮絶なリベンジバトルを繰り広げる本作。ブルース・ウィリスが加わり、前作を超えるアクションが期待できそうだ。
ブルース・ウィリスが加わり、前作を超えるアクションが期待できそうだ。・映画『G.I.ジョー バック2リベンジ - 公式サイト 【関連記事】 ・今夏、新生“G.I.ジョー”が日本に上陸する
一夜限り！広末涼子ら出演の懐かしいドコモCMがオンエア 「ブルった？」この言葉を聞いて、ピンと来る人はいるだろうか。1994年に放送されたNTTドコモのテレビCM「葉月、ブルった？篇」から流行した言葉だ。そんな懐かしのドコモCMが、7月1日夜9時よりTBSで放送されるドラマ『夢の扉 特別編「20年後の君へ 」』でオンエアされることが決定した。
そんな懐かしのドコモCMが、7月1日夜9時よりTBSで放送されるドラマ『夢の扉 特別編「20年後の君へ 」』でオンエアされることが決定した。「夢の扉」は、2004年10月から放送を開始したNTTドコモが提供するヒューマンドキュメンタリー番組。ナレーターに中井貴一、坂口憲二、向井理を迎え、いろいろな視点から未来を見つめ、世界各地に現在進行形で行動している“挑戦者”たちを紹介している。
ナレーターに中井貴一、坂口憲二、向井理を迎え、いろいろな視点から未来を見つめ、世界各地に現在進行形で行動している“挑戦者”たちを紹介している。今回、ナレーターを務める3人は、NTTドコモ創立20周年を記念するスペシャルドラマに出演する。
今回、ナレーターを務める3人は、NTTドコモ創立20周年を記念するスペシャルドラマに出演する。常に時代の先端をいくNTTドコモが、様々な“夢の扉”を開いて来た実在の人物や団体に着想を得たスペシャルドラマで新たな扉を開く。
常に時代の先端をいくNTTドコモが、様々な“夢の扉”を開いて来た実在の人物や団体に着想を得たスペシャルドラマで新たな扉を開く。オンエアされる懐かしのドコモCMは、これまで作ってきたCMの中から珠玉の名作をセレクト。1992年に放送されたサザンオールスターズ出演のドコモ誕生「誕生替歌篇」や、初お披露目となる新作CMがドラマの間に一夜限りで特別にオンエアされる。広末涼子がハミングしてはしゃいでいるCMも放送予定だ。
広末涼子がハミングしてはしゃいでいるCMも放送予定だ。懐かしのCMを見れば、端末や機種、サービスといったドコモの歴史を堪能することができる。
懐かしのCMを見れば、端末や機種、サービスといったドコモの歴史を堪能することができる。ポケベル世代にとっては「懐かしい」、物心ついた時から携帯電話がある世代にとっては「こんな時代があったの？」と、それぞれの視点でCMを楽しむことができるだろう。
」と、それぞれの視点でCMを楽しむことができるだろう。NTTドコモは、“夢をおいかける人たちを応援する〜KEEP ON DREAMING”をコンセプトとした、2012年夏のキャンペーン「ドコモthanksキャンペーン」を実施中。本キャンペーンのテレビCMには、桑田佳祐の新曲「愛しい人へ捧ぐ歌」が起用され、桑田本人が出演している。この楽曲は、今回のドラマの主題歌としても使用される。
この楽曲は、今回のドラマの主題歌としても使用される。NTT ドコモ20週年スペシャルドラマ『夢への扉特別編「20年後の君へ」』は、7月1日（日）夜9時より全国TBS系で放送。”・NTTドコモ20周年スペシャルドラマ『夢の扉特別編 「20年後の君へ」』 - 公式サイト
”・NTTドコモ20周年スペシャルドラマ『夢の扉特別編 「20年後の君へ」』 - 公式サイト【関連記事】 ・“夢を追う”子供と“夢を諦めさせる”親の気持ち ・桑田佳祐の歌が家族の“夢の扉”を開く
インタビュー：加藤夏希「友達同士もいいけど、できれば恋人同士で観て欲しい」 全米で今春に公開され、観客の想像を完璧なまでに裏切る鮮やかなプロットで映画ファンを騒然とさせた、衝撃のサスペンス・アクション『ミッション：8ミニッツ』。10月28日（金）の日本公開に先駆けて、女優・加藤夏希がいち早く本作を鑑賞した。列車爆破テロの犠牲者の死ぬ8分前の意識に入り込み、爆弾犯を見つけだすまで、何度となく生と死を繰り返す悪夢のミッション。「もし人生が残り8分なら？」との問いかけに、彼女が出した答えとは？
」との問いかけに、彼女が出した答えとは？——まずは本作を観終えて、率直な感想として如何ですか？加藤夏希（以下、加藤）：ストーリーの展開とか先が全然読めないので、主人公スティーヴンスと同じ気持ちで、彼がミッションに選ばれた理由とかを紐解いていく様子を観ながら、あっという間に時間が過ぎた印象がありますね。
加藤夏希（以下、加藤）：ストーリーの展開とか先が全然読めないので、主人公スティーヴンスと同じ気持ちで、彼がミッションに選ばれた理由とかを紐解いていく様子を観ながら、あっという間に時間が過ぎた印象がありますね。——ちなみに普段は、ご自身が出演している作品の他、ジャンルや俳優・監督など、どんな映画を観ますか？加藤：ラブコメが多いですね（笑）。ケイト・ハドソンが好きで、彼女が出る作品は絶対に観ます。作品をじっくり観るというよりも、自分の日常生活の中でその作品が流れて、バックソングになったらなという音楽感覚で観ることが多いですね。
——まず、原題でもある開発中の極秘プログラムによって、スティーヴンスを列車爆破事件の犠牲者の一人であるショーンの死ぬ8分前の意識にリンクさせ、第2の犯行を未然に防ぐという、この奇抜なアイディアについては、どう思いましたか？加藤：SFに近いものもありますけど、あり得なくもなさそうだな、という設定でしたね。日本でも『時をかける少女』とか、タイムスリップものとかワープものがあるので、作品の設定としてすごく面白いし、アリだと思います。でも、実際に「俺、未来を変えるため過去に来たんだよ」とか言われたら、「この人は何を言っているんだろう？」ってなっちゃうし、本当にいたら付き合いにくくなりますよね（笑）。逆に「彼の目の前にいた女性のクリスティーナがその事実を知ったらどうなるんだろう？」と思います。実際に存在するショーンと、その意識に入り込んだスティーヴンスとでは、違う人間ですしね。
実際に存在するショーンと、その意識に入り込んだスティーヴンスとでは、違う人間ですしね。——外見は教師で、中身は軍人ですからね。文系と体育会系みたいな。加藤：スティーヴンスは男性だからなのか、女性だったら絶対に嫌だと思うんですよ。でも、どうだろう？自分よりも綺麗だったら「いいか」ってなるかも（笑）。あと、どんなに8分を繰り返しても、きっとスタートする映像は同じなはずなのに、クリスティーナの動きが徐々に変わっているのが地味に気になりました。多分、何も意識してなかったと思うんですけど、最初の距離感があった態勢から、ちょっとずつ変わっているなと。もちろん、スティーヴンスのとる行動が変わると、クリスティーナの反応も変わるんですけど。
もちろん、スティーヴンスのとる行動が変わると、クリスティーナの反応も変わるんですけど。——自分の選択によって未来が変わるというのは、映画だけでなく現実世界でも言えることですが、わずか8分で爆弾犯を見付けなければいけないという状況に置かれたら、一つのミスが命取りになりますから、責任重大ですよね。加藤：映画として観ている分にはすごく楽しいんですけど、実際に置き換えると怖いですね。でも、自分が事件に巻き込まれて、救ってもらえる側なら嬉しいですね（笑）。
でも、自分が事件に巻き込まれて、救ってもらえる側なら嬉しいですね（笑）。——もし加藤さんがスティーヴンスと同じ立場に置かれて、気が付いたら知らない場所にいて、鏡に写った自分の姿が別人に変わっていたり、8分間のミッションを繰り返すように指示されたら、同じような行動をとると思いますか？加藤：最初は、全然違う行動をとると思いますね。「8分で、どこまで行けるかな？」とか（笑）。
」とか（笑）。——まさかの、逃亡ですか!?加藤：何やってもアリじゃないですか。例えば「ラーメンは同じ味なのかな？」とか、8分で出来る色々なことに挑戦したり（笑）。ただ、現実に戻った時に「もう時間がない！」って怒られて、結局は自分が出来る範囲のことを頑張るとは思います。
スピルバーグが絶賛し、天海祐希と芦田愛菜をも魅了した少年の“魔法” ハリウッドを代表する大ヒットメーカー、スティーブン・スピルバーグとロバート・ゼメキスが、ヒュー・ジャックマンを主演に迎えて贈る、感動のアクション・エンターテイメント巨編『リアル・スティール』。12月9日の全国ロードショーを前に、ヒュー・ジャックマンの息子役を演じた12歳の天才子役ダコタ・ゴヨと、ショーン・レヴィ監督が来日。スピルバーグが「奇跡の子役」と絶賛したダコタは、11月29日のジャパンプレミアと翌30日の記者会見に登場し、女優・天海祐希や人気子役・芦田愛菜をも魅了した。
スピルバーグが「奇跡の子役」と絶賛したダコタは、11月29日のジャパンプレミアと翌30日の記者会見に登場し、女優・天海祐希や人気子役・芦田愛菜をも魅了した。・天海祐希が“奇跡の子役”に「母のような気持ち」 ・芦田愛菜、スピルバーグが認めた天才子役と夢の共演 ダコタ・ゴヨは、7月に公開された映画『マイティ・ソー』で主人公の子供時代を演じて注目を浴び、スピルバーグに「特別な少年」と言わしめた天才子役。本作でダコダが演じた少年マックスは、最愛の母を亡くし、かつて自分たちを捨てた父チャーリーと暮らし始める。チャーリーを言い負かす大人びたしたたかさの下に潜む孤独感、意志を貫く父親譲りの強情さ、そして、ロボットに目を輝かせる子供らしさをも併せ持つ。そんな複雑な心を抱えた難役に挑み、生き生きと体現している。ダコタは、スパイスの効いた軽妙なやり取りからシリアスなぶつかり合いまで、スター俳優ヒュー・ジャックマンと堂々と渡り合い、映画を成功に導く要となる。
ダコタは、スパイスの効いた軽妙なやり取りからシリアスなぶつかり合いまで、スター俳優ヒュー・ジャックマンと堂々と渡り合い、映画を成功に導く要となる。本作のキャスティングで最も困難だったのは、チャーリーの息子、マックスのキャスティングだった。父と息子の関係性に信憑性が感じられなければ、父子の絆を核とするこの映画そのものが成立しなくなってしまう。ヒュー・ジャックマンと対峙でき、スピルバーグが求める「観客を夢中にさせる、才能を超えたマジカルな何かを持った特別な少年」を求めて、数百人ものオーディションが行われた。ある日、トロント郊外の田舎からやって来た10歳のダコタ・ゴヨを一目見るなり、天使のような無垢な表情、魂のこもった存在感にレヴィ監督は驚愕。そして、スピルバーグもまた、この少年の中に求めていたものを認めた。
そして、スピルバーグもまた、この少年の中に求めていたものを認めた。やがて、マックスとATOMとの出会いのシーンから、ダコタの“魔法”の力は明らかになる。雨の降りしきる中、懐中電灯に照らされたロボットATOMの反射光がマックスの顔を照らす。その表情は、詩的な深い感動をシーンにもたらした。
その表情は、詩的な深い感動をシーンにもたらした。レヴィ監督は「それは演出で導き出すことは不可能です。彼には才能と同時に、生まれつき備わった特別な何かがあるんです」と語る。また、撮影中、ダコタと本物の父子のような関係を築き上げたヒュー・ジャックマンも「外交的で楽しい子供さ。でも、本当に彼には驚かされる」と称賛する。レヴィ監督は「この役は間違いなくダコタの人生を変えることになりますよ。」と確信している。
」と確信している。映画『リアル・スティール』は、12月9日（金）より全国ロードショー。MOVIE ENTERの『リアル・スティール』特集ページでは、iPad2が当たるキャンペーンも実施中なので、お見逃し無く。・映画『リアル・スティール』特集ページ - MOVIE ENTER
吉高由里子「ムカつく発言があったとしても、すごくカワイイ」＜2011年インタビューまとめ vol.2＞ ムービーエンターの今年の俳優・女優取材を紹介する「2011年インタビューまとめ」。前回の第1弾では、巨匠オリバー・ストーン監督や、ケータイ刑事の大政絢、岡本あずさ、岡本杏理などについて振り返った。第2弾は、3月から4月にかけてのインタビューをまとめた。今、人気絶頂の女優・吉高由里子や、空手美少女の武田梨奈などのコメントなど人気タレントの私生活の話や貴重な写真などまとめて振り返ろう。
■島田秀平、城田優、椿姫彩菜／『フラッシュフォワード』 ある日突然、全世界の人が同時に意識を失い、その間、半年後の未来を目撃する、という壮大なストーリーを描いた『フラッシュフォワード』。同作品の大ファンという俳優の城田優、お笑い芸人の島田秀平、モデルの椿姫彩菜に、作品の見どころなど、思いのたけを語ってもらった。話が盛り上がり過ぎて、取材予定時間を大きくオーバー。はらはらするマネージャーたちを尻目に話が止まらない3人は「このあと、居酒屋さんで座談会したい！」と。
」と。・島田秀平×城田優×椿姫彩菜「どんどん会話が盛り上がる」（3月11日）
■吉高由里子／『婚前特急』 今や映画にドラマに大活躍の吉高由里子。彼氏は5人の中から“本当の結婚相手”を選ぶという映画『婚前特急』では、体当たりで見事なコメディエンヌぶりを発揮した。自らが演じた主人公・チエについての感想は、「ムカつく発言があったとしても、すごくカワイイ」。・吉高由里子「素直に“愛して”って言えない子」（4月1日）
■武田梨奈／『エンジェル ウォーズ』 5人の少女たちが自由を手に入れるために空想世界でバトルする映画『エンジェル ウォーズ』は、日本のアニメやゲームなどの要素を取り入れてある。誇れる日本文化の一つである「空手」携わる武田梨奈は、どの様な目線でこの作品を観たのか聞いてみた。武田はこの空手の“型”だけではなく“心”も反映されていることを作品の中から読み取っていた。映画の話以外にも「ヌンチャクを持ち歩いている」という衝撃の発言も飛び出した。・武田梨奈「戦う女性は美しい」（4月20日）
■瑛太、松田龍平／『まほろ駅前多田便利軒』 三浦しをん原作の直木賞受賞小説を映像化した映画『まほろ駅前多田便利軒』。便利屋を営むしっかり者のバツイチ・多田啓介を演じた瑛太。そんな多田のもとに転がり込む変わり者の中学時代の同級生・行天春彦を演じた松田龍平。主演の二人揃って、インタビューに答えてくれた。“友達以上、親友未満”という多田と行天の関係について、二人の気持ちを聞いてみた。・瑛太＆松田龍平「ゼロにもマイナスにもならない」（4月23日）
■エル・ファニング／『SOMEWHERE』 海外からは、ソフィア・コッポラ監督作の『SOMEWHERE』で主人公の娘を演じ、圧倒的な存在感をあらわしたエル・ファニングからコメントが届いた。劇中のアイススケートをするシーンは、毎朝5時から学校に行く前に2ヶ月間トレーニングしたそうだ。姉ダコタ・ファニングについての話もしてくれた。
姉ダコタ・ファニングについての話もしてくれた。・エル・ファニング「孤独で精一杯の少女を演じて」（3月22日）
・エル・ファニング「孤独で精一杯の少女を演じて」（3月22日）3、4月は、吉高由里子や瑛太、松田龍平など旬の人物の話を聞くことができた。また、武田梨奈の空手少女ならではの面白エピソードもあった。
また、武田梨奈の空手少女ならではの面白エピソードもあった。次回の5、6月は、アイドルが映画『スカイライン-征服-』をメッタ斬り。怪しい“吸引”ゲームに挑戦している姿も紹介するので、お楽しみに。
【バックナンバー】 ・制服姿の大政絢やナルニアの王子などにも直撃＜2011年インタビューまとめ vol.1＞ 【関連特集】 ・インタビュー・レポート一覧 ・2011年下半期編集部的アワード ・2011年上半期編集部的アワード
今からでも間に合う！知ったふりして映画祭デートに誘う 残すところあと2日となった第24回東京国際映画祭。今までどんなイベントがあったかのおさらいと残りの期間を楽しむ方法をまとめてご紹介しよう。一度も足を運んでない人もこちらの記事を読めば、知ったふりをして、週末デートに恋人候補を誘うことができるぞ。
一度も足を運んでない人もこちらの記事を読めば、知ったふりをして、週末デートに恋人候補を誘うことができるぞ。まずは、これまでのおさらいをしよう。
まずは、これまでのおさらいをしよう。■1日目：22日（土） この日は、恒例のグリーンカーペットとオープニングセレモニーが行われた。この日は天候も思わしくなくグリーンカーペットの中止もささやかれたが、無事に雨も上がり、依田チェアマンの開催宣言で華やかに開幕。ジャッキー・チェンやミラ・ジョヴォヴィッチらの海外スターや、阿部寛や榮倉奈々、岡田将生らの著名俳優・女優陣らが集結。フラガールたちのダンスや飛行船の登場などがそこに華を添えた。イベントで一番注目が集まったのは、やはり女優たちのドレスの競演だろう。
イベントで一番注目が集まったのは、やはり女優たちのドレスの競演だろう。・グリーンカーペットのドレス写真一覧 艶やかな赤や黄色、落ち着いた黒、スカート丈が引きずる程長いもの、透けて肌が見えるシースルーのものなど、多種多様なドレスが緑のじゅうたんを舞った。
・グリーンカーペットのドレス写真一覧 艶やかな赤や黄色、落ち着いた黒、スカート丈が引きずる程長いもの、透けて肌が見えるシースルーのものなど、多種多様なドレスが緑のじゅうたんを舞った。この後、ジョン・カビラと久保純子の司会で、オープニングセレモニーが行われ、オープニング作品に選ばれた映画のゲストが登壇。特別オープニング作品『1911』より代表してジャッキー・チェンが「僕の特別な作品『1911』が特別オープニング作品に選ばれたことを大変光栄に思います。東京国際映画祭が大成功することを願っております」と述べ、公式オープニング作品『三銃士／王妃の首飾りとダ・ヴィンチの飛行船』よりミラ・ジョヴォヴィッチが「日本に戻ってこられて本当に嬉しいけれども、36時間しかいられないことが悲しい」と述べた。
東京国際映画祭が大成功することを願っております」と述べ、公式オープニング作品『三銃士／王妃の首飾りとダ・ヴィンチの飛行船』よりミラ・ジョヴォヴィッチが「日本に戻ってこられて本当に嬉しいけれども、36時間しかいられないことが悲しい」と述べた。1 2 3 4
【DVDエンター！】速い男に群がるセクシー美女「ワイルド・スピード」の“MEGA MAX”な最新作 全世界63ヶ国でナンバーワンを獲得し、シリーズ史上最高の世界興収を記録した、アクションの常識を覆す最強のエンターテイメント『ワイルド・スピード MEGA MAX』。日本では昨年10月に劇場公開され、初登場1位を獲得。シリーズ5作目にして最大のヒットを記録した同作が早くも2月3日、ブルーレイ＆DVDとなって発売されました。
シリーズ5作目にして最大のヒットを記録した同作が早くも2月3日、ブルーレイ＆DVDとなって発売されました。ワイルド・スピード ＭＥＧＡ ＭＡＸ ならず者ドミニクと彼を脱獄させた元捜査官ブライアンは、幾つもの国境を越えて逃亡し、今はブラジルに身を隠していた。永遠の自由を得るため、裏社会の巨額の金を奪う計画を立てた彼らは、世界中に散らばっている敏腕レーサーたちを招集するのだが……。
すべてはココから始まった、初作『ワイルド・スピード』（2001年公開） アメリカLAで夜な夜な行われるストリート・カーレースで、凄腕ドライバーのドミニク（ヴィン・ディーゼル）に、ブライアン（ポール・ウォーカー）が勝負を挑む所から物語が始まります。実はブライアンの正体は潜入捜査官で、ドミニクは多発するトレーラー強奪事件の容疑者。ブライアンとドミニクの妹ミア（ジョーダナ・ブリュースター）とのロマンスも手伝い、やがて、二人の間には友情が生まれ、ブライアンは警察官としての任務か、ドミニクたちとの友情か、選択を迫られます…。
ブライアンとドミニクの妹ミア（ジョーダナ・ブリュースター）とのロマンスも手伝い、やがて、二人の間には友情が生まれ、ブライアンは警察官としての任務か、ドミニクたちとの友情か、選択を迫られます…。“ハチロク”の愛称でお馴染みの「頭文字D」や「湾岸ミッドナイト」などで登場するような日本独自のカスタムカーとはまた異なる、“スポーツコンパクト”と呼ばれるアメリカ仕様のカスタムカーが多数登場。カスタムカーにはお約束のセクシーな美女たちが群がり、車をカスタムする＝女にモテるという、野郎どもの妄想を膨らませる要素も欠かせません。
カスタムカーにはお約束のセクシーな美女たちが群がり、車をカスタムする＝女にモテるという、野郎どもの妄想を膨らませる要素も欠かせません。北川景子も出演、番外編『ワイルド・スピード X3 TOKYO DRIFT』（2006年公開） 時系列では、『ワイルド・スピード MEGA MAX』以降の物語となる同作の舞台は、アメリカから日本の首都・東京へと移り、日本の高校に転校して来たショーン（ルーカス・ブラック）が主人公。これまで行われていた0-400mでの直線勝負や公道レースから、“ドリフト”技術を駆使して、東京・渋谷のスクランブル交差点などを走行するシーンが見所となっています。
これまで行われていた0-400mでの直線勝負や公道レースから、“ドリフト”技術を駆使して、東京・渋谷のスクランブル交差点などを走行するシーンが見所となっています。ショーンの仲間レイコ役で北川景子が出演している他、レース開始を告げるスターターとして妻夫木聡や、ショーンの父親の愛人として真木よう子、港でのドリフト練習シーンで釣り人として“ドリキン”土屋圭一、ロリータ・ファッションの中川翔子など、豪華ゲストがカメオ出演。
ショーンの仲間レイコ役で北川景子が出演している他、レース開始を告げるスターターとして妻夫木聡や、ショーンの父親の愛人として真木よう子、港でのドリフト練習シーンで釣り人として“ドリキン”土屋圭一、ロリータ・ファッションの中川翔子など、豪華ゲストがカメオ出演。学ランが全く似合っていないショーンをはじめ、ショーンのライバル“ドリフトキング”D.K.や、彼の叔父でありヤクザの組長カマタを演じる千葉真一（JJ サニー・チバ）など、アメリカから見た日本文化に対する誤解も多数見受けられます。
史上最速のドリームチーム結成、最新作『ワイルド・スピード MEGA MAX』（2011年公開） 最新作では、オープニングの列車からの高級ビンテージカー強奪にも目を奪われますが、何と言っても見所は、ダッチ・チャージャー2台がワイヤーで巨大金庫を引きずり、街中のあらやるモノを破壊し尽くすクライマックスのカーチェイス。実際にやったら1mmも動かすことが出来ずにリヤバンパーが外れて終わりなのですが、そこには敢えて突っ込まず。過去最高の興収が証明しているように、過去4作品を観ていなくても楽しめることは保証します。
過去最高の興収が証明しているように、過去4作品を観ていなくても楽しめることは保証します。集大成となる本作では、シリーズ全作の主要キャラが総集結し、史上最速のドリームチームを結成しているので、過去4作品を観ていると更に楽しめます。深夜のストリート・レースの場面を挟んで過去ファンも意識しつつ、冒頭のターゲットとなる「フォードGT40」など往年の名車から、排気量や馬力重視の最新アメリカン・マッスルカーまで、あらゆるジャンルの名車たちが登場し、キャストだけでなく、“影の主役”となるカスタムカーのラインナップも見所となっています。
深夜のストリート・レースの場面を挟んで過去ファンも意識しつつ、冒頭のターゲットとなる「フォードGT40」など往年の名車から、排気量や馬力重視の最新アメリカン・マッスルカーまで、あらゆるジャンルの名車たちが登場し、キャストだけでなく、“影の主役”となるカスタムカーのラインナップも見所となっています。そして、早くも次回作『The Fast and the Furious 6（原題）』の製作が決定。最強の「MEGA MAX」メンバーに加えて、新たにジェイソン・ステイサムの出演も予定され、更なるパワーアップを果たします。
最強の「MEGA MAX」メンバーに加えて、新たにジェイソン・ステイサムの出演も予定され、更なるパワーアップを果たします。・『ワイルド・スピード MEGA MAX』ブルーレイ＆DVD特集ページ
具志堅が3D映像初体験に興奮「ヤバイですよ。こっちに来るので目が覚める」 ボクシング元WBA世界ライトフライ級王者の具志堅用高、野球解説者の佐々木主浩、プロレスラーの天山広吉が16日、都内で行われた映画『タイタンの逆襲』（4月21日公開）の公開記念イベントに出席し、トークショーを行った。作品は、神と人間が壮絶な戦いを繰り広げる3Dバトルアクション 。ストーリーにちなみ、スポーツ界の“神”である具志堅ら3人にオファーが届き、異色の組み合わせが実現した。
ストーリーにちなみ、スポーツ界の“神”である具志堅ら3人にオファーが届き、異色の組み合わせが実現した。“世界のカンムリワシ”の高速サイドステップ 3D映像初体験という具志堅は、作品の感想を聞かれると、3Dメガネの重さに言及。「ちょっと重かった」と感想を語った。映画をみると、「だいだい寝ているんですよ」というが、 格闘シーン満載の3D映像に「ヤバイですよ。こっちに来るので目が覚める」と鼻息を荒くし、「映画をちゃんと見れたのは、『ロッキー』以来です。あ、『男はつらいよ』以来だったかな？」と振り返った。高速の刀さばきで人間を襲う戦闘鬼マカイについて聞かれると、「すごく感動したんだけど、私の方が速い」と豪語。実際にマカイと対峙した時に、どう攻撃をかわすのか、シミュレーションしてみせた。“世界のカンムリワシ”の高速サイドステップに、それまで笑いに包まれていた会場が一瞬静まり返る場面も見られた。
“世界のカンムリワシ”の高速サイドステップに、それまで笑いに包まれていた会場が一瞬静まり返る場面も見られた。輪島、ガッツは“神”のような存在 「3人で魔物たちを倒すとしたら、どんな作戦で？」と聞かれると、具志堅は「天山さんをおとりにして、パッと仕掛ける」と提案。それに対し、天山は「具志堅さんに先に行ってもらって、その後にモンゴリアンチョップで仕留める」と互いに“先鋒”を譲り合っていた。
それに対し、天山は「具志堅さんに先に行ってもらって、その後にモンゴリアンチョップで仕留める」と互いに“先鋒”を譲り合っていた。さらに、「自分とっての“神”のような存在は？」との質問に、天山が「アントニオ猪木さん」、佐々木が「長嶋茂雄さん」と答える中、具志堅は「モハメド・アリさんは素晴らしいボクサー。あとは輪島（功一）さん、ガッツ（石松）さん。二人とも適当だけど、最後はピントが合う。やるときは逃げないで最後まで戦い抜く。それはなかなか真似できなかった。上下関係もうるさかったけど、人生経験させてもらった」と厳しい上下関係まで明かした。
上下関係もうるさかったけど、人生経験させてもらった」と厳しい上下関係まで明かした。グー、チョキ、パーの“お約束” これから作品を見る人に向けて、天山は「3Dの迫力がハンパじゃないので、凄まじい戦いを見に来て欲しい」とPR。佐々木は「親子の関係がよかった。こういう出来のいい息子がいいなと思いました」と自虐ネタで笑いを誘い、具志堅は「今まで見た映画で一番迫力があった映画で、ビックリしている。今年一番オススメの映画」と猛プッシュしていた。イベント最後のフォトセッション時には、センターポジションを賭けたジャンケンを行われ、具志堅がパンチの「グー」、佐々木がフォークボールの「チョキ」、天山がチョップの「パー」を出してあいこになる“お約束”まで飛び出し、会場を沸かせていた。
イベント最後のフォトセッション時には、センターポジションを賭けたジャンケンを行われ、具志堅がパンチの「グー」、佐々木がフォークボールの「チョキ」、天山がチョップの「パー」を出してあいこになる“お約束”まで飛び出し、会場を沸かせていた。映画『タイタンの逆襲』は、4月21日（土）から3D／2D同時公開される。
映画『タイタンの逆襲』は、4月21日（土）から3D／2D同時公開される。■関連リンク ・『タイタンの逆襲』公式サイト
■関連リンク ・『タイタンの逆襲』公式サイト■関連記事 ・全長500メートルの巨神と戦う、ド迫力の無料オンラインゲーム登場 ・人類を地獄へと突き落とす、全長500メートルの魔神の姿が明らかに ・最先端3Dで全長500メートル超の魔物たちが大暴れ ・映画『タイタンの逆襲』の予告映像を公開、魔物たちとの壮絶なバトルは必見！
インタビュー：リース・ウィザースプーン「いずれはいい人に巡り合える」 CIAのトップエージェントFDRとタックの最強コンビが1人の美女をめぐって“職権乱用”バトルを繰り広げる、GWデートムービーにぴったりの映画『Black ＆ White/ブラック ＆ ホワイト』（4月28日公開）。本作で、イケメン2人が奪い合う美女ローレンを演じるリース・ウィザースプーンに、女性目線で本作について語ってもらった。
本作で、イケメン2人が奪い合う美女ローレンを演じるリース・ウィザースプーンに、女性目線で本作について語ってもらった。——FDRとタックの恋愛テクニックで、自分もドキッとしてしまうものはありましたか？
——FDRとタックの恋愛テクニックで、自分もドキッとしてしまうものはありましたか？リース・ウィザースプーン（以降、リース）：デートで空中ブランコをするシーンです。あれはすごくロマンチックだと思ったし、私自身、空中ブランコは初めての経験だったのであれはすごく大好きで、素晴らしいと思います。
あれはすごくロマンチックだと思ったし、私自身、空中ブランコは初めての経験だったのであれはすごく大好きで、素晴らしいと思います。——映画全編で繰り広げられるアクションシーンはとても見応えがあり、リースさんのアクションシーンももっと見たいと思いました。ご自身はもっとアクションシーンを演じたいと思いませんでしたか？リース：ぜひともやりたいと思っています。撮影中に、マックG監督に「私にもっと銃を使わせてよ」と常に言ったくらいですが、物語の設定上それは叶いませんでした。
撮影中に、マックG監督に「私にもっと銃を使わせてよ」と常に言ったくらいですが、物語の設定上それは叶いませんでした。実は、娘と私は「ハンガーゲーム」（スーザン・コリンズのシリーズ小説）に、はまっていて、作品の中の“強い女性”というキャラクターがかなりハリウッドの人たちをインスパイアしているので、ああいった作品がこれからもたくさん作られればいいと思っています。
実は、娘と私は「ハンガーゲーム」（スーザン・コリンズのシリーズ小説）に、はまっていて、作品の中の“強い女性”というキャラクターがかなりハリウッドの人たちをインスパイアしているので、ああいった作品がこれからもたくさん作られればいいと思っています。——セクシーなラブシーンもありましたが、撮影の時にアクシデントはありましたか？
——セクシーなラブシーンもありましたが、撮影の時にアクシデントはありましたか？リース：トム・ハーディーとのシーンなんですが、色んな製品を試すというシーンがあって、そこでホースで水を撒いたりして遊んでたんです。その時5インチ（約13cm）のハイヒールを履いていたので、そこで本当に派手に滑って転んでしまいました。
——本作でアクション映画初出演となりますが、オファーを受けた時の感想を教えてください。
——本作でアクション映画初出演となりますが、オファーを受けた時の感想を教えてください。リース：アクション映画は初めての出演でしたが、この作品に関してはかなりコメディの要素が入っているので、そういった意味では自分の領域が入っているから、演じることができたし、楽しむことができました。
リース：アクション映画は初めての出演でしたが、この作品に関してはかなりコメディの要素が入っているので、そういった意味では自分の領域が入っているから、演じることができたし、楽しむことができました。——クリス・パイン、トム・ハーディとのエピソードは何かありますか？リース：トムとのエピソードなんですが、一番最初に彼と撮影したシーンがペイントボール（アメリカ発祥のスポーツ）のシーンなんです。初対面に近く、共演は初めてだったのでまだ2人ともぎこちなかったんですが、実は“ペイントボール”が彼の股間に当たってしまうというシーンは本当にアクシデントで起きてしまって、その時にカメラが回っていたから使われてしまったんです。私があのシーンで大笑いしているのは、実際に私が大笑いしていて、彼のリアクションも実際のリアクションなんです。
私があのシーンで大笑いしているのは、実際に私が大笑いしていて、彼のリアクションも実際のリアクションなんです。——元カレへの思いを引きずりながら、魅力的な2人の男性に惹かれていくローレンですが、彼女の気持ちに共感できるところはありますか？リース：今回、主人公の女性が2人の男性に好かれるという設定なので、やはり女性の観客に好感を持ってもらうのがすごく難しいと思っていました。ただ羨ましいと思われて、「やれ、この女は……」と思われても困ってしまいます。そこで出てきたのは、実際に彼女もすごい辛い経験をしているという点なんです。キャリアウーマンで仕事上はすごくバリバリと仕事をしているんですが、恋愛となると嫌な経験や辛い経験をしていて、自分でもどうして良いか分からない状態になっている。そこが、女性にとってすごく共感してもらえる部分で、好感も同時に持ってもらえるのでそのような設定になっています。だからこそ、このキャラクターは多くの女性に好感を持ってもらえ、共感も得たのだと思っています。
だからこそ、このキャラクターは多くの女性に好感を持ってもらえ、共感も得たのだと思っています。——劇中では独身女性を演じていますが、あのように2人の男性から言い寄られるのは女性にとってどうですか？リース：演じていてすごく楽しかったです。これはどんな女性にとってもファンタジーや夢だと思います。また、笑える映画としてもとても面白いアイデアだと思っていました。“自分がデートしている2人の男性が、本当は親友同士だというのを知らないでデートをしている”という設定が非常に面白いと感じていて、この映画の核だと思います。
“自分がデートしている2人の男性が、本当は親友同士だというのを知らないでデートをしている”という設定が非常に面白いと感じていて、この映画の核だと思います。——日本の独身女性へ恋愛アドバイス、メッセージをお願いします。リース：私自身もデートで苦労したり結婚するまで色々と苦労したりしたので、私なんかが恋愛アドバイスをできるような立場にはないです。ただ、この映画をご覧いただければ、独身女性の苦労が充分描かれていると思います。また、難しいことかも分かりませんが“優しい心”を持つというのが、大切だと思います。なかなか“言うは易し”で、それは出来ないかも
なかなか“言うは易し”で、それは出来ないかもかもしれませんが、心優しい善人であれば、いずれはいい人に巡り会えると思っています。——ローレンではなくリース自身なら、FDRとタックどちらを選びますか？リース：どちらもやはりタイプが違うので、選ぶのは難しいですが、クリスに関しては、どちらかと言えば“ジェームス・ボンド風”なところがあって、女性に対して優しくて女性の扱いが上手い。その反面、トム・ハーディーに関しては、ダニエル・クレイグの演じるジェームズ・ボンドに近くて、ちょっとタフな感じがします。おかしかったのは、撮影中に女性スタッフのみんなが“トム派”と“クリス派”に分かれていたこと。それで、みんなが「どっちを選ぶんだろう？」となっていて、ローレンがどっちを選ぶか知らせていなかったので、「どっちがいいかしらね？」と話し合っていたのがおかしかったです。
」と話し合っていたのがおかしかったです。映画『キューティ・ブロンド』（2001年）で一躍“ラブコメの女王”となったリース。本作でFDRとタックとともに見せるアクションを披露し、新たな一面が見れそうだ。
本作でFDRとタックとともに見せるアクションを披露し、新たな一面が見れそうだ。果たして、ローレンはどちらのイケメンを選ぶのだろうか。
・『Black ＆ White/ブラック ＆ ホワイト』 - 公式サイト・『Black ＆ White/ブラック ＆ ホワイト』 - MOVIE ENTER 特集・Twitter投稿キャンペーン“白黒”iPadをGETせよ！
【2012年先取り映画vol.5】名もなきメイドたちの声を集め、時代を変えた一冊の「ストーリー」 2012年に公開を控える新作映画の中で、MOVIE ENTER編集部オススメの作品を紹介する「2012年先取り映画」。“映画は芸術ハラ”が前回の『青い塩』に続き紹介する作品は、先日発表された「第69回ゴールデン・グローブ賞」にて見事４部門で５ノミネートを果たし、3月31日（土）よりTOHOシネマズシャンテ他で全国公開となる『ヘルプ 〜心がつなぐストーリー〜』です。『ヘルプ 〜心がつなぐストーリー〜』 “ヘルプ”とは、お手伝いをする人のことで、かつてのアメリカ南部では黒人メイドたちのことを意味していた。しかし、自由のない時代に様々な苦しみを抱えて生きるメイドたちこそ、声にできない自分たちの叫びを聞いてくれる誰かの“ヘルプ”を必要としていた。彼女たちの“心の声”は、一冊の本「ヘルプ」として出版された。やがて、その本は、アメリカ南部の小さな街に大騒動を巻き起こす。それは、時代を動かす“変化”の始まりだった…。黒人メイドに肉親以上の愛情を受け、育てられた白人女性 舞台は1960年代のアメリカ南部。かの有名なキング牧師の「I Have a Dream」（私には夢がある）というスピーチでも知られるように、公民権運動が盛り上がる時代の流れに反して、南部では未だ前時代的な人種差別が根深く、公然と続けられていました。物語の主人公である白人女性スキーターは、いつも自分を優しく励ましてくれた黒人メイドの存在に、肉親以上の愛を感じながら育った多感な娘。保守的で古い因習が支配する土地で、進歩的な考えのスキーターは浮いた存在でした。時代を変えたのは、一冊の「ストーリー」だった ライター志望のスキーターは、ジャクソンの町のメイドたちの実態を伝える本を書こうと決意しますが、執筆の道は険しく、社会からの報復を恐れる黒人女性たちは容易に口を開こうとはしませんでした。それでもスキーターの熱意が通じ、メイドの一人エイビリーンが勇気を出してインタビューに応じてくれ、やがてエイビリーンの親友ミニーや多くの黒人メイドたちもそこへ加わります。彼女たちの“心の声”は一冊の本「ヘルプ」として出版され、やがてその本はアメリカ南部の小さな街に大騒動を巻き起こします。それは時代を動かす“変化”の始まりでした…。この物語はきっと、あなたの物語になる スキーターの他にも、黒人メイドとの友情を育む白人女性シーリアを演じるのは、カンヌ映画祭パルムドール（最高賞）作品『ツリー・オブ・ライフ』で演技力と美貌が一躍注目されたジェシカ・チャスティンです。人種差別を題材に、女性たちが主役の本作ですが、多数派の意見に染まらず、自己の価値観で信じた道を貫くスキーターとシーリアの姿は、学校や会社などの組織に身を置く、いまを生きるすべての人に捧げるメッセージとなることでしょう。
人種差別を題材に、女性たちが主役の本作ですが、多数派の意見に染まらず、自己の価値観で信じた道を貫くスキーターとシーリアの姿は、学校や会社などの組織に身を置く、いまを生きるすべての人に捧げるメッセージとなることでしょう。・ヘルプ 〜心がつなぐストーリー〜 - 公式サイト 映画は芸術ハラの総評 【見どころ】黒人メイド専用トイレを設置した白人女性のリーダーが食べた物 【こんな人に観て欲しい】大多数の意見に流されがちな人 【おすすめ度】★★★★★ 映画は芸術ハラの「編集部的映画批評」一覧 ・編集部が新作を紹介『2012年先取り映画』 ・編集部員が個人的に称賛！『2011下半期アワード』 ・編集部が振り返る“心に残った映画”『2011上半期アワード』 ・編集部的映画批評 【2012年先取り映画】 ・vol.1 “時は金なり”という言葉が現実になった世 ・vol.2 こんな料理を作る子に、俺が殺せるか？ ・vol.3 日本で聞いた話を元に生まれた“大きな愛”の物語 ・vol.4 天才ドライバーの不器用すぎる恋
・vol.3 日本で聞いた話を元に生まれた“大きな愛”の物語 ・vol.4 天才ドライバーの不器用すぎる恋■関連記事 ・時代を変えた一冊、『ヘルプ 〜心がつなぐストーリー〜』予告編が解禁
スピルバーグ監督、ブラピ、J・ビーバーらハリウッドスター116人が集結した豪華写真が公開 6月1日、ローマの休日』『ゴッドファーザー』『トップガン』『フォレストガンプ／一期一会』など、数多くの名作と感動を世に贈り出してきたパラマウント ピクチャーズがスタジオ生誕100周年を迎えた。そこで今回、ハリウッドを代表するトップスター116人が集結した前代未聞の豪華な写真が公開された。
そこで今回、ハリウッドを代表するトップスター116人が集結した前代未聞の豪華な写真が公開された。写真撮影に参加したのは、監督陣からスティーブン・スピルバーグ、マーティン・スコセッシ、デビッド・フィンチャー、J.J.エイブラムス。男優は、トム・クルーズ、ブラッド・ピット、レオナルド・ディカプリオ、ハリソン・フォード、ジョージ・クルーニー、ジャック・ニコルソン、ケビン・コスナー、ジャスティン・ビーバー、ショーン・ペン、ロバート・ダウニーJr。女優は、メリル・ストリープ、シャーリーズ・セロン、キャメロン・ディアス、ナタリー・ポートマン、デミ・ムア、ジェーン・フォンダ、バーブラ・ストライザンドといった豪華な顔ぶれが勢揃いした。
女優は、メリル・ストリープ、シャーリーズ・セロン、キャメロン・ディアス、ナタリー・ポートマン、デミ・ムア、ジェーン・フォンダ、バーブラ・ストライザンドといった豪華な顔ぶれが勢揃いした。1月13日、由緒ある撮影スタジオ“ステージ18”で撮影が行われた。往年のスターから今最も旬なスターまで、総勢116人が集結。和気あいあいと撮影は進められ、最後に全員の拍手とともに写真撮影は終了した。
さらに、映画『マダガスカル3』（8月1日公開）の日本語吹き替え版予告映像が公開された。
さらに、映画『マダガスカル3』（8月1日公開）の日本語吹き替え版予告映像が公開された。映像の前半には、写真撮影時の裏側などが盛り込まれている。トム・クルーズとレオナルド・ディカプリオが談笑する姿など、なかなか見ることのできない組み合わせで俳優や監督が交流している様子は、かなり貴重だ。
『マダガスカル3』は、6月8日に全米で公開され、2週連続で全米No.1を記録した人気シリーズの最新作。日本語吹き替え版声優を玉木宏、柳沢慎吾、高島礼子、岡田義徳、おぎやはぎらが担当している。
日本語吹き替え版声優を玉木宏、柳沢慎吾、高島礼子、岡田義徳、おぎやはぎらが担当している。パラマウント ピクチャーズのスタジオ生誕100周年を迎えた今年。全米での勢いをそのままに、日本でも大ヒットが期待される。
全米での勢いをそのままに、日本でも大ヒットが期待される。映画『マダガスカル3』は、8月1日（水）より新宿ピカデリーほか全国ロードショー。
映画『マダガスカル3』は、8月1日（水）より新宿ピカデリーほか全国ロードショー。映画『マダガスカル3』 - 公式サイト
映画『マダガスカル3』 - 公式サイト【関連記事】 ・柳沢慎吾、初参加のカンヌ映画祭でも余裕の発言「ベンもクリスも俺より年下」 ・『マダガスカル3』で声優の続投が決定、柳沢慎吾が“ひとり警視庁24時” ・『マダガスカル』シリーズ待望の最新作は、夏休みファミリー映画の大本命！・MOVIE ENTERのTOPへ
・MOVIE ENTERのTOPへ恋人に会うために脱獄した、一途な“天才犯罪者” もし恋人に突然、別れを告げられたら、あなたはどうするだろうか？それまでに過ごした歳月の密度や、二人の関係性などにもよるので、もちろん簡単に結論は出せない。しかし「失恋の痛手から立ち直るために新たな出会いを探す」「未練を残して復縁を迫る」「時間が忘れさせてくれるのを待つ」など、その後にどのような行動を起こすかによって、その恋人への一途な想いの強さが分かるのではないだろうか。
しかし「失恋の痛手から立ち直るために新たな出会いを探す」「未練を残して復縁を迫る」「時間が忘れさせてくれるのを待つ」など、その後にどのような行動を起こすかによって、その恋人への一途な想いの強さが分かるのではないだろうか。現在アメリカでは、別れを告げた恋人に会うために刑務所から脱獄した、一人の男が注目を集めている。彼の名は、ニール・キャフリー。頭脳明晰で抜群の犯罪テクニックを持ち、詐欺や偽造など数々の知的犯罪で、伝説の頭脳犯として鳴らしてきた天才犯罪者だ。毎週面会に来ていた恋人から突然、別れを告げられたニールは、4年間の刑期終了を目前に控えながらも脱獄を計画。直後から伸ばし続けたヒゲを剃り、別人のごとく看守になりすますと、正面玄関から堂々と塀の外へ。しかし、脱獄をしてまで恋人のアパートに駆けつけた時には、すでに部屋はもぬけの殻で、放心状態のニールは再び逮捕されてしまうのだった。なおも恋人への想いを断ち切れないニールは、自由を得る代わりにFBIへの捜査協力を提案。脱獄の理由である、姿を消した恋人を探すという、本当の目的は告げずに…
脱獄の理由である、姿を消した恋人を探すという、本当の目的は告げずに…2009年よりアメリカで放送されている人気海外ドラマ『ホワイトカラー “知的”犯罪ファイル』が10月5日、遂にDVDとなって日本上陸を果たした。ピープル誌“Sexiest Rising Star of 2009”に選ばれた全米注目のイケメン、マット・ボマーが演じる物語の主人公ニール・キャフリーは、元犯罪者から、現在はFBI捜査コンサルタントへと華麗に転身。天才犯罪者の彼は、歴史・宝石・絵画・彫像・オペラなどの芸術品に造形が深く、鑑定も得意。贋作・偽造ができるほどの腕をもち、暗号を読み解くセンスにも長けている。また、頭脳明晰なだけでなく、端正な顔立ちと青い瞳が魅力のイケメンで、ウィットに富んだトークを武器に鮮やかに人を騙す姿は、もはや芸術の域に達している。
また、頭脳明晰なだけでなく、端正な顔立ちと青い瞳が魅力のイケメンで、ウィットに富んだトークを武器に鮮やかに人を騙す姿は、もはや芸術の域に達している。知的でセクシーな“聡明男子”のニール・キャフリーは、ファッションも一流。NYの老舗帽子ブランド・JJハットセンター（日本未上陸）の帽子をトレードマークに、ポール・スミス、グッチ、カルバン・クラインなど有名ブランドのスーツやジャケットを、筋肉が程よく乗った完璧なボディで、モデルばりに着こなすオシャレ泥棒だ。住まいは、偶然出会った大富豪の未亡人を、持ち前の笑顔と巧みなトークで瞬く間に魅了し、美大生の孫娘も住む豪邸に居候。朝はマンハッタンを見下ろす屋上で新聞とイタリアンローストのコーヒーを片手に優雅なひと時を過ごし、夜はワインもたしなむグルメ男子だ。ゲストルームで趣味のチェスに興じるなど、心憎いほどにゴージャスライフを満喫している。
ゲストルームで趣味のチェスに興じるなど、心憎いほどにゴージャスライフを満喫している。「自分になびかない女性はいない」と自負し、美女を見ると口説かずにはいられないニールだが、一見チャラ男そうに見えて、実は失踪した恋人を想い続ける一途なオトコ。そんな完璧なイケメンのニールを魅了して止まない、恋人のケイトとは一体どんな女性なのだろうか？彼女が突然ニールの前から姿を消した理由は、裏切りか、それとも陰謀か。謎の失踪の裏にはFBIの存在が…。全編を通して恋人失踪に隠された陰謀が徐々に明らかになっていく。シーズン・フィナーレでは、衝撃の結末が待っているので、一話たりとも目が離せない。
シーズン・フィナーレでは、衝撃の結末が待っているので、一話たりとも目が離せない。本国では、今年6月から第3シーズンに突入している『ホワイトカラー “知的”犯罪ファイル』。「オタメシFOX」では現在、第1話がまるごと無料で視聴可能となっているので、まずはそちらをチェックしてもらいたい。
「オタメシFOX」では現在、第1話がまるごと無料で視聴可能となっているので、まずはそちらをチェックしてもらいたい。・『ホワイトカラー “知的”犯罪ファイル』特集ページ - MOVIE ENTER ・『ホワイトカラー “知的”犯罪ファイル』第1話（吹替版） - オタメシFOX
求ム。究極のオトコキャンペーン 主人公ニールのような「究極のオトコ」に変身＋副賞10万円がもらえるキャンペーン。予告編を観るだけで自薦・他薦で応募できる。推薦者にも豪華賞品がもらえるチャンス！応募締め切りは10月12日まで。
応募締め切りは10月12日まで。・求ム。究極のオトコキャンペーン
【編集部的映画批評】4人のイケメンが世界を変える？MOVIE ENTERの新人編集部員であるマサキが、ビビビ！ ときた映画を紹介。今回は、映画『パラダイス・キス』でキザなジョージ役を演じたことでも記憶に新しい、人気急上昇中の向井理にとって初主演となる作品です。
今回は、映画『パラダイス・キス』でキザなジョージ役を演じたことでも記憶に新しい、人気急上昇中の向井理にとって初主演となる作品です。学生の頃、何か思い出に残ることがしたいと思ったことが一度はあるはず。9月23日より公開となる向井理初主演映画『僕たちは世界を変えることができない。But, we wanna build a school in Cambodia.』では、毎日を平凡に過ごしていた学生がボランティアに参加し、成長していく姿が描かれています。
But, we wanna build a school in Cambodia.』では、毎日を平凡に過ごしていた学生がボランティアに参加し、成長していく姿が描かれています。本作の原作は、葉田甲太が自費出版した同名ノンフィクション。葉田氏は、「自分の思いが1割でも入っていればいい」とコメントしていましたが、実際に本作を鑑賞したところ、自分の気持ちが汲み取られており、キャストやスタッフに感謝の気持ちでいっぱいだったそう。
葉田氏は、「自分の思いが1割でも入っていればいい」とコメントしていましたが、実際に本作を鑑賞したところ、自分の気持ちが汲み取られており、キャストやスタッフに感謝の気持ちでいっぱいだったそう。あらすじ主人公・田中甲太は、不満はないけど何か物足りない毎日を過ごす医大生。たまたま見つけた海外支援案内のパンフレットをきっかけに、同じ大学に通う芝山匡史、矢野雅之、合コンで知り合った本田充と“そらまめプロジェクト”を立ち上げる。これは、150万円を集めて寄付し、カンボジアに学校を建てる、というもの。チャリティーイベントを開催し、寄付金を集め始めた4人。ステディツアーと称して、初めて訪れたカンボジアで想像を越える現実を目の当たりにする。果たして、学校を建てることが出来るのだろうか。
果たして、学校を建てることが出来るのだろうか。限りなくドキュメンタリーに近い映画フィクションでありながら、原作に登場する人物が本人役で出演するなど忠実に再現されている部分が多く、映画であることを忘れてしまうことがあります。それもそのはず。
それもそのはず。深作健太監督が特にこだわったのが“ライブ感”。ある時は、手持ちカメラで撮影。またある時は、状況に応じて台詞を変え、アドリブを織り交ぜることもあったそうです。
またある時は、状況に応じて台詞を変え、アドリブを織り交ぜることもあったそうです。また、カンボジアのツールスレン博物館を訪れた時のシーンは、一切リハーサルを行わずにロケを決行。そこは、ポル・ポト政権下で数百万人もの民衆が虐殺されていた時代に収容所だった場所を博物館として一般に公開している場所。拷問部屋跡、独房跡、生々しい写真や絵が展示されており、目を覆いたくなるほどの現実を目の当たりにします。現地で案内をしていたブティは、実際に原作者のガイドを務めた人物であり、当時のことを良く知る人物でもあります。このシーンでの4人のリアクションに注目してみましょう。
このシーンでの4人のリアクションに注目してみましょう。その他のシーンでも、子どもたちの笑顔や決して裕福とは言えない街並みで暮らす人々の笑顔、これらがストレートに映し出されています。
あなたの好みは、どのタイプ？物語の中心となる4人は、見た目もタイプも違うイケメン揃い。『ゲゲゲの女房』で一躍人気となった向井理。『スーパー戦隊シリーズ・侍戦隊シンケンジャー』のシンケンレッド役でデビューを果たした松坂桃李。俳優・柄本明の息子で、舞台・映画・ドラマなど数多くの作品に出演している柄本佑。『チェケラッチョ！in TOKYO』でドラマ初出演&初主演を果たした窪田正孝。彼らの見せる無邪気な笑顔や涙、役を通して成長していく姿に女子なら“胸キュン”でしょう。
彼らの見せる無邪気な笑顔や涙、役を通して成長していく姿に女子なら“胸キュン”でしょう。また、黄川田将也、阿部寛、リリー・フランキーなど個性豊かな顔ぶれが勢揃いし、彼ら4人を引き立てていきます。
また、黄川田将也、阿部寛、リリー・フランキーなど個性豊かな顔ぶれが勢揃いし、彼ら4人を引き立てていきます。まだデビュー間もない向井が出演した「世界ウルルン滞在記」で訪れたのがカンボジアでした。本作の主演に抜擢されたのは何かの縁だったのかもしれないですね。ちなみに、本作を撮り終えた後に同番組のスペシャルで再びカンボジアを訪れています。本作と合わせて観ると、いかに“限りなくドキュメンタリーに近い映画”なのかが分かるはず。
本作と合わせて観ると、いかに“限りなくドキュメンタリーに近い映画”なのかが分かるはず。9月23日（金・祝）より全国公開です。ビビビ！ ときた方はチェックしてみては？
ときた方はチェックしてみては？映画はビビビ！ のマサキの所見評価グッとくる度：★★★★イケメン度：★★★★★学生に戻りたい度：★★★★
のマサキの所見評価グッとくる度：★★★★イケメン度：★★★★★学生に戻りたい度：★★★★一覧を見る・編集部的映画批評・『僕たちは世界を変えることができない。But, we wanna build a school in Cambodia.』 - 公式サイト・『僕たちは世界を変えることができない。But, we wanna build a school in Cambodia.』 - 作品情報
But, we wanna build a school in Cambodia.』 - 作品情報世界ウルルン滞在記 向井理 カンボジア編 2007 ＆2011 ディレクターズカット版【DVD】デビュー間もない向井理が出演した、「世界ウルルン滞在記“カンボジア・命を懸けた畑作りに向井理が出会った”」（2007年2月）と、ホームステイ先のお父さんとの約束を果たすため再び“第2の故郷”と公言するカンボジアへ再訪する「世
世界ウルルン滞在記 向井理 カンボジア編 2007 ＆2011 ディレクターズカット版【DVD】デビュー間もない向井理が出演した、「世界ウルルン滞在記“カンボジア・命を懸けた畑作りに向井理が出会った”」（2007年2月）と、ホームステイ先のお父さんとの約束を果たすため再び“第2の故郷”と公言するカンボジアへ再訪する「世界ウルルン滞在記 みんな元気に！復活スペシャル“カンボジア・地雷原に暮らす家族に…向井理が再び出会えた”」（2011年4月）が収録されている。さらに、未公開シーンや向井の撮り下ろしインタビューが追加されている。
『劇場版 FAIRY TAIL』の一部を原作者が暴露 5月6日、『劇場版 FAIRY TAIL −鳳凰の巫女−』（8月18日公開）の公開を記念して、FAIRY TAIL Webラジオ「魔導士ギルド放送局 やりすぎソーサラー」公開録音イベントが行われた。パーソナリティを務める主人公ナツ役の柿原徹也、ジュビア役の中原麻衣、ゲストとしてルーシィ役の平野綾、ハッピー役の釘宮理恵、原作者の真島ヒロが登場した。
パーソナリティを務める主人公ナツ役の柿原徹也、ジュビア役の中原麻衣、ゲストとしてルーシィ役の平野綾、ハッピー役の釘宮理恵、原作者の真島ヒロが登場した。本作は、週刊少年マガジンの看板作品でテレビアニメの放送が3年目に突入した大人気バトル×ファンタジー「FAIRY TAIL」の初となる映画化作品。炎を自在に操る滅竜魔導士(ドラゴンスレイヤー)のナツ、ナツの相棒で話せて飛べる猫のハッピー、星霊魔導士のルーシィなど、個性豊かなメンバーが集うお騒がせな魔導士ギルド“妖精の尻尾(フェアリーテイル)”の元に、ある日「とある港町に巣食う盗賊団のリーダー・ギースを捕まえてほしい」という依頼が飛び込む。高額の報酬を期待して意気揚々と依頼に乗り出すナツたちだったが、ルーシィのミスから目の前でギースを取り逃がしてしまう。
高額の報酬を期待して意気揚々と依頼に乗り出すナツたちだったが、ルーシィのミスから目の前でギースを取り逃がしてしまう。依頼の失敗に落ち込むルーシィは、その帰り道に、エクレアという謎めいた少女と不思議な鳥モモンに出会う。この出会いをきっかけに、フェアリーテイルに強大な敵、邪悪な陰謀が立ちはだかる。
この出会いをきっかけに、フェアリーテイルに強大な敵、邪悪な陰謀が立ちはだかる。ファンたちの歓声に包まれながら登場したパーソナリティとゲストたちは、それぞれのキャラクターの声について語った。中でも、ルーシィ役の平野の声は真島先生が絶賛したそう。ルーシィは、ファンの目線に一番近い存在として位置付けられており、一番成長が描けるキャラクターであることを明かした。
ルーシィは、ファンの目線に一番近い存在として位置付けられており、一番成長が描けるキャラクターであることを明かした。また、ハッピー役については、釘宮から改めて客観的なキャラクター分析をされたことがきっかけとなり“エドラス編”が生まれたという秘話が飛び出した。現在、放送されている“星空の鍵編”についても、オリジナルストーリーでありながら、自身が原案に関わっていることで、原作には描かれていないそれぞれのキャラクターについて深い部分にも触れているという。
現在、放送されている“星空の鍵編”についても、オリジナルストーリーでありながら、自身が原案に関わっていることで、原作には描かれていないそれぞれのキャラクターについて深い部分にも触れているという。原作者の真島ヒロは、劇場版のビジュアルとして最初に発表されたイラストについて「劇場版の話がきたときに一番最初に思いついたシーン。普段見せないナツとルーシィの2人を見せたかった。絵のタッチもいつもとは違う感じで表現した」と、思いを語った。
絵のタッチもいつもとは違う感じで表現した」と、思いを語った。さらに、劇場版の新キャラクターとなるエクレアとモモンのイメージについて「エクレアは“鳳凰の巫女”なので赤をイメージし、モモンは鳥だけどモモンガです」と、会場の笑いを誘っていた。
さらに、劇場版の新キャラクターとなるエクレアとモモンのイメージについて「エクレアは“鳳凰の巫女”なので赤をイメージし、モモンは鳥だけどモモンガです」と、会場の笑いを誘っていた。最後に、本作では、エルザが手に入れた鎧をどうやって運んでいたのか、異空間にどうやって収納していたのか、どういう原理で換装するのかについて初めて明かされることが発表され、会場が驚きと歓喜の声に包まれた。
最後に、本作では、エルザが手に入れた鎧をどうやって運んでいたのか、異空間にどうやって収納していたのか、どういう原理で換装するのかについて初めて明かされることが発表され、会場が驚きと歓喜の声に包まれた。「いま全力で作っていますが、とてもいい作品になると思います。原作を知らない人でも楽しめるようなエンターテイメントに特化したつくりになっているので楽しみにしていてください！」と、意気込みを語った。
」と、意気込みを語った。裏話が盛りだくさんの本イベントは、ファンにとってたまらない一日となっただろう。
エクレアとの出会いから生まれる切なく美しいストーリーと、大画面を生かしたアクション、映画ならではの壮大なスケールで贈る新たなる“FAIRY TAIL”がついにスクリーンに登場する。
エクレアとの出会いから生まれる切なく美しいストーリーと、大画面を生かしたアクション、映画ならではの壮大なスケールで贈る新たなる“FAIRY TAIL”がついにスクリーンに登場する。『劇場版 FAIRY TAIL −鳳凰の巫女−』は、8月18日（土）より全国公開。
『劇場版 FAIRY TAIL −鳳凰の巫女−』は、8月18日（土）より全国公開。・『劇場版 FAIRY TAIL −鳳凰の巫女−』 - 公式サイト 【MOVIE ENTERおすすめ特集】
・海外ドラマ『スパルタカス』特集 − 紗綾がセクシー甲冑に挑戦する特別企画も！
・『リアル・スティール』ブルーレイ/DVD/オンデマンド特集 - 興奮VS感動 どちらが勝つか！
・『ガール』特集 - 香里奈、麻生久美子ら競演の“女子力のバイブル”
時代を変えた一冊、『ヘルプ 〜心がつなぐストーリー〜』予告編が解禁 この夏、全米で高い評価と口コミで３週連続１位を獲得した、いまを生きるすべての人に贈る、勇気と感動の物語『ヘルプ 〜心がつなぐストーリー〜』（原題：The Help）。女優陣の競演に高い評価を集め、先日発表された「第69回ゴールデン・グローブ賞」では見事４部門で５ノミネートを果たした本作が、2012年3月31日（土）よりTOHOシネマズシャンテ他で全国公開となる。
女優陣の競演に高い評価を集め、先日発表された「第69回ゴールデン・グローブ賞」では見事４部門で５ノミネートを果たした本作が、2012年3月31日（土）よりTOHOシネマズシャンテ他で全国公開となる。“ヘルプ”とは、お手伝いをする人のことで、かつてのアメリカ南部では黒人メイドたちのことを意味していた。しかし、自由のない時代に様々な苦しみを抱えて生きるメイドたちこそ、声にできない自分たちの叫びを聞いてくれる誰かの“ヘルプ”を必要としていた。時代を変えたのは、力強く生きる黒人メイドたちの声を一人の白人女性が紡ぎ出した、一冊の「ストーリー」だった。
時代を変えたのは、力強く生きる黒人メイドたちの声を一人の白人女性が紡ぎ出した、一冊の「ストーリー」だった。白人女性スキーターを演じるのは、2010年に公開された『小悪魔はなぜモテる!?』でゴールデングローブ賞にノミネートされ、来年6月に公開を控える超大作『アメイジング・スパイダーマン』のヒロインに抜擢されたハリウッド注目の若手女優エマ・ストーン。
白人女性スキーターを演じるのは、2010年に公開された『小悪魔はなぜモテる!?』でゴールデングローブ賞にノミネートされ、来年6月に公開を控える超大作『アメイジング・スパイダーマン』のヒロインに抜擢されたハリウッド注目の若手女優エマ・ストーン。黒人メイド、エイビリーンは『ダウト〜あるカトリック教会で』でアカデミー賞助演女優賞にノミネートされた演技派ヴィオラ・デイヴィス。
黒人メイド、エイビリーンは『ダウト〜あるカトリック教会で』でアカデミー賞助演女優賞にノミネートされた演技派ヴィオラ・デイヴィス。エイビリーンの親友ミニー役には2009年エンターテインメント・ウィークリー・オンラインの「ハリウッドの名女優25人」にも選出されたオクタヴィア・スペンサー。さらに、『ツリー・オブ・ライフ』のジェシカ・チャステインら実力派女優が重要な役を演じ、芸達者な名女優たちによる丁々発止のアンサンブル演技を堪能できる、エキサイティングなドラマが誕生した。
さらに、『ツリー・オブ・ライフ』のジェシカ・チャステインら実力派女優が重要な役を演じ、芸達者な名女優たちによる丁々発止のアンサンブル演技を堪能できる、エキサイティングなドラマが誕生した。音楽は、エンディング・タイトル“The Living Proof”を、グラミー賞受賞のメアリー・Ｊ・ブライジが歌っている。
公開に先駆けて、本日より『ヘルプ 〜心がつなぐストーリー〜』の予告編が解禁。数々の映画賞で主演女優や助演女優をはじめ、様々な部門で受賞を勝ち取った本作は現在27受賞、53部門でノミネートを果たし、今後に発表を控えるアカデミー賞でも本命の作品として期待を集めている。
数々の映画賞で主演女優や助演女優をはじめ、様々な部門で受賞を勝ち取った本作は現在27受賞、53部門でノミネートを果たし、今後に発表を控えるアカデミー賞でも本命の作品として期待を集めている。この物語はきっと、あなたの物語になる──。ハリウッド最大の“サプライズ”、ついに日本上陸。
ハリウッド最大の“サプライズ”、ついに日本上陸。ゴールデン・グローブ賞：4部門5ノミネート（2012年1月15日発表） ・作品賞（ドラマ部門） ・主演女優賞（ドラマ部門）：ヴィオラ・デイヴィス ・助演女優賞（ドラマ部門）；ジェシカ・チャステイン、オクタヴィア・スペンサー ・主題歌賞：メアリー・J・ブライジ「The Living Proof」
ゴールデン・グローブ賞：4部門5ノミネート（2012年1月15日発表） ・作品賞（ドラマ部門） ・主演女優賞（ドラマ部門）：ヴィオラ・デイヴィス ・助演女優賞（ドラマ部門）；ジェシカ・チャステイン、オクタヴィア・スペンサー ・主題歌賞：メアリー・J・ブライジ「The Living Proof」・ヘルプ 〜心がつなぐストーリー〜 - 公式サイト
ディズニー生誕110周年記念超大作『ジョン・カーター』の特報が遂に解禁 ウォルト・ディズニー生誕110周年にあたる、2012年。記念すべきこの年に、ディズニー・スタジオの総力を結集した夢の映像プロジェクト、世紀のディズニー・スペクタクル巨編『ジョン・カーター』が誕生する。
記念すべきこの年に、ディズニー・スタジオの総力を結集した夢の映像プロジェクト、世紀のディズニー・スペクタクル巨編『ジョン・カーター』が誕生する。『スター・ウォーズ』や『アバター』に多大なインスピレーションを与えたと言われるエドガー・ライス・バローズの伝説的SF小説を原作に、ディズニー／ピクサー作品『ファインディング・ニモ』『ウォーリー』で全世界を沸かせたアンドリュー・スタントン監督が初の実写映画化に挑んだ。
『スター・ウォーズ』や『アバター』に多大なインスピレーションを与えたと言われるエドガー・ライス・バローズの伝説的SF小説を原作に、ディズニー／ピクサー作品『ファインディング・ニモ』『ウォーリー』で全世界を沸かせたアンドリュー・スタントン監督が初の実写映画化に挑んだ。『ジョン・カーター』は、滅亡の危機に瀕した神秘の惑星“バルスーム”を舞台に、愛する妻と娘を失った地球の男ジョン・カーターの驚異の戦いを描いたファンタジー・アドベンチャー超大作。解禁となった特報では、主人公ジョン・カーターが迷い込んだ未知なる惑星“バルスーム”の想像を超えた世界観や、そこで繰り広げられる壮大で圧倒的なアクションシーンが明らかに。アンドリュー・スタントン監督が長年に渡って実写化を夢見た映像が2012年４月13日、世界を興奮の渦に巻き込む。
アンドリュー・スタントン監督が長年に渡って実写化を夢見た映像が2012年４月13日、世界を興奮の渦に巻き込む。ストーリー 物語の始まりは、1881年のニューヨーク──ジョン・カーターという名の大富豪が謎の失踪を遂げる。愛する妻と娘を失って以来、他人とのつき合いを絶ってきた彼は、唯一心を許していた甥のエドガー・ライス・バローズに一冊の日記を残す。そこに記されていたのは、想像を絶する彼の“体験談”──生きる意味を見失っていたジョン・カーターは、ある不思議な現象によって未知なる惑星“バルスーム”に迷い込む。地球を凌駕する高度な文明を持ったこの星は、全宇宙を支配しつつある“マタイ・シャン”によって滅亡の危機に瀕していた。バルスームの民たちと心を通わせるジョン・カーターだったが、かつて妻と娘を救うことができなかった無力感が、彼らと共に戦うことを躊躇させていた。だが、マタイ・シャンの無慈悲な攻撃にさらされるバルスームの惨状が、彼の中に新たな感情を芽生えさせる。それは、愛する者を二度と失いたくないという強い思い…。
それは、愛する者を二度と失いたくないという強い思い…。■関連記事 ・『スター・ウォーズ』や『アバター』に多大な影響を与えた世紀の大作、注目度No.1俳優が登場
■関連記事 ・『スター・ウォーズ』や『アバター』に多大な影響を与えた世紀の大作、注目度No.1俳優が登場全米で1370万DLを記録、『アベンジャーズ』日本版予告編が遂に解禁 昨日15日、日本のオリジナル・ポスター画像が公開されたばかりの“最強”映画『アベンジャーズ』。本日16日には、今世紀最大のフィルム・プロジェクトとして世界を熱狂させている同作の日本版予告編が遂に公開となった。
本日16日には、今世紀最大のフィルム・プロジェクトとして世界を熱狂させている同作の日本版予告編が遂に公開となった。『アベンジャーズ』とは、空前のスケールで描かれるアクションと奥深い人間ドラマを、ロバート・ダウニーJr.やスカーレット・ヨハンソンをはじめとする超豪華スターの競演により映画化した奇跡のプロジェクト。いち早く2月29日に全米で解禁された予告編は、iTunesにてわずか1日で過去最高の1370万回ダウンロードという新記録を樹立。原作の価格も高騰し、発売当時わずか12セントだった本が、昨年には200万倍以上もの価格で落札されるなど、まさに映画を超えた社会現象を巻き起こしている。
原作の価格も高騰し、発売当時わずか12セントだった本が、昨年には200万倍以上もの価格で落札されるなど、まさに映画を超えた社会現象を巻き起こしている。未知なる敵の侵略で、地球滅亡への危機に追い込まれた時、禁断のプロジェクトが始動。集められたのは世界を救うための究極のチーム“アベンジャーズ”。
集められたのは世界を救うための究極のチーム“アベンジャーズ”。メンバーは、チームプレイは苦手な戦う実業家「アイアンマン」、神々の国を追放された神失格の男「ソー」、世界を救うために戦い続ける超人ソルジャー「キャプテン・アメリカ」、怒りによって巨人に姿を変えてしまう苦悩の科学者「ハルク」、美しすぎる魔性のスパイ「ブラック・ウィドウ」、エリート・エイジェントにして地上最強の射手「ホークアイ」、そしてアベンジャーズを統率する司令官「ニック・フューリー」。このメンバーが一堂に会するシーンは圧巻。
このメンバーが一堂に会するシーンは圧巻。予告編では、意に反して“アベンジャーズ”の一員になった彼らが、それぞれの心の傷に囚われて戦うことを拒み、互いに反発し合う姿が浮き彫りにされ、キャラクター一人一人の“人間”としての苦悩が深く描かれていることが分かる。迫りくる想像を超えた敵を前に、ひとつになるには巨大すぎる力を持った彼らは、果たして、地球を救うのか？それとも、壊すのか…？
それとも、壊すのか…？空前のスケールで描かれるアクションシーンはもちろん、豪華キャストが演じる各キャラクターが、どのような過去や葛藤と立ち向かいながらこの戦いに挑むのかにも注目。
空前のスケールで描かれるアクションシーンはもちろん、豪華キャストが演じる各キャラクターが、どのような過去や葛藤と立ち向かいながらこの戦いに挑むのかにも注目。25日（日）午前9時から正午まで、“ジャパンプレミア”抽選会への参加券（先着300名様）などの特典付きの“1日限定・数量限定”スペシャル前売券を発売。
25日（日）午前9時から正午まで、“ジャパンプレミア”抽選会への参加券（先着300名様）などの特典付きの“1日限定・数量限定”スペシャル前売券を発売。『アベンジャーズ』は、8月17日（金）2D／3Dロードショー。
『アベンジャーズ』は、8月17日（金）2D／3Dロードショー。・映画『キャプテン・アメリカ ザ・ファースト・アベンジャー』特集・アベンジャーズ - 公式サイト
・映画『キャプテン・アメリカ ザ・ファースト・アベンジャー』特集・アベンジャーズ - 公式サイト■関連記事・“最強”が集結、『アベンジャーズ』ポスター画像が世界初解禁・最強映画『アベンジャーズ』、“1日限定・数量限定”スペシャル前売券を発売・ネットで話題騒然、『キャプテン・アメリカ』の衝撃的な本編シーンを公開・歴代アメコミ・ヒーローを徹底比較！原点ヒーロー“キャプテン・アメリカ”の実力を測る・アメリカ人の強烈な愛国心、ロサンゼルスにマーベル・ヒーローたちが大集結！
映画『ベルセルク』の第2部、第3部の情報が解禁 2012年2月4日公開の『ベルセルク 黄金時代篇I 覇王の卵』に続く、第2部と第3部のサブタイトルとその内容が公開となった。もともとこの黄金時代篇は、大長編1本を想定して進んでいたプロジェクトだったが世界観を描ききるため、コンテを切る段階で長編三部作へと膨らんでいった。第1部1,114カット、第2部1,257カット、第3部1,591カット、全篇総カット数3,962カットという大ボリュームとなり、3部作に分けて公開されることとなったのだ。
第1部1,114カット、第2部1,257カット、第3部1,591カット、全篇総カット数3,962カットという大ボリュームとなり、3部作に分けて公開されることとなったのだ。今回、発表された第2部と3部のサブタイトルと内容は次の通りだ。『ベルセルク 黄金時代篇II ドルドレイ攻略』（2012年6月公開）鷹の団の一大任務、ドルドレイ要塞攻略を中心に描く、一大戦争絵巻。グリフィスの夢に取り込まれる自分に気づき、対等の友となるため鷹の団を離れる決意をするガッツ。同時に、ミッドランド王国より鷹の団に、難攻不落のドルドレイ要塞の攻略を託される。ミッドランド王国正規軍として栄光を手に入れたかに見えた鷹の団。だが、全ては破滅への序章にすぎなかった——。
だが、全ては破滅への序章にすぎなかった——。『ベルセルク 黄金時代篇III 降臨』（2012年公開）黄金時代篇3部作完結篇にして、物語は一気にダークファンタジーの深淵へ。ガッツたち鷹の団による救出も虚しく、夢を追う術を奪われ全てを失ってしまったグリフィス。そのとき、覇王の卵・ベヘリットがグリフィスの心の叫びに共鳴し、血の涙を流す。異界の門は開かれ、大いなる恐怖「蝕」が始まるのだった。
異界の門は開かれ、大いなる恐怖「蝕」が始まるのだった。連作の劇場版アニメは珍しくないが、各1時間未満の中編であることが多い。『ベルセルク 黄金時代篇』は、第1部が約80分、第2部が約100分、第3部に至っては約110分余りの長編。また二部と三部も2012年内公開という、1年で3本の完全新作長編劇場作品が公開されることは、史上初の試み。2012年はまさに、ベルセルクイヤーとなるだろう。『ベルセルク 黄金時代篇I 覇王の卵』は、2012年2月4日、全国ロードショー。
【MOVIE ENTERおすすめ記事】 ・【いちおう妖ヶ劇場】第1話：お嬢様が妖怪アパートへ用かい？の巻 ・坂下千里子、イケメン俳優のキスにメロメロ ・キャストの職業、名前、恋愛やケンカ、すべてが“リアル”なドラマ ・「イナズマイレブンGO」が『ハッピーフィート2』をPR、CMで奇跡のコラボが実現
の巻 ・坂下千里子、イケメン俳優のキスにメロメロ ・キャストの職業、名前、恋愛やケンカ、すべてが“リアル”なドラマ ・「イナズマイレブンGO」が『ハッピーフィート2』をPR、CMで奇跡のコラボが実現映画『るろうに剣心』、主人公のライバル役に江口洋介、吉川晃司、香川照之 大人気刺客マンガ「るろうに剣心」の実写映画化が決定し、主要キャストに続き、ついに剣心のライバルとなる斎藤一、鵜堂刃衛、武田観柳のキャストが発表された。維新時代に新政府の人斬りである剣心と対峙する旧幕府軍・新撰組三番隊組長、斎藤一役は、江口洋介が演じる。斎藤は、経験から相手の本質を見抜く想像力・洞察力に優れており、維新後は明治政府の警察官となるが、剣心たちとは決して相容れない孤高のダーク・ヒーローだ。実力派俳優として幅広く活躍する江口は、どう演じるのだろうか。己の欲望を満たすために金で人斬りを請け負っていた浮浪（はぐれ）人斬り・鵜堂刃衛役は、ミュージシャンだけでなく映画『必死剣 鳥刺し』など役者としても活躍の場を広げる吉川晃司。ただの殺人鬼ではなく独自の殺しの美学を持つなど、剣心とは対照的な最凶キャラクターを演じる。悪の親玉・武田観柳役は、『龍馬伝』から引き続き大友組への参加が決まった香川照之。原作のもっている冷徹で不気味なキャラクターをどう演じるのか、香川版観柳への期待も高まる。また、観柳邸でのガトリングガンを使用したアクションシーンが実写でどう表現されているかも、大きな見所の一つだ。今回、発表されたキャストからのコメントに加え、主演を務める佐藤健から新たなコメントが届いている。
今回、発表されたキャストからのコメントに加え、主演を務める佐藤健から新たなコメントが届いている。斉藤一役：江口洋介 江戸時代の頃、侍は刀を魂と信じて生きていた。それが明治になり国から魂である刀を奪われた。そんな人間達が明治という時代をどう生き抜いていくのかが、この作品には詰まっている。「るろうに剣心」を通して日本人が生きてきたルーツみたいなものを少しでもスクリーンの中から感じとってもらえればと思う。
「るろうに剣心」を通して日本人が生きてきたルーツみたいなものを少しでもスクリーンの中から感じとってもらえればと思う。原作からのメッセージを大友啓史監督はしかと受け止め、キャスト、スタッフは一丸となって監督の熱意に応え、着実に撮影し続けている。今まで経験したことのない大友監督の撮影方法に新たな可能性を感じ、僕自身どう仕上がるのかが今から楽しみでいます。きっと今までにないエンターテイメントをご披露できるのではないかと思いますので、ご期待ください。
きっと今までにないエンターテイメントをご披露できるのではないかと思いますので、ご期待ください。鵜堂刃衛役：吉川晃司 敵味方の分別を忘れ、ただひたすらに斬りまくるは、己に相応しい死に場所を得る為か。その纏う寂しさに“ゾクッ”とさせられながら演じられる幸せ。奇々怪々です！
奇々怪々です！武田観柳：香川照之 僕は１年間大河ドラマで大友監督とご一緒させていただいたので、楽しく撮影に入っています。監督からは「新しい悪、ただの悪ではないもの」を目指すと言われて、役作りと同時に、色々な小道具だったり、メイクだったり、髪の毛だったり、衣裳だったり、外見の造作には非常にこだわっています。観柳は自由勝手に生きた人なので、僕も作品の中で自由に振る舞えればいいなと思っています。
緋村剣心役：佐藤健 僕は今、殺陣の練習をしています。ハードルがものすごく高いことはわかっています。しかし、みなさんに認めていただけるような実写映画がこのチームなら作れるんじゃないかと思っています。今までこの作品製作に携わってきた全ての方々、そして原作のファンの方の想いを胸に、心して挑みます。もしよろしければ、応援のほどよろしくお願い致します。
もしよろしければ、応援のほどよろしくお願い致します。今夏にクランクインし、撮影は順調に進んでおり、11月にクランクアップする予定とのこと。佐藤健、武井咲、蒼井優の発表に続き、本格派俳優の江口洋介、吉川晃司、香川照之らのキャスティングが明らかになった本作。TwitterやFacebookで撮影の様子が掲載され、原作ファン、キャストのファンからのコメントが日々寄せられている。
TwitterやFacebookで撮影の様子が掲載され、原作ファン、キャストのファンからのコメントが日々寄せられている。今年、テレビアニメ化15周年を記念してOVA・劇場版のBlu-ray化や新作アニメの制作が決定するなど、人気が衰えない『るろうに剣心』。果たして、次はどんなサプライズを用意しているのだろうか。
果たして、次はどんなサプライズを用意しているのだろうか。映画『るろうに剣心- 明治剣客浪漫譚 -』は、2012年夏より公開。・映画『るろうに剣心- 明治剣客浪漫譚 -』 - 公式twitter ・映画『るろうに剣心- 明治剣客浪漫譚 -』 - 公式Facebook
・映画『るろうに剣心- 明治剣客浪漫譚 -』 - 公式twitter ・映画『るろうに剣心- 明治剣客浪漫譚 -』 - 公式Facebook【るろうに剣心関連ニュース】 ・映画『るろうに剣心』、「相楽左之助」「明神弥彦」「高荷恵」の配役が決定
【るろうに剣心関連ニュース】 ・映画『るろうに剣心』、「相楽左之助」「明神弥彦」「高荷恵」の配役が決定・実写映画『るろうに剣心』のヒロイン決定！ 神谷薫役は武井咲に!!「無邪気な顔だが根性が据わっている」
神谷薫役は武井咲に!!「無邪気な顔だが根性が据わっている」・「るろうに剣心」が主演・佐藤健で実写映画化！「龍馬伝」コンビが人気作に挑む！
目指せ長澤まさみ！ 東宝シンデレラ4人が短編DVDで初主演長澤まさみらを輩出した「東宝シンデレラオーディション」の受賞者、上白石萌歌（11）、上白石萌音（13）、浜辺美波（11）、小川涼（11）が主演を務めるショートムービー「空色物語」シリーズ4作品が、2012年3月23日にDVDで発売される。同作品の発売を記念し、29日、TOHOシネマズ六本木ヒルズで上白石ら4人と三木孝浩監督が舞台挨拶を行った。
同作品の発売を記念し、29日、TOHOシネマズ六本木ヒルズで上白石ら4人と三木孝浩監督が舞台挨拶を行った。今回発売されるのは、『上白石萌歌 〜虹とシマウマ〜』『上白石萌音 〜ニケとかたつむり〜』『浜辺美波 〜アリと恋文〜』『小川涼 〜王様と羊〜』の4つのショートストーリー。『ソラニン』を手掛けた三木監督が、学校などを舞台に学生生活のひとコマを、みずみずしい映像で描いている。
『ソラニン』を手掛けた三木監督が、学校などを舞台に学生生活のひとコマを、みずみずしい映像で描いている。第7回東宝シンデレラオーディションでグランプリを受賞した上白石萌歌は、「初めての主演だったので、戸惑いもあったが、次第にほぐれて、楽しくできました」と感想を語った。自身の演技については、「これからの課題が見つかった。今回の反省点を次に生かしていきたい」と“金の卵”としての片鱗を見せていた。
今回の反省点を次に生かしていきたい」と“金の卵”としての片鱗を見せていた。目標とする女優は、同じ事務所に所属する長澤まさみ。「長澤まさみさんのような、おひさまのようにみんなを元気にできる女優になりたい」と夢を語った。
「長澤まさみさんのような、おひさまのようにみんなを元気にできる女優になりたい」と夢を語った。ニュージェネレーション賞を受賞した浜辺美波は、「画面に私の顔がアップになって、夢のようだった」と感想を語り、「明るくて、裏表が無くて、やさしい女優になりたい」と将来の目標を発表。「裏表がなくて」という大人びた表現に、会場から笑いが起こっていた。
「裏表がなくて」という大人びた表現に、会場から笑いが起こっていた。三木監督は「芝居が固まっていない女優を映像に収めるのは楽しかった」と撮影を振り返った。撮影前に4人にインタビューを行い、それぞれのキャラクターに合わせた脚本を用意したという。各ストーリーは以下の通り。
各ストーリーは以下の通り。●虹とシマウマつかみどころのない少女・小林マコ（上白石萌歌）は幼馴染の悠未とケンカ中。ふたりは仲直りをするために、虹のふもとを探しに出かける。
●ニケとかたつむりバレエが得意なニケ（上白石萌音）は、美術部のともだちに頼まれてモデルをすることに。そこに不思議な少年が現れて、月の光の中でニケは素敵な体験をする。
●アリと恋文文香（浜辺美波）が書いたラブレターを相手に渡すと、両想いになれるという伝説を聞いた意外な依頼者が現れる。
●王様と羊空と宇宙の境界線を見たいと言い出した奈々（小川涼）のために、ともだちの壮太はなんとかしようと頑張る。
また、4人は、カルピスのホット果汁飲料「ほっとシリーズ」の交通広告に起用されることも決定しており、11月30日から、東京・名古屋・大阪・福岡のJR・私鉄各線で、ポスターが掲出される予定。さらに、12月17日、18日には、東京・新宿ステーションスクエアで、4人が「ほっとレモン」を配るサンプリングイベントも実施予定だ。
さらに、12月17日、18日には、東京・新宿ステーションスクエアで、4人が「ほっとレモン」を配るサンプリングイベントも実施予定だ。4人の笑顔に癒されてみたいなら、参加してみては？
■作品情報『上白石萌歌 〜虹とシマウマ〜』 『上白石萌音 〜ニケとかたつむり〜』 『浜辺美波 〜アリと恋文〜』 『小川涼 〜王様と羊〜』2012年3月23日(金) DVD発売 各2940円（税込）
■作品情報『上白石萌歌 〜虹とシマウマ〜』 『上白石萌音 〜ニケとかたつむり〜』 『浜辺美波 〜アリと恋文〜』 『小川涼 〜王様と羊〜』2012年3月23日(金) DVD発売 各2940円（税込）■関連リンク・カルピス「ほっとシリーズ」公式サイト
阿部寛と上戸彩共演の『テルマエ・ロマエ』が4日で興収8億超え 5月のゴールデンウィーク真っ只中、連休中の劇場来場者を獲得せんと大型映画がしのぎをけずっている。先週末の観客動員ランキングは次のようになっている。1位『テルマエ・ロマエ』（1週目）2位『映画 名探偵コナン 11人目のストライカー』（3週目）3位『仮面ライダー×スーパー戦隊 スーパーヒーロー大戦』（2週目）もっと詳しくランキングを見る 阿部寛と上戸彩共演の『テルマエ・ロマエ』が初登場首位を獲得。古代ローマ帝国の浴場設計技師が、現代日本にタイムスリップしてしまったことから起こる奇想天外な物語を描き、マンガ大賞＆手塚治虫文化賞短編賞を史上初のW受賞したヤマザキマリによる人気コミックを映画化したもの。主人公役の阿部をはじめ、市村正親、北村一輝、宍戸開ら日本屈指の顔の濃い役者陣がローマ人役を熱演している。全国304スクリーンで公開され、土日2日間成績は動員32万5690人、興収4億3255万2300円。映画サービスデイとなった5月1日(火)までの公開4日間で、すでに動員70万人、興収8億円を超えており、興収30億円突破に向けヒットスタートを切った。
映画サービスデイとなった5月1日(火)までの公開4日間で、すでに動員70万人、興収8億円を超えており、興収30億円突破に向けヒットスタートを切った。5位には『わが母の記』が初登場。文豪・井上靖の自伝的小説を、「クライマーズ・ハイ」などの原田眞人監督が映画化。父親が亡くなり、疎遠だった老いた母親の面倒をみることになった主人公が、妻や娘たちに支えられ、自身の幼い頃の記憶と母の想いに向き合っていく姿を描いた家族ドラマ。役所広司、樹木希林、宮崎あおいが出演。全国223スクリーンで公開され、土日成績は動員10万8720人、興収1億1859万9200円をあげた。
全国223スクリーンで公開され、土日成績は動員10万8720人、興収1億1859万9200円をあげた。また10位には『HOME 愛しの座敷わらし』がランクイン。全国228スクリーンで公開され、土日2日間成績は動員4万5537人、興収5437万2400円。「明日の記憶」などの作家・荻原浩の小説を、監督・和泉聖治×主演・水谷豊の「相棒」シリーズコンビで映画化。東京から岩手県の片田舎にある古民家に引っ越した一家が、座敷わらしとの出会いを機に家族の絆を取り戻していく。
東京から岩手県の片田舎にある古民家に引っ越した一家が、座敷わらしとの出会いを機に家族の絆を取り戻していく。邦画が優勢のようではあるが、洋画も負けていない。ユニバーサル映画100周年記念作品の『バトルシップ』、大ヒットアクション大作の続編『タイタンの逆襲』、男女共に楽しめるデートムービー『Black ＆ White／ブラック＆ホワイト』など強力なラインナップが公開中。この連休中にランキングはどう動くのだろうか。
この連休中にランキングはどう動くのだろうか。・観客動員ランキング（4月第5週） ・公開映画一覧
黒木メイサ、新CM発表会をネット生中継＆新コラボPV解禁 1月28日より全国ロードショーとなる映画『麒麟の翼〜劇場版・新参者〜』に出演する、黒木メイサ。現在、SEIKO「ルキア」のイメージキャラクターとして同CMに出演し、CMソング「Woman's Worth」を歌う彼女が、本日11月30日19時40分頃より、「Woman's Worth」と同じく12月7日に発売するニューシングル「Breeze Out」のミュージックビデオとコラボレーションした、SUBARUの新型車「BRZ」の新CM発表会を自身のオフィシャルフェイスブックとUSTREAMにて生中継する。ファンの間では既に話題沸騰中で、本日「第42回東京モーターショー2011」でワールドプレミアを迎え、世界初登場となったSUBARUの新生代BOXERを搭載した「BRZ」が、新木場STUDIO COASTを舞台にしたスペシャルなクラブ空間に出現。黒木メイサが登場するCM発表会の場で初めて、「Breeze Out」のミュージックビデオと共に、その全貌が明かされる。
黒木メイサが登場するCM発表会の場で初めて、「Breeze Out」のミュージックビデオと共に、その全貌が明かされる。同日22時からはオフィシャルホームページにて「Breeze Out」のミュージックビデオの24時間限定フル視聴をスタート。12月1日からは着ムービーの配信がスタートする。
12月1日からは着ムービーの配信がスタートする。・Meisa Kuroki (Official) - Facebook ・SUBARU BOXER Presents Exhaust Note RE-MIX NIGHT - USTREAM
【終了しました】サッカー強豪国ドイツの知られざる真実とは？ 『コッホ先生と僕らの革命』試写会にご招待 7月27日よりロンドン・オリンピックが開幕し、世界中がスポーツに関心を寄せる中、ドイツ・サッカーの起源を題材にした映画『コッホ先生と僕等の革命』が9月15日より公開される。本作は、ドイツ・サッカーの父として今なお語り継がれている、コンラート・コッホの実話を描いた作品。物語の舞台は、第一次大戦前の帝国主義ドイツ。反英感情高まる中、イギリス生まれのサッカーは“反社会的”なものとされていた。そんな中、名門校にイギリスからドイツ初の英語教師コンラート・コッホが赴任してきた。生徒たちのイギリス＝英語に対する強い偏見を払拭するため、コッホは授業にサッカーを取り入れる。子供たちは戸惑いながらも、どんどんサッカーの虜になっていく。しかし、コッホのその型破りな授業は、慣習を重んじる大人たちを敵に回すこととなる。しかし、そんな大人たちに対し、それまで意思を持つことを許されなかった子供たちが自ら立ち上がる。
しかし、そんな大人たちに対し、それまで意思を持つことを許されなかった子供たちが自ら立ち上がる。1870年代初頭、当時のドイツにとって一般的なスポーツといえば“体操”。スポーツにおける勝利という概念は、不道徳であり、不名誉なものと考えられ、勝ち負けのない“体操”が好まれていたという。フランスとの普仏戦争に勝利したドイツは、反英感情が一気に高まり、イギリス生まれのサッカーは“反社会的なスポーツ”とされていた
